"Step Id","Warnings","Rich Type","State","resource","type","addStep","addPost","Tier 1","Tier 2","Tier 3","Tier 4"
"7b76cadc-21ce-4c7c-8d31-3d5b8d2be0c1","","folder-normal","work-in-progress","","step","TRUE","FALSE","Civil"
"ed89ab51-d751-46a0-992f-5b311f0704d5","","folder-normal","work-in-progress","","step","TRUE","FALSE","Civil","Site"
"027cb6a4-0a01-4741-a1ac-e2ea42ab9147","","folder-normal","work-in-progress","","step","TRUE","FALSE","Civil","Site","Sheet 1"
"f923ed02-f438-44e7-b119-b3f77f1e9361","","checklist-flat","work-in-progress","Stormwater BG   (13/08/2020)","checklist-flat","FALSE","FALSE","Civil","Site","Sheet 1","Overall Floor Plan"
"9799d020-278e-47a7-8f2a-f71d5fe2514e","","checklist-flat","work-in-progress","Preform","checklist-flat","FALSE","FALSE","Civil","Site","Sheet 1","Pit 28"
"48d6f0bc-cb41-4c92-8524-0f92d43e4264","","checklist-flat","work-in-progress","Preform","checklist-flat","FALSE","FALSE","Civil","Site","Sheet 1","Pit 29"
"121c4b13-7667-4485-acbc-4cd76f27f16e","","checklist-flat","work-in-progress","Preform","checklist-flat","FALSE","FALSE","Civil","Site","Sheet 1","Pit 30"
"c263083a-3fd9-4be6-b3a3-d7b8d3797f06","","checklist-flat","work-in-progress","Preform","checklist-flat","FALSE","FALSE","Civil","Site","Sheet 1","Pit 31"
"f1718113-b298-41d6-af25-a60bc000cace","","checklist-flat","not-started","Preform","checklist-flat","FALSE","FALSE","Civil","Site","Sheet 1","Pit 32"
"74323666-ab5f-4f82-9321-cb6319a1b35f","","checklist-flat","work-in-progress","Preform","checklist-flat","FALSE","FALSE","Civil","Site","Sheet 1","Pit 33"
"4682c85d-e12c-4e4d-8061-24a2bd64916f","","checklist-flat","work-in-progress","Preform","checklist-flat","FALSE","FALSE","Civil","Site","Sheet 1","Pit 34"
"532636bd-8010-4a5e-a950-68571893b4f6","","checklist-flat","not-started","Preform","checklist-flat","FALSE","FALSE","Civil","Site","Sheet 1","Pit 35"
"87e766d0-97ab-4324-9058-547cc3dd6c6e","","checklist-flat","work-in-progress","Preform","checklist-flat","FALSE","FALSE","Civil","Site","Sheet 1","Pit 36"
"7530ff9e-32a2-4f85-8ec5-cc486ac861ab","","checklist-flat","work-in-progress","Preform","checklist-flat","FALSE","FALSE","Civil","Site","Sheet 1","Pit 37"
"d099556a-f005-45d2-9db6-dbd3f74aa099","","checklist-flat","not-started","Preform","checklist-flat","FALSE","FALSE","Civil","Site","Sheet 1","Pit 38"
"e91b6883-833f-4b45-a6a9-04749af0d95c","","checklist-flat","work-in-progress","Preform","checklist-flat","FALSE","FALSE","Civil","Site","Sheet 1","Pit 39"
"afdec988-b18c-481f-8d1e-387acd444d49","","checklist-flat","work-in-progress","Preform","checklist-flat","FALSE","FALSE","Civil","Site","Sheet 1","Pit 40"
"636eef67-4acf-4639-a19a-15d1e8d0ecc3","","checklist-flat","work-in-progress","Preform","checklist-flat","FALSE","FALSE","Civil","Site","Sheet 1","Pit 41"
"ac199493-be66-4eb8-8eb5-61c682b05bbb","","checklist-flat","work-in-progress","Preform","checklist-flat","FALSE","FALSE","Civil","Site","Sheet 1","Pit 42"
"d40c4727-d0d2-41fa-b104-2dda3a0e5a7d","","checklist-flat","work-in-progress","Preform","checklist-flat","FALSE","FALSE","Civil","Site","Sheet 1","Pit 43"
"55a7ae33-5cb7-4895-a629-ed17d6519ef1","","checklist-flat","work-in-progress","Preform","checklist-flat","FALSE","FALSE","Civil","Site","Sheet 1","Pit 44"
"cd14ebb2-ea32-4426-9093-03ff3d06fc67","","checklist-flat","not-started","Preform","checklist-flat","FALSE","FALSE","Civil","Site","Sheet 1","Pit 45"
"38cabaec-56c1-46ca-87ea-7f7fe94405b4","","checklist-flat","not-started","Trench Grate","checklist-flat","FALSE","FALSE","Civil","Site","Sheet 1","Trench Grate 1"
"948c7599-409f-4353-8d1e-b2118b92789d","","checklist-flat","not-started","Trench Grate","checklist-flat","FALSE","FALSE","Civil","Site","Sheet 1","Trench Grate 2"
"d9bf7e8f-a4a1-464e-8ff9-839db0404ee1","","checklist-flat","work-in-progress","Preform","checklist-flat","FALSE","FALSE","Civil","Site","Sheet 1","Pit 46"
"1a561de5-a2a5-4776-a920-7780c703728a","","checklist-flat","work-in-progress","Preform","checklist-flat","FALSE","FALSE","Civil","Site","Sheet 1","Pit 47"
"bd802389-d076-4943-9eda-6ec75f856f44","","checklist-flat","work-in-progress","Preform","checklist-flat","FALSE","FALSE","Civil","Site","Sheet 1","Pit 48"
"01fdc517-a01d-4017-a9ee-efc22b7ef072","","checklist-flat","work-in-progress","Preform","checklist-flat","FALSE","FALSE","Civil","Site","Sheet 1","Pit 49"
"c5304cb7-864a-406b-b88e-a574f298cde6","","checklist-flat","work-in-progress","Preform","checklist-flat","FALSE","FALSE","Civil","Site","Sheet 1","Pit 50"
"df999610-29b3-49ce-9b6e-668d03c27060","","checklist-flat","work-in-progress","Preform","checklist-flat","FALSE","FALSE","Civil","Site","Sheet 1","Pit 51"
"063c4027-2cc2-45f9-8f73-2f965ff5e1a5","","checklist-flat","not-started","Preform","checklist-flat","FALSE","FALSE","Civil","Site","Sheet 1","Pit 52"
"22f7958f-e60d-4b15-8918-7c0b6521c19c","","checklist-flat","work-in-progress","Preform","checklist-flat","FALSE","FALSE","Civil","Site","Sheet 1","Pit 28a"
"cd6d8360-184e-4990-b4b9-a6cc5b5f07d9","","folder-normal","work-in-progress","","step","TRUE","FALSE","Civil","Site","Sheet 2"
"732128c6-80b8-4ea2-b576-7f30b7a0fc5a","","checklist-flat","work-in-progress","Stormwater BG   (13/08/2020)","checklist-flat","FALSE","FALSE","Civil","Site","Sheet 2","Overall Floor Plan"
"1b515166-2e5e-4aff-9069-8c403201feb6","","checklist-flat","work-in-progress","Preform","checklist-flat","FALSE","FALSE","Civil","Site","Sheet 2","Pit 1"
"4d3762b7-fb7a-4f2f-ab00-5ee760aa5931","","checklist-flat","work-in-progress","Preform","checklist-flat","FALSE","FALSE","Civil","Site","Sheet 2","Pit 2"
"b574bcfe-38f4-4eb6-bac8-188b1fa023ba","","checklist-flat","not-started","Preform","checklist-flat","FALSE","FALSE","Civil","Site","Sheet 2","Pit 3"
"636dc49b-7c10-4da2-b192-489f5be16104","","checklist-flat","not-started","Preform","checklist-flat","FALSE","FALSE","Civil","Site","Sheet 2","Pit 4"
"70c9f114-ee61-4975-8b73-28254a8e4182","","checklist-flat","not-started","Preform","checklist-flat","FALSE","FALSE","Civil","Site","Sheet 2","Pit 5"
"71aeb70f-87d7-4f0f-8427-b3f277bbde8e","","checklist-flat","pass","Preform","checklist-flat","FALSE","FALSE","Civil","Site","Sheet 2","Pit 6"
"d7d34053-602c-4e41-a9f1-ef17b90c090c","","checklist-flat","pass","Preform","checklist-flat","FALSE","FALSE","Civil","Site","Sheet 2","Pit 8"
"a67a1136-9c79-4e1b-a416-d1f87cecc18e","","checklist-flat","pass","Preform","checklist-flat","FALSE","FALSE","Civil","Site","Sheet 2","Pit 9"
"806af85c-5792-41c0-aab4-9f3ac891b8a2","","checklist-flat","work-in-progress","Preform","checklist-flat","FALSE","FALSE","Civil","Site","Sheet 2","Pit 10"
"2c761e2a-c2d9-4664-8127-e4bff2f7954b","","checklist-flat","work-in-progress","Preform","checklist-flat","FALSE","FALSE","Civil","Site","Sheet 2","Pit 11"
"90b9b3f3-b568-466f-8198-812426e5d432","","checklist-flat","work-in-progress","Preform","checklist-flat","FALSE","FALSE","Civil","Site","Sheet 2","Pit 12"
"72f92986-62f4-4416-b8f7-cbe357ac4140","","checklist-flat","not-started","Preform","checklist-flat","FALSE","FALSE","Civil","Site","Sheet 2","Pit 13"
"40a7a0dd-2caa-4398-aef8-6585b7e9b42b","","checklist-flat","not-started","Preform","checklist-flat","FALSE","FALSE","Civil","Site","Sheet 2","Pit 14"
"97bc2204-47e8-4735-bfc5-ddd6a8782c75","","checklist-flat","not-started","Preform","checklist-flat","FALSE","FALSE","Civil","Site","Sheet 2","Pit 15"
"e1b39c28-0637-45ea-b938-c3fd3df8e375","","checklist-flat","work-in-progress","Preform","checklist-flat","FALSE","FALSE","Civil","Site","Sheet 2","Pit 16"
"37829337-6e2f-4023-a48b-180782562e8a","","checklist-flat","not-started","Preform","checklist-flat","FALSE","FALSE","Civil","Site","Sheet 2","Pit 17"
"91b5a5e2-f4ba-42c7-b93e-4056cd9ecec8","","checklist-flat","work-in-progress","Preform","checklist-flat","FALSE","FALSE","Civil","Site","Sheet 2","Pit 18"
"b4f158e5-d537-4f55-bd9b-c54d8b1c025c","","checklist-flat","work-in-progress","Preform","checklist-flat","FALSE","FALSE","Civil","Site","Sheet 2","Pit 19"
"6dda586a-d39b-44a2-892d-74f8a6ea5e13","","checklist-flat","work-in-progress","Preform","checklist-flat","FALSE","FALSE","Civil","Site","Sheet 2","Pit 20"
"3ef914c1-ef71-4da6-885f-eaacd78ea182","","checklist-flat","work-in-progress","Preform","checklist-flat","FALSE","FALSE","Civil","Site","Sheet 2","Pit 21"
"0fec3805-3344-4338-b0a8-fc3061d1dd39","","checklist-flat","not-started","Trench Grate","checklist-flat","FALSE","FALSE","Civil","Site","Sheet 2","Trench Grate 1"
"3c1ff023-49e5-4703-af22-eca3283d6fcb","","checklist-flat","work-in-progress","Preform","checklist-flat","FALSE","FALSE","Civil","Site","Sheet 2","Pit 7"
"a83f2f7b-e170-4912-af71-510982fe7829","","checklist-flat","not-started","Preform","checklist-flat","FALSE","FALSE","Civil","Site","Sheet 2","Pit 22"
"8199847c-aaba-4926-93d3-83fa4a16b065","","checklist-flat","not-started","Preform","checklist-flat","FALSE","FALSE","Civil","Site","Sheet 2","Pit 23"
"481bf0c0-e2cf-4eee-bc1b-e643376504a6","","checklist-flat","not-started","Preform","checklist-flat","FALSE","FALSE","Civil","Site","Sheet 2","Pit 24"
"92f39191-ba05-4d16-92a0-83b0f81c86e8","","checklist-flat","work-in-progress","Preform","checklist-flat","FALSE","FALSE","Civil","Site","Sheet 2","Pit 25"
"65552c6f-e2ab-493a-be3a-2c1aaf3cfc33","","checklist-flat","work-in-progress","Preform","checklist-flat","FALSE","FALSE","Civil","Site","Sheet 2","Pit 26"
"071f38ec-218e-475f-8037-b7dac3d4589a","","checklist-flat","work-in-progress","Preform","checklist-flat","FALSE","FALSE","Civil","Site","Sheet 2","Pit 27"
"986e6c2a-6ee8-4eb1-b94a-50ce95f02400","","folder-normal","pass","","step","TRUE","FALSE","Civil","TA2"
"2450dcc8-7ab7-4cc1-95cc-5cda2a228136","","folder-normal","pass","","step","TRUE","FALSE","Civil","TA2","Basement"
"2110c8df-7bad-4d8a-847d-5374f23edf3c","","checklist-flat","pass","Stormwater BG   (13/08/2020)","checklist-flat","FALSE","FALSE","Civil","TA2","Basement","Overall Floor Plan"
"c58e1175-18f5-48bf-a50c-1b35132f18ae","","checklist-flat","pass","Preform","checklist-flat","FALSE","FALSE","Civil","TA2","Basement","Pit 2"
"fe35cc38-8780-4bac-88d1-cfb7f4de7dbe","","checklist-flat","pass","Preform","checklist-flat","FALSE","FALSE","Civil","TA2","Basement","Pit 3"
"12fc4085-a886-400c-8cb1-f84ba1cd4c8e","","checklist-flat","pass","Preform","checklist-flat","FALSE","FALSE","Civil","TA2","Basement","Pit 4"
"91ad9ebb-2bc1-4cba-93bf-9395b639294b","","checklist-flat","pass","Preform","checklist-flat","FALSE","FALSE","Civil","TA2","Basement","Pit 5"
"e1b108e7-bf1b-4816-b430-a9337f09543f","","checklist-flat","pass","Preform","checklist-flat","FALSE","FALSE","Civil","TA2","Basement","Pit 6"
"983714e9-43d7-4e8f-8420-6fb64fb79ba5","","checklist-flat","pass","Trench Grate","checklist-flat","FALSE","FALSE","Civil","TA2","Basement","Trench Grate 1"
"6c706853-73bf-49c6-9345-f9d449c170f8","","checklist-flat","pass","In Ground Tank","checklist-flat","FALSE","FALSE","Civil","TA2","Basement","Stormwater pump well"
"0a089e68-6499-4355-8ea8-0e277e9a7188","","folder-normal","fail","","step","TRUE","FALSE","Hydraulics"
"beb30907-f0f9-4977-bf9e-0ebf7ebdfd05","","folder-normal","work-in-progress","","step","TRUE","FALSE","Hydraulics","TA1"
"29d50b26-71b0-4676-ac88-4b12da3cca09","","folder-normal","work-in-progress","","step","TRUE","FALSE","Hydraulics","TA1","Ground"
"bab38550-5f0d-477b-b428-8e580fd931ec","","folder-normal","work-in-progress","","step","TRUE","FALSE","Hydraulics","TA1","Ground","Overall Floor Plan"
"a176680b-0786-45c2-8c86-4772307bd54f","","checklist-flat","work-in-progress","Stormwater BG   (13/08/2020)","checklist-flat","FALSE","FALSE","Hydraulics","TA1","Ground","Overall Floor Plan","Stormwater BG"
"f08b4e49-70f3-4b7d-83a5-ea0f4827d088","","checklist-flat","work-in-progress","Sewer BG   (13/08/2020)","checklist-flat","FALSE","FALSE","Hydraulics","TA1","Ground","Overall Floor Plan","Sewer BG"
"32f75edd-230c-48e0-ae10-0fb61a1cd13e","","checklist-sectioned","not-started","Corridor Template  (13/08/2020)","checklist","FALSE","FALSE","Hydraulics","TA1","Ground","Overall Floor Plan","Corridor Template"
"b0f64424-6785-4fcf-a1d2-ff75d4324c00","","folder-normal","work-in-progress","","step","TRUE","FALSE","Hydraulics","TA1","Ground","TA1-01"
"3715f9c6-ff9a-498d-ba2a-9954085ae81d","","checklist-sectioned","not-started","Fix 2 Checklist  (13/08/2020)","checklist","FALSE","FALSE","Hydraulics","TA1","Ground","TA1-01","Fix 2"
"d7a7a7d1-3945-4722-beec-73cd6e4b800c","","checklist-flat","work-in-progress","Sewer BG   (13/08/2020)","checklist-flat","FALSE","FALSE","Hydraulics","TA1","Ground","TA1-01","Sewer BG"
"ce15490f-2b5d-4bfa-8084-e8cf20b670f2","","checklist-flat","work-in-progress","Stormwater BG   (13/08/2020)","checklist-flat","FALSE","FALSE","Hydraulics","TA1","Ground","TA1-01","Stormwater BG"
"9f91e74b-b534-4af0-809d-c60fe5fdfaa6","","checklist-sectioned","not-started","Fix 1 (full) Checklist (13/08/2020)","checklist","FALSE","FALSE","Hydraulics","TA1","Ground","TA1-01","Fix 1"
"ed7c1262-740a-453b-863f-491dc057a1d1","","folder-normal","work-in-progress","","step","TRUE","FALSE","Hydraulics","TA1","Ground","TA1-03"
"7170cd1b-ad6e-400f-9e78-95b6396886ec","","checklist-sectioned","not-started","Fix 1 (full) Checklist (13/08/2020)","checklist","FALSE","FALSE","Hydraulics","TA1","Ground","TA1-03","Fix 1"
"53e22866-279c-4123-9966-16bb1f78f388","","checklist-sectioned","not-started","Fix 2 Checklist  (13/08/2020)","checklist","FALSE","FALSE","Hydraulics","TA1","Ground","TA1-03","Fix 2"
"e29a1fd4-652c-465f-997f-d00825be3512","","checklist-flat","work-in-progress","Sewer BG   (13/08/2020)","checklist-flat","FALSE","FALSE","Hydraulics","TA1","Ground","TA1-03","Sewer BG"
"4600255f-4760-4ad7-abe2-bc1ce8a67cc5","","checklist-flat","work-in-progress","Stormwater BG   (13/08/2020)","checklist-flat","FALSE","FALSE","Hydraulics","TA1","Ground","TA1-03","Stormwater BG"
"f545c153-9302-4fe0-8cf5-26270b5952b2","","folder-normal","work-in-progress","","step","TRUE","FALSE","Hydraulics","TA1","Ground","TA1-04"
"149cc63f-9940-43ef-8aad-d273aab7f380","","checklist-sectioned","not-started","Fix 1 (full) Checklist (13/08/2020)","checklist","FALSE","FALSE","Hydraulics","TA1","Ground","TA1-04","Fix 1"
"0f815ddd-d460-4fd4-8081-0f89d25aaf61","","checklist-sectioned","not-started","Fix 2 Checklist  (13/08/2020)","checklist","FALSE","FALSE","Hydraulics","TA1","Ground","TA1-04","Fix 2"
"86c5bca5-946d-454c-b3fc-9848e6fdceb2","","checklist-flat","work-in-progress","Sewer BG   (13/08/2020)","checklist-flat","FALSE","FALSE","Hydraulics","TA1","Ground","TA1-04","Sewer BG"
"4f105e20-40e6-46fe-b5b5-9371f07178a1","","folder-normal","work-in-progress","","step","TRUE","FALSE","Hydraulics","TA1","Ground","TA1-05"
"2dd9832c-9fe7-4190-ae38-32bdb99a110b","","checklist-sectioned","not-started","Fix 1 (full) Checklist (13/08/2020)","checklist","FALSE","FALSE","Hydraulics","TA1","Ground","TA1-05","Fix 1"
"52021f62-20c4-4110-84f0-751dc658de80","","checklist-sectioned","not-started","Fix 2 Checklist  (13/08/2020)","checklist","FALSE","FALSE","Hydraulics","TA1","Ground","TA1-05","Fix 2"
"70db5b7c-3649-4f93-a8fa-b9d45cac5e17","","checklist-flat","work-in-progress","Sewer BG   (13/08/2020)","checklist-flat","FALSE","FALSE","Hydraulics","TA1","Ground","TA1-05","Sewer BG"
"34d35af9-336e-42e5-ae3c-de750d33fca7","","checklist-flat","work-in-progress","Stormwater BG   (13/08/2020)","checklist-flat","FALSE","FALSE","Hydraulics","TA1","Ground","TA1-05","Stormwater BG"
"6086f974-05b0-466f-b7fd-c8bc9cf7666e","","folder-normal","work-in-progress","","step","TRUE","FALSE","Hydraulics","TA1","Ground","TA1-06"
"6642b66e-7b53-4c6c-8fb7-cd80cc75343e","","checklist-sectioned","not-started","Fix 1 (full) Checklist (13/08/2020)","checklist","FALSE","FALSE","Hydraulics","TA1","Ground","TA1-06","Fix 1"
"53d76af5-cc2e-41b4-a94f-f4716776bd9f","","checklist-sectioned","not-started","Fix 2 Checklist  (13/08/2020)","checklist","FALSE","FALSE","Hydraulics","TA1","Ground","TA1-06","Fix 2"
"bd5c939e-36d6-4f6a-b478-9625b1007c6d","","checklist-flat","work-in-progress","Sewer BG   (13/08/2020)","checklist-flat","FALSE","FALSE","Hydraulics","TA1","Ground","TA1-06","Sewer BG"
"4bf238a1-ac13-449f-b194-082c3ca0a441","","checklist-flat","work-in-progress","Stormwater BG   (13/08/2020)","checklist-flat","FALSE","FALSE","Hydraulics","TA1","Ground","TA1-06","Stormwater BG"
"77c41eb0-9ed2-45de-8388-ece592eacfc7","","folder-normal","work-in-progress","","step","TRUE","FALSE","Hydraulics","TA1","Ground","TA1-07"
"461afa35-bb1f-4c7a-a21c-dfb76ff57709","","checklist-sectioned","not-started","Fix 1 (full) Checklist (13/08/2020)","checklist","FALSE","FALSE","Hydraulics","TA1","Ground","TA1-07","Fix 1"
"22111f0d-4211-4079-bff1-2d651984a4fc","","checklist-sectioned","not-started","Fix 2 Checklist  (13/08/2020)","checklist","FALSE","FALSE","Hydraulics","TA1","Ground","TA1-07","Fix 2"
"5f67b25d-a0d6-493f-a78a-84e278ca0bfa","","checklist-flat","work-in-progress","Sewer BG   (13/08/2020)","checklist-flat","FALSE","FALSE","Hydraulics","TA1","Ground","TA1-07","Sewer BG"
"fafe2e43-6326-4247-9edf-48eabc526dad","","checklist-flat","work-in-progress","Stormwater BG   (13/08/2020)","checklist-flat","FALSE","FALSE","Hydraulics","TA1","Ground","TA1-07","Stormwater BG"
"7e27e292-1db9-4bc3-b9f7-e7745c473760","","folder-normal","work-in-progress","","step","TRUE","FALSE","Hydraulics","TA1","Ground","TA1-08"
"1d3e9602-5652-442a-9b53-319fcebe1386","","checklist-sectioned","not-started","Fix 1 (full) Checklist (13/08/2020)","checklist","FALSE","FALSE","Hydraulics","TA1","Ground","TA1-08","Fix 1"
"717e088a-49c7-4aba-9e9c-7052aab2eaaa","","checklist-sectioned","not-started","Fix 2 Checklist  (13/08/2020)","checklist","FALSE","FALSE","Hydraulics","TA1","Ground","TA1-08","Fix 2"
"ac788fed-5041-49f8-97e8-ae6e46e9a666","","checklist-flat","work-in-progress","Sewer BG   (13/08/2020)","checklist-flat","FALSE","FALSE","Hydraulics","TA1","Ground","TA1-08","Sewer BG"
"e9a1e68b-6959-4e9c-93bf-09b6a081a575","","checklist-flat","work-in-progress","Stormwater BG   (13/08/2020)","checklist-flat","FALSE","FALSE","Hydraulics","TA1","Ground","TA1-08","Stormwater BG"
"f4ecb39e-51e6-4ec0-8e50-41f3c0818a73","","folder-normal","work-in-progress","","step","TRUE","FALSE","Hydraulics","TA1","Ground","TA1-09"
"4f355479-0999-4a31-b764-16c3cdbe962e","","checklist-sectioned","work-in-progress","SYS - Fix 1","checklist","FALSE","FALSE","Hydraulics","TA1","Ground","TA1-09","Fix 1"
"cad1adf9-3c28-4d22-ac4c-c0ec7a62f040","","checklist-sectioned","not-started","Fix 2 Checklist  (13/08/2020)","checklist","FALSE","FALSE","Hydraulics","TA1","Ground","TA1-09","Fix 2"
"1c983228-b617-4b85-8715-bb39157308f0","","checklist-flat","pass","Sewer BG   (13/08/2020)","checklist-flat","FALSE","FALSE","Hydraulics","TA1","Ground","TA1-09","Sewer BG"
"2ef98c50-4410-4038-9559-3c7ad20700d0","","checklist-flat","pass","Stormwater BG   (13/08/2020)","checklist-flat","FALSE","FALSE","Hydraulics","TA1","Ground","TA1-09","Stormwater BG"
"f6a3d743-1cf9-4990-b6c7-f1fc221472fd","","folder-normal","work-in-progress","","step","TRUE","FALSE","Hydraulics","TA1","Ground","TA1-10"
"ad17d497-2ab3-4a9d-a29c-51dd752f3802","","checklist-sectioned","not-started","Fix 2 Checklist  (13/08/2020)","checklist","FALSE","FALSE","Hydraulics","TA1","Ground","TA1-10","Fix 2"
"fc3782be-07c5-458e-b832-1a08edf2df60","","checklist-flat","pass","Sewer BG   (13/08/2020)","checklist-flat","FALSE","FALSE","Hydraulics","TA1","Ground","TA1-10","Sewer BG"
"65813150-d8e8-40a1-89f7-834c79431629","","checklist-flat","pass","Stormwater BG   (13/08/2020)","checklist-flat","FALSE","FALSE","Hydraulics","TA1","Ground","TA1-10","Stormwater BG"
"77668789-faea-4554-8cc5-fee5ecbd99af","","checklist-sectioned","not-started","Fix 1 (full) Checklist (13/08/2020)","checklist","FALSE","FALSE","Hydraulics","TA1","Ground","TA1-10","Fix 1"
"d33b7bc6-3125-4e5e-9675-09062462a00b","","folder-normal","work-in-progress","","step","TRUE","FALSE","Hydraulics","TA1","Ground","TA1-11"
"16bda7df-f49c-4007-86df-cac89ecc8930","","checklist-sectioned","not-started","Fix 2 Checklist  (13/08/2020)","checklist","FALSE","FALSE","Hydraulics","TA1","Ground","TA1-11","Fix 2"
"5e3094fc-3a5c-4090-9ba9-0354a0906d1e","","checklist-flat","pass","Sewer BG   (13/08/2020)","checklist-flat","FALSE","FALSE","Hydraulics","TA1","Ground","TA1-11","Sewer BG"
"64f25010-1210-4cea-b900-0fc2a10e57c7","","checklist-flat","pass","Stormwater BG   (13/08/2020)","checklist-flat","FALSE","FALSE","Hydraulics","TA1","Ground","TA1-11","Stormwater BG"
"ebc18768-077d-47ea-859d-866a65e02e72","","checklist-sectioned","not-started","Fix 1 (full) Checklist (13/08/2020)","checklist","FALSE","FALSE","Hydraulics","TA1","Ground","TA1-11","Fix 1"
"c2d02da0-5f47-4e7f-a4fe-26c7d51bec5e","","folder-normal","work-in-progress","","step","TRUE","FALSE","Hydraulics","TA1","Ground","TA1-12"
"6b4b616f-abf7-48c1-af26-65c1c45f8eb4","","checklist-sectioned","not-started","Fix 1 (full) Checklist (13/08/2020)","checklist","FALSE","FALSE","Hydraulics","TA1","Ground","TA1-12","Fix 1"
"0e00978c-d8e5-4633-8d03-c4e6753c8548","","checklist-sectioned","not-started","Fix 2 Checklist  (13/08/2020)","checklist","FALSE","FALSE","Hydraulics","TA1","Ground","TA1-12","Fix 2"
"2ad58249-0776-417d-bbaa-abe90af12a29","","checklist-flat","work-in-progress","Sewer BG   (13/08/2020)","checklist-flat","FALSE","FALSE","Hydraulics","TA1","Ground","TA1-12","Sewer BG"
"71dbd078-ebed-4465-bfa3-60046b6a9283","","checklist-flat","not-started","Stormwater BG   (13/08/2020)","checklist-flat","FALSE","FALSE","Hydraulics","TA1","Ground","TA1-12","Stormwater BG"
"87f47f57-524f-41e3-8cd1-0d9fc811ab62","","folder-normal","not-started","","step","TRUE","FALSE","Hydraulics","TA1","Ground","TA1-13"
"fda9fea8-bfff-43b3-9782-d3cbbdd7eae2","","checklist-sectioned","not-started","Fix 1 (full) Checklist (13/08/2020)","checklist","FALSE","FALSE","Hydraulics","TA1","Ground","TA1-13","Fix 1"
"2d247d13-ad85-40cb-aa62-003b132e9ab7","","checklist-sectioned","not-started","Fix 2 Checklist  (13/08/2020)","checklist","FALSE","FALSE","Hydraulics","TA1","Ground","TA1-13","Fix 2"
"0cea30f2-f8af-44f6-9b88-e5b5cec8d9bb","","checklist-flat","not-started","Sewer BG   (13/08/2020)","checklist-flat","FALSE","FALSE","Hydraulics","TA1","Ground","TA1-13","Sewer BG"
"e8c47694-89c3-4584-9549-088598ff5b49","","checklist-flat","not-started","Stormwater BG   (13/08/2020)","checklist-flat","FALSE","FALSE","Hydraulics","TA1","Ground","TA1-13","Stormwater BG"
"92b2c5fe-1470-4211-8daa-27866ca6be3b","","folder-normal","work-in-progress","","step","TRUE","FALSE","Hydraulics","TA1","Ground","TA1-14"
"03dd64e2-8276-4db4-adab-5c1220f52f53","","checklist-sectioned","not-started","Fix 1 (full) Checklist (13/08/2020)","checklist","FALSE","FALSE","Hydraulics","TA1","Ground","TA1-14","Fix 1"
"a2de7749-779e-432e-8405-d6ae6016e678","","checklist-sectioned","not-started","Fix 2 Checklist  (13/08/2020)","checklist","FALSE","FALSE","Hydraulics","TA1","Ground","TA1-14","Fix 2"
"a8ba9d00-1ebe-4999-9802-82a08bd05a1d","","checklist-flat","work-in-progress","Sewer BG   (13/08/2020)","checklist-flat","FALSE","FALSE","Hydraulics","TA1","Ground","TA1-14","Sewer BG"
"04100161-abf1-4872-aa21-9b992303f33d","","checklist-flat","not-started","Stormwater BG   (13/08/2020)","checklist-flat","FALSE","FALSE","Hydraulics","TA1","Ground","TA1-14","Stormwater BG"
"e9008e2d-b08b-4e32-a304-4fcd15255ece","","folder-normal","work-in-progress","","step","TRUE","FALSE","Hydraulics","TA1","Ground","TA1-15"
"29053f68-c4f3-46ec-9291-4bb742af5881","","checklist-sectioned","not-started","Fix 1 (full) Checklist (13/08/2020)","checklist","FALSE","FALSE","Hydraulics","TA1","Ground","TA1-15","Fix 1"
"443d243b-f5d5-4c6b-aeaf-9212f36b8078","","checklist-sectioned","not-started","Fix 2 Checklist  (13/08/2020)","checklist","FALSE","FALSE","Hydraulics","TA1","Ground","TA1-15","Fix 2"
"73d7ab87-55c9-460e-b130-3221ef0d7a58","","checklist-flat","work-in-progress","Sewer BG   (13/08/2020)","checklist-flat","FALSE","FALSE","Hydraulics","TA1","Ground","TA1-15","Sewer BG"
"40949008-e8a5-430f-a826-351becebb95d","","checklist-flat","not-started","Stormwater BG   (13/08/2020)","checklist-flat","FALSE","FALSE","Hydraulics","TA1","Ground","TA1-15","Stormwater BG"
"e49c5894-07e1-4509-905f-05536408ea0e","","folder-normal","work-in-progress","","step","TRUE","FALSE","Hydraulics","TA1","Ground","TA1-16"
"68488568-abcf-4550-a81b-506f3f6247da","","checklist-sectioned","not-started","Fix 1 (full) Checklist (13/08/2020)","checklist","FALSE","FALSE","Hydraulics","TA1","Ground","TA1-16","Fix 1"
"f2e3c449-cfa4-4a7e-baa3-8d060c24c5ee","","checklist-sectioned","not-started","Fix 2 Checklist  (13/08/2020)","checklist","FALSE","FALSE","Hydraulics","TA1","Ground","TA1-16","Fix 2"
"950f217e-5d46-4384-980d-bc13951dd108","","checklist-flat","work-in-progress","Sewer BG   (13/08/2020)","checklist-flat","FALSE","FALSE","Hydraulics","TA1","Ground","TA1-16","Sewer BG"
"fc7e7d94-b0f0-4840-8591-8d4d3f7dcd64","","checklist-flat","work-in-progress","Stormwater BG   (13/08/2020)","checklist-flat","FALSE","FALSE","Hydraulics","TA1","Ground","TA1-16","Stormwater BG"
"0f1b468b-05d0-40fa-b099-3ea8035c41b2","","folder-normal","work-in-progress","","step","TRUE","FALSE","Hydraulics","TA1","Ground","TA1-02"
"220573c8-7958-476c-8a42-caaae60f89dc","","checklist-sectioned","not-started","Fix 1 (full) Checklist (13/08/2020)","checklist","FALSE","FALSE","Hydraulics","TA1","Ground","TA1-02","Fix 1"
"6b28cd74-61c0-4dd8-bd1a-11166dd3e8cd","","checklist-sectioned","not-started","Fix 2 Checklist  (13/08/2020)","checklist","FALSE","FALSE","Hydraulics","TA1","Ground","TA1-02","Fix 2"
"988ba09d-75cb-47e4-bb9e-bc020559015d","","checklist-flat","work-in-progress","Sewer BG   (13/08/2020)","checklist-flat","FALSE","FALSE","Hydraulics","TA1","Ground","TA1-02","Sewer BG"
"afb48e68-c357-4f96-87c1-9fab2472f4bc","","checklist-flat","work-in-progress","Stormwater BG   (13/08/2020)","checklist-flat","FALSE","FALSE","Hydraulics","TA1","Ground","TA1-02","Stormwater BG"
"015a19f7-edf1-4c50-beb1-24faf3aa404c","","folder-normal","not-started","","step","TRUE","FALSE","Hydraulics","TA1","Level 1"
"9b4a9d27-8e69-479b-ae0e-0ca920c0c7d7","","checklist-sectioned","not-started","Corridor Template  (13/08/2020)","checklist","FALSE","FALSE","Hydraulics","TA1","Level 1","Overall Floor Plan"
"fc1d80aa-bb14-4f1a-ba26-4c7250a8d4d7","","folder-normal","not-started","","step","TRUE","FALSE","Hydraulics","TA1","Level 1","TA1-01"
"bc373142-bf74-4acb-a8b4-6f95cafe84f6","","checklist-sectioned","not-started","Fix 1 (full) Checklist (13/08/2020)","checklist","FALSE","FALSE","Hydraulics","TA1","Level 1","TA1-01","Fix 1"
"83f45994-951e-49c7-8840-9359b51b8c4f","","checklist-sectioned","not-started","Fix 2 Checklist  (13/08/2020)","checklist","FALSE","FALSE","Hydraulics","TA1","Level 1","TA1-01","Fix 2"
"c60bd847-1406-4da2-ad4d-bfaa09404390","","folder-normal","not-started","","step","TRUE","FALSE","Hydraulics","TA1","Level 1","TA1-02"
"007cb171-e55e-4294-a86b-c97675580455","","checklist-sectioned","not-started","Fix 1 (full) Checklist (13/08/2020)","checklist","FALSE","FALSE","Hydraulics","TA1","Level 1","TA1-02","Fix 1"
"bddfd87e-2534-4f50-b6e0-f6de9fb2e328","","checklist-sectioned","not-started","Fix 2 Checklist  (13/08/2020)","checklist","FALSE","FALSE","Hydraulics","TA1","Level 1","TA1-02","Fix 2"
"8c1e245d-73d6-4bc9-9e2c-bd03c62443a4","","folder-normal","not-started","","step","TRUE","FALSE","Hydraulics","TA1","Level 1","TA1-03"
"3b51e305-7871-4656-b142-05fb6e471963","","checklist-sectioned","not-started","Fix 1 (full) Checklist (13/08/2020)","checklist","FALSE","FALSE","Hydraulics","TA1","Level 1","TA1-03","Fix 1"
"e9e2bc02-2372-48b6-8355-607c2acb2536","","checklist-sectioned","not-started","Fix 2 Checklist  (13/08/2020)","checklist","FALSE","FALSE","Hydraulics","TA1","Level 1","TA1-03","Fix 2"
"908cf7fc-5612-4147-b465-565d11031b26","","folder-normal","not-started","","step","TRUE","FALSE","Hydraulics","TA1","Level 1","TA1-04"
"a461bf22-70f4-408b-97c4-8713e999f7f5","","checklist-sectioned","not-started","Fix 1 (full) Checklist (13/08/2020)","checklist","FALSE","FALSE","Hydraulics","TA1","Level 1","TA1-04","Fix 1"
"04989b80-05a1-43b5-ab3a-fff14a132ae0","","checklist-sectioned","not-started","Fix 2 Checklist  (13/08/2020)","checklist","FALSE","FALSE","Hydraulics","TA1","Level 1","TA1-04","Fix 2"
"79487d71-83f0-47fd-8fab-21625a9f4fb3","","folder-normal","not-started","","step","TRUE","FALSE","Hydraulics","TA1","Level 1","TA1-05"
"cc1f4679-cb89-4a22-9efa-56fbcfad8903","","checklist-sectioned","not-started","Fix 1 (full) Checklist (13/08/2020)","checklist","FALSE","FALSE","Hydraulics","TA1","Level 1","TA1-05","Fix 1"
"9106bcb6-b860-4751-aa2e-80e0d837f6db","","checklist-sectioned","not-started","Fix 2 Checklist  (13/08/2020)","checklist","FALSE","FALSE","Hydraulics","TA1","Level 1","TA1-05","Fix 2"
"606c41ea-c9b5-4bf4-a209-88b22d84387a","","folder-normal","not-started","","step","TRUE","FALSE","Hydraulics","TA1","Level 1","TA1-06"
"533d7653-115b-43f6-96cf-9cd5c579d00a","","checklist-sectioned","not-started","Fix 1 (full) Checklist (13/08/2020)","checklist","FALSE","FALSE","Hydraulics","TA1","Level 1","TA1-06","Fix 1"
"68d9c21d-0017-4fed-8073-61fb552c058d","","checklist-sectioned","not-started","Fix 2 Checklist  (13/08/2020)","checklist","FALSE","FALSE","Hydraulics","TA1","Level 1","TA1-06","Fix 2"
"d5ed3797-f395-499a-9c8e-e4b24bcbc217","","folder-normal","not-started","","step","TRUE","FALSE","Hydraulics","TA1","Level 1","TA1-07"
"67fdef6f-16e3-468f-9db4-673dd4345d1b","","checklist-sectioned","not-started","Fix 1 (full) Checklist (13/08/2020)","checklist","FALSE","FALSE","Hydraulics","TA1","Level 1","TA1-07","Fix 1"
"cb5380f9-2a6f-48b1-b44a-68ed5992aae4","","checklist-sectioned","not-started","Fix 2 Checklist  (13/08/2020)","checklist","FALSE","FALSE","Hydraulics","TA1","Level 1","TA1-07","Fix 2"
"02c15118-2cfb-43fd-8c1e-a8dd22b031b9","","folder-normal","not-started","","step","TRUE","FALSE","Hydraulics","TA1","Level 1","TA1-08"
"1371129d-7b88-42b8-8a9c-9f1ff39e2e7b","","checklist-sectioned","not-started","Fix 1 (full) Checklist (13/08/2020)","checklist","FALSE","FALSE","Hydraulics","TA1","Level 1","TA1-08","Fix 1"
"e2e48ed1-e022-41e2-b4d7-e567d7e647a0","","checklist-sectioned","not-started","Fix 2 Checklist  (13/08/2020)","checklist","FALSE","FALSE","Hydraulics","TA1","Level 1","TA1-08","Fix 2"
"f0851e29-25f5-43a9-98bb-c96435fb5d98","","folder-normal","not-started","","step","TRUE","FALSE","Hydraulics","TA1","Level 1","TA1-09"
"cac7f9f0-9b67-4949-a0ce-a8bc324b9c6c","","checklist-sectioned","not-started","Fix 1 (full) Checklist (13/08/2020)","checklist","FALSE","FALSE","Hydraulics","TA1","Level 1","TA1-09","Fix 1"
"7073272f-0cdc-4edd-ba8e-f8f0d345deb3","","checklist-sectioned","not-started","Fix 2 Checklist  (13/08/2020)","checklist","FALSE","FALSE","Hydraulics","TA1","Level 1","TA1-09","Fix 2"
"66928aab-9cb8-49ac-833d-326f1d1ec1ae","","folder-normal","not-started","","step","TRUE","FALSE","Hydraulics","TA1","Level 1","TA1-10"
"a823c669-b943-42f0-af95-8d28c8fb9368","","checklist-sectioned","not-started","Fix 1 (full) Checklist (13/08/2020)","checklist","FALSE","FALSE","Hydraulics","TA1","Level 1","TA1-10","Fix 1"
"dd2170c0-d5fd-4355-b270-cd1e252f1cbb","","checklist-sectioned","not-started","Fix 2 Checklist  (13/08/2020)","checklist","FALSE","FALSE","Hydraulics","TA1","Level 1","TA1-10","Fix 2"
"23878065-41ec-4e0b-9854-663c2375bacd","","folder-normal","not-started","","step","TRUE","FALSE","Hydraulics","TA1","Level 1","TA1-11"
"1fb740fe-318e-4e49-b864-d17fb311b4f6","","checklist-sectioned","not-started","Fix 1 (full) Checklist (13/08/2020)","checklist","FALSE","FALSE","Hydraulics","TA1","Level 1","TA1-11","Fix 1"
"fcfac97b-cf16-43d9-bd5b-94ba95a38101","","checklist-sectioned","not-started","Fix 2 Checklist  (13/08/2020)","checklist","FALSE","FALSE","Hydraulics","TA1","Level 1","TA1-11","Fix 2"
"9f904906-8056-49a4-bd98-7a653b326fea","","folder-normal","not-started","","step","TRUE","FALSE","Hydraulics","TA1","Level 1","TA1-12"
"86e0ad3c-597e-423b-bcfc-d1d00aa077cf","","checklist-sectioned","not-started","Fix 1 (full) Checklist (13/08/2020)","checklist","FALSE","FALSE","Hydraulics","TA1","Level 1","TA1-12","Fix 1"
"c4c3743b-4b72-4157-98d5-b90261a0e7c0","","checklist-sectioned","not-started","Fix 2 Checklist  (13/08/2020)","checklist","FALSE","FALSE","Hydraulics","TA1","Level 1","TA1-12","Fix 2"
"8e2037f0-bae5-4040-b2f8-e42372907f51","","folder-normal","not-started","","step","TRUE","FALSE","Hydraulics","TA1","Level 1","TA1-13"
"42cf0a76-c450-4d31-9c5e-90bdab605a05","","checklist-sectioned","not-started","Fix 1 (full) Checklist (13/08/2020)","checklist","FALSE","FALSE","Hydraulics","TA1","Level 1","TA1-13","Fix 1"
"ea6d2812-d000-492f-a9f1-5079c902c43d","","checklist-sectioned","not-started","Fix 2 Checklist  (13/08/2020)","checklist","FALSE","FALSE","Hydraulics","TA1","Level 1","TA1-13","Fix 2"
"545ab95b-d9ea-43d6-a0ea-6b09897f6ac6","","folder-normal","not-started","","step","TRUE","FALSE","Hydraulics","TA1","Level 1","TA1-14"
"bca56d5e-2114-4306-8373-ea1f915b9dfc","","checklist-sectioned","not-started","Fix 1 (full) Checklist (13/08/2020)","checklist","FALSE","FALSE","Hydraulics","TA1","Level 1","TA1-14","Fix 1"
"c7911939-5afe-4622-83b1-f99444b91a59","","checklist-sectioned","not-started","Fix 2 Checklist  (13/08/2020)","checklist","FALSE","FALSE","Hydraulics","TA1","Level 1","TA1-14","Fix 2"
"ff15c902-63c4-48a5-b0d5-ca0bca8e2917","","folder-normal","not-started","","step","TRUE","FALSE","Hydraulics","TA1","Level 1","TA1-15"
"75f48eec-c100-4f9f-8030-79e9095c4b8e","","checklist-sectioned","not-started","Fix 1 (full) Checklist (13/08/2020)","checklist","FALSE","FALSE","Hydraulics","TA1","Level 1","TA1-15","Fix 1"
"dba98c0d-74d4-431c-b2bf-76d596c9ae57","","checklist-sectioned","not-started","Fix 2 Checklist  (13/08/2020)","checklist","FALSE","FALSE","Hydraulics","TA1","Level 1","TA1-15","Fix 2"
"f876a37b-dda4-44c9-908f-a4d2163aa04c","","folder-normal","not-started","","step","TRUE","FALSE","Hydraulics","TA1","Level 1","TA1-16"
"10c4db55-6316-461e-b3d1-5a51312bd116","","checklist-sectioned","not-started","Fix 1 (full) Checklist (13/08/2020)","checklist","FALSE","FALSE","Hydraulics","TA1","Level 1","TA1-16","Fix 1"
"319a33f6-01b2-4bac-aed1-c4502d4213a6","","checklist-sectioned","not-started","Fix 2 Checklist  (13/08/2020)","checklist","FALSE","FALSE","Hydraulics","TA1","Level 1","TA1-16","Fix 2"
"b02b4b44-bb98-4fdb-b12b-296b9956ae26","","folder-normal","fail","","step","TRUE","FALSE","Hydraulics","TA2"
"5d5c7b9c-9203-4998-955f-28db4c359f84","","folder-normal","work-in-progress","","step","TRUE","FALSE","Hydraulics","TA2","Basement"
"46afbd51-0ddf-4ea6-95d4-549b65f81f02","","folder-normal","work-in-progress","","step","TRUE","FALSE","Hydraulics","TA2","Basement","Overall Floor Plan"
"5cf52407-713d-4574-9182-e66c0e1ef3bc","","checklist-flat","work-in-progress","Stormwater BG   (13/08/2020)","checklist-flat","FALSE","FALSE","Hydraulics","TA2","Basement","Overall Floor Plan","Stormwater BG"
"99c6de4e-4575-4019-b982-d7bfc6195d9d","","checklist-flat","work-in-progress","Sewer BG   (13/08/2020)","checklist-flat","FALSE","FALSE","Hydraulics","TA2","Basement","Overall Floor Plan","Sewer BG"
"1e2ded8f-1104-4a62-86cc-f5a3772d8760","","checklist-sectioned","not-started","Corridor Template  (13/08/2020)","checklist","FALSE","FALSE","Hydraulics","TA2","Basement","Overall Floor Plan","Corridor Template"
"f8006620-ce73-4ec6-b32e-15f97318d689","","checklist-flat","work-in-progress","Sewer AG (13/08/2020)","checklist-flat","FALSE","FALSE","Hydraulics","TA2","Basement","Overall Floor Plan","Sewer AG"
"9c27524a-2c11-4389-9413-97c4d4470427","","checklist-flat","work-in-progress","Stormwater AG   (13/08/2020)","checklist-flat","FALSE","FALSE","Hydraulics","TA2","Basement","Overall Floor Plan","Stormwater AG"
"e42e23ac-e826-4b56-aa96-4b4cb96a507e","","folder-normal","not-started","","step","TRUE","FALSE","Hydraulics","TA2","Basement","Services Room (TA2-B03)"
"b1cf7f09-0557-467f-8f4e-bde814183214","","checklist-sectioned","not-started","Fix 1 (full) Checklist (13/08/2020)","checklist","FALSE","FALSE","Hydraulics","TA2","Basement","Services Room (TA2-B03)","Fix 1"
"e918ad04-03eb-403c-8a22-19364a517d4e","","folder-normal","not-started","","step","TRUE","FALSE","Hydraulics","TA2","Basement","Cleaners Store (TA2-B08)"
"c4ff18e9-21d2-4d4b-9b17-bf81d5341a84","","checklist-sectioned","not-started","Fix 1 (full) Checklist (13/08/2020)","checklist","FALSE","FALSE","Hydraulics","TA2","Basement","Cleaners Store (TA2-B08)","Fix 1"
"f0117c67-1895-40bf-8070-72dbe4d1d866","","checklist-sectioned","not-started","Fix 2 Checklist  (13/08/2020)","checklist","FALSE","FALSE","Hydraulics","TA2","Basement","Cleaners Store (TA2-B08)","Fix 2"
"96ea494b-9788-40ff-99b2-b1022839fe28","","folder-normal","work-in-progress","","step","TRUE","FALSE","Hydraulics","TA2","Ground"
"5d5ddedc-2438-42c1-aa98-4bcce908c9d0","","checklist-sectioned","work-in-progress","Corridor Template  (13/08/2020)","checklist","FALSE","FALSE","Hydraulics","TA2","Ground","Overall Floor Plan"
"bc3bc818-1beb-4ff8-8f3e-f90a99d9e1af","","folder-normal","work-in-progress","","step","TRUE","FALSE","Hydraulics","TA2","Ground","TA2-G.01"
"537443ac-4f39-42fb-b1c7-0f73d66e74f6","","checklist-sectioned","work-in-progress","Fix 1 (full) Checklist (13/08/2020)","checklist","FALSE","FALSE","Hydraulics","TA2","Ground","TA2-G.01","Fix 1"
"e75183ce-bcbb-476a-aa9b-9d6e2663ac6a","","checklist-sectioned","not-started","Fix 2 Checklist  (13/08/2020)","checklist","FALSE","FALSE","Hydraulics","TA2","Ground","TA2-G.01","Fix 2"
"fbb32b85-81f0-4a44-957f-778c495aa38f","","folder-normal","work-in-progress","","step","TRUE","FALSE","Hydraulics","TA2","Ground","TA2-G.02"
"34f2ddeb-55e4-4334-8e4f-33214cf49157","","checklist-sectioned","work-in-progress","Fix 1 (full) Checklist (13/08/2020)","checklist","FALSE","FALSE","Hydraulics","TA2","Ground","TA2-G.02","Fix 1"
"169f9662-bf8c-4189-9301-d2d304d2608a","","checklist-sectioned","not-started","Fix 2 Checklist  (13/08/2020)","checklist","FALSE","FALSE","Hydraulics","TA2","Ground","TA2-G.02","Fix 2"
"e3eff94d-45d2-4976-adb6-9c0b247ea703","","folder-normal","work-in-progress","","step","TRUE","FALSE","Hydraulics","TA2","Ground","TA2-G.03"
"fdca3289-71fe-43b7-81b8-7de75cfa3f79","","checklist-sectioned","work-in-progress","Fix 1 (full) Checklist (13/08/2020)","checklist","FALSE","FALSE","Hydraulics","TA2","Ground","TA2-G.03","Fix 1"
"420518b7-0115-4bfd-9ec2-390a54b670bf","","checklist-sectioned","not-started","Fix 2 Checklist  (13/08/2020)","checklist","FALSE","FALSE","Hydraulics","TA2","Ground","TA2-G.03","Fix 2"
"b6ffde00-ee8e-4972-8f14-79e70d97c5c8","","folder-normal","work-in-progress","","step","TRUE","FALSE","Hydraulics","TA2","Ground","TA2-G.04"
"b06fc055-b51e-43d1-a73b-66842f96b69b","","checklist-sectioned","work-in-progress","Fix 1 (full) Checklist (13/08/2020)","checklist","FALSE","FALSE","Hydraulics","TA2","Ground","TA2-G.04","Fix 1"
"ee3a99dd-d8d1-4587-a05f-3217c2e4e432","","checklist-sectioned","not-started","Fix 2 Checklist  (13/08/2020)","checklist","FALSE","FALSE","Hydraulics","TA2","Ground","TA2-G.04","Fix 2"
"9b9648a7-6070-42fb-8836-34c25d4bc733","","folder-normal","work-in-progress","","step","TRUE","FALSE","Hydraulics","TA2","Ground","TA2-G.05"
"c75523ed-2fbc-46e0-83b3-e639f46e3f30","","checklist-sectioned","work-in-progress","Fix 1 (full) Checklist (13/08/2020)","checklist","FALSE","FALSE","Hydraulics","TA2","Ground","TA2-G.05","Fix 1"
"946f8536-4e2c-40a0-b009-5e40577841de","","checklist-sectioned","not-started","Fix 2 Checklist  (13/08/2020)","checklist","FALSE","FALSE","Hydraulics","TA2","Ground","TA2-G.05","Fix 2"
"5067c96a-eab0-4343-91ad-95f732f8b0b7","","folder-normal","work-in-progress","","step","TRUE","FALSE","Hydraulics","TA2","Ground","TA2-G.06"
"42783571-54a5-4dfa-b3cf-ce1a2a0350a9","","checklist-sectioned","work-in-progress","Fix 1 (full) Checklist (13/08/2020)","checklist","FALSE","FALSE","Hydraulics","TA2","Ground","TA2-G.06","Fix 1"
"bcae801c-dbd7-461e-bafe-4661f65dbfde","","checklist-sectioned","not-started","Fix 2 Checklist  (13/08/2020)","checklist","FALSE","FALSE","Hydraulics","TA2","Ground","TA2-G.06","Fix 2"
"fcf9a122-23f3-430e-b598-596354e7e6b9","","folder-normal","work-in-progress","","step","TRUE","FALSE","Hydraulics","TA2","Ground","TA2-G.07"
"df7e717c-bdc8-4ccf-abf7-acd7ae99ffd3","","checklist-sectioned","work-in-progress","Fix 1 (full) Checklist (13/08/2020)","checklist","FALSE","FALSE","Hydraulics","TA2","Ground","TA2-G.07","Fix 1"
"f3675839-c28e-44ef-96fa-864a5bdf8832","","checklist-sectioned","not-started","Fix 2 Checklist  (13/08/2020)","checklist","FALSE","FALSE","Hydraulics","TA2","Ground","TA2-G.07","Fix 2"
"f3535f8f-74c4-4be9-9397-7ab5e3330d53","","folder-normal","work-in-progress","","step","TRUE","FALSE","Hydraulics","TA2","Ground","TA2-G.08"
"6a9a634f-8eab-4dfb-b005-8dac21026695","","checklist-sectioned","work-in-progress","Fix 1 (full) Checklist (13/08/2020)","checklist","FALSE","FALSE","Hydraulics","TA2","Ground","TA2-G.08","Fix 1"
"676193df-037c-4565-a874-3dd0915d2c8c","","checklist-sectioned","not-started","Fix 2 Checklist  (13/08/2020)","checklist","FALSE","FALSE","Hydraulics","TA2","Ground","TA2-G.08","Fix 2"
"8ec50b45-3f64-4ddf-8f34-0972e525e5a6","","folder-normal","work-in-progress","","step","TRUE","FALSE","Hydraulics","TA2","Ground","TA2-G.09"
"3654a992-47a3-4312-a760-628d9b0f6c57","","checklist-sectioned","work-in-progress","Fix 1 (full) Checklist (13/08/2020)","checklist","FALSE","FALSE","Hydraulics","TA2","Ground","TA2-G.09","Fix 1"
"3044aa69-32c1-4edc-aba7-40266d54429c","","checklist-sectioned","not-started","Fix 2 Checklist  (13/08/2020)","checklist","FALSE","FALSE","Hydraulics","TA2","Ground","TA2-G.09","Fix 2"
"6f107940-8565-4a57-9658-95453eb5a98a","","folder-normal","work-in-progress","","step","TRUE","FALSE","Hydraulics","TA2","Ground","TA2-G.10"
"273a3b52-2c0a-452f-b085-47e4b5a812a4","","checklist-sectioned","work-in-progress","Fix 1 (full) Checklist (13/08/2020)","checklist","FALSE","FALSE","Hydraulics","TA2","Ground","TA2-G.10","Fix 1"
"a64ca5fc-0529-4ac7-ac83-09a5d593e57e","","checklist-sectioned","not-started","Fix 2 Checklist  (13/08/2020)","checklist","FALSE","FALSE","Hydraulics","TA2","Ground","TA2-G.10","Fix 2"
"563426a5-c849-4251-89d0-cf05fb05a297","","folder-normal","work-in-progress","","step","TRUE","FALSE","Hydraulics","TA2","Ground","TA2-G.11"
"ebed78a7-e79b-4513-87a3-af78441ccf23","","checklist-sectioned","work-in-progress","Fix 1 (full) Checklist (13/08/2020)","checklist","FALSE","FALSE","Hydraulics","TA2","Ground","TA2-G.11","Fix 1"
"be02a7de-9149-4716-8a19-30499d8e9b2e","","checklist-sectioned","not-started","Fix 2 Checklist  (13/08/2020)","checklist","FALSE","FALSE","Hydraulics","TA2","Ground","TA2-G.11","Fix 2"
"e8e26199-f680-43dc-a476-73e312b5f895","","folder-normal","not-started","","step","TRUE","FALSE","Hydraulics","TA2","Ground","TA2-G.12"
"68bc10b6-4559-4481-b1ba-c80229bf96ab","","checklist-sectioned","not-started","Fix 1 (full) Checklist (13/08/2020)","checklist","FALSE","FALSE","Hydraulics","TA2","Ground","TA2-G.12","Fix 1"
"ffa3ecc1-bad6-479d-9a06-bf0d357fef0c","","checklist-sectioned","not-started","Fix 2 Checklist  (13/08/2020)","checklist","FALSE","FALSE","Hydraulics","TA2","Ground","TA2-G.12","Fix 2"
"da96ba9b-6843-4faf-be13-2555b169da6e","","folder-normal","work-in-progress","","step","TRUE","FALSE","Hydraulics","TA2","Ground","TA2-G.13"
"5a87d50c-f7ae-4f58-9c6c-2bf7d45212d2","","checklist-sectioned","work-in-progress","Fix 1 (full) Checklist (13/08/2020)","checklist","FALSE","FALSE","Hydraulics","TA2","Ground","TA2-G.13","Fix 1"
"e6d89701-86dd-4213-afd4-9862c0298d7a","","checklist-sectioned","not-started","Fix 2 Checklist  (13/08/2020)","checklist","FALSE","FALSE","Hydraulics","TA2","Ground","TA2-G.13","Fix 2"
"c4b5ccd9-6432-4af9-9e0d-d06245b860f8","","folder-normal","work-in-progress","","step","TRUE","FALSE","Hydraulics","TA2","Ground","TA2-G.14"
"a206e03d-3274-4c08-af6d-71128562b2bf","","checklist-sectioned","work-in-progress","Fix 1 (full) Checklist (13/08/2020)","checklist","FALSE","FALSE","Hydraulics","TA2","Ground","TA2-G.14","Fix 1"
"0dbd9d92-ec36-48fe-b96d-2ddfe48130ed","","checklist-sectioned","not-started","Fix 2 Checklist  (13/08/2020)","checklist","FALSE","FALSE","Hydraulics","TA2","Ground","TA2-G.14","Fix 2"
"150badae-9daa-4c4e-9c13-a54ed1796bad","","folder-normal","work-in-progress","","step","TRUE","FALSE","Hydraulics","TA2","Ground","TA2-G.15"
"b21ce1f4-7f87-43cb-a5b4-a6b9a208aa6d","","checklist-sectioned","work-in-progress","Fix 1 (full) Checklist (13/08/2020)","checklist","FALSE","FALSE","Hydraulics","TA2","Ground","TA2-G.15","Fix 1"
"b7dcc3ad-1d58-4791-94f4-ae5a1d9c979e","","checklist-sectioned","not-started","Fix 2 Checklist  (13/08/2020)","checklist","FALSE","FALSE","Hydraulics","TA2","Ground","TA2-G.15","Fix 2"
"6a3c2855-2c57-4ec0-8470-2925bfd4d88d","","checklist-flat","pass","Slab Penetrations Template (13/08/2020)","checklist-flat","FALSE","FALSE","Hydraulics","TA2","Ground","Slab Penetration Pour 1"
"d480f704-6621-47cd-9336-68702650a0be","","checklist-flat","pass","Slab Penetrations Template (13/08/2020)","checklist-flat","FALSE","FALSE","Hydraulics","TA2","Ground","Slab Penetration Pour 2"
"b33eb46b-c73f-4164-aa3f-75b96ea228fa","","checklist-flat","work-in-progress","Sewer BG   (13/08/2020)","checklist-flat","FALSE","FALSE","Hydraulics","TA2","Ground","Sewer BG"
"3f69ac9a-9b3f-4882-ae5e-248db845b52e","","folder-normal","pass","","step","TRUE","FALSE","Hydraulics","TA2","Ground","TA2-G. 16"
"59bb3954-4c94-47e2-bbd8-388d2ef2d049","","checklist-flat","pass","Sewer AG (13/08/2020)","checklist-flat","FALSE","FALSE","Hydraulics","TA2","Ground","TA2-G. 16","Sewer AG"
"76da684e-dcf9-4ed2-93ec-63b05d55028b","","checklist-flat","pass","Stormwater AG   (13/08/2020)","checklist-flat","FALSE","FALSE","Hydraulics","TA2","Ground","TA2-G. 16","Stormwater AG"
"24cc5a15-b9e2-47df-b0f1-88ff980aef6b","","folder-normal","fail","","step","TRUE","FALSE","Hydraulics","TA2","Level 1"
"98db4a0b-e010-45b5-8dd4-3a9e41295c24","","checklist-sectioned","not-started","Corridor Template  (13/08/2020)","checklist","FALSE","FALSE","Hydraulics","TA2","Level 1","Overall Floor Plan"
"1afe7c85-9309-474c-827e-d65ef8902092","","folder-normal","fail","","step","TRUE","FALSE","Hydraulics","TA2","Level 1","TA2-1.01"
"81e69d01-46e9-4025-a700-31ea89e26f83","","checklist-sectioned","fail","Fix 1 (full) Checklist (13/08/2020)","checklist","FALSE","FALSE","Hydraulics","TA2","Level 1","TA2-1.01","Fix 1"
"a9916f10-264d-4a52-babb-513fce09f376","","checklist-sectioned","not-started","Fix 2 Checklist  (13/08/2020)","checklist","FALSE","FALSE","Hydraulics","TA2","Level 1","TA2-1.01","Fix 2"
"45ca09ac-a99c-4663-9443-8e6497b8166b","","folder-normal","fail","","step","TRUE","FALSE","Hydraulics","TA2","Level 1","TA2-1.02"
"64813795-bd0e-4020-971e-8d825582a59a","","checklist-sectioned","fail","Fix 1 (full) Checklist (13/08/2020)","checklist","FALSE","FALSE","Hydraulics","TA2","Level 1","TA2-1.02","Fix 1"
"a4316c98-f6ca-4ad0-b2e5-c30b3eb5ee1e","","checklist-sectioned","not-started","Fix 2 Checklist  (13/08/2020)","checklist","FALSE","FALSE","Hydraulics","TA2","Level 1","TA2-1.02","Fix 2"
"80d4a1f5-febc-41ae-a156-d845ba9fb435","","folder-normal","fail","","step","TRUE","FALSE","Hydraulics","TA2","Level 1","TA2-1.03"
"66ebf216-5d43-4de8-941f-996b7f9fb04b","","checklist-sectioned","fail","Fix 1 (full) Checklist (13/08/2020)","checklist","FALSE","FALSE","Hydraulics","TA2","Level 1","TA2-1.03","Fix 1"
"600bc617-ad7e-4c90-b294-61039a4c4ff5","","checklist-sectioned","not-started","Fix 2 Checklist  (13/08/2020)","checklist","FALSE","FALSE","Hydraulics","TA2","Level 1","TA2-1.03","Fix 2"
"200d5652-5c8c-4ccf-ab08-fcd4581aa32c","","folder-normal","fail","","step","TRUE","FALSE","Hydraulics","TA2","Level 1","TA2-1.04"
"3e19f3b0-1cd1-4d2e-b39d-ef55183a8aa7","","checklist-sectioned","fail","Fix 1 (full) Checklist (13/08/2020)","checklist","FALSE","FALSE","Hydraulics","TA2","Level 1","TA2-1.04","Fix 1"
"508ab5ea-66b9-4d75-b14d-4ce24ea4f955","","checklist-sectioned","not-started","Fix 2 Checklist  (13/08/2020)","checklist","FALSE","FALSE","Hydraulics","TA2","Level 1","TA2-1.04","Fix 2"
"ca7ae1b1-c6f8-4858-84ba-6a1f9556c712","","folder-normal","fail","","step","TRUE","FALSE","Hydraulics","TA2","Level 1","TA2-1.05"
"8bca6455-14b1-4d3f-8350-397874786298","","checklist-sectioned","fail","Fix 1 (full) Checklist (13/08/2020)","checklist","FALSE","FALSE","Hydraulics","TA2","Level 1","TA2-1.05","Fix 1"
"7b135bfc-20fd-4efe-8261-d9b4b0045088","","checklist-sectioned","not-started","Fix 2 Checklist  (13/08/2020)","checklist","FALSE","FALSE","Hydraulics","TA2","Level 1","TA2-1.05","Fix 2"
"2a863020-c14d-4582-b906-14aa6e61e095","","folder-normal","fail","","step","TRUE","FALSE","Hydraulics","TA2","Level 1","TA2-1.06"
"9103e6c6-96c3-418a-97f7-226e9c543082","","checklist-sectioned","fail","Fix 1 (full) Checklist (13/08/2020)","checklist","FALSE","FALSE","Hydraulics","TA2","Level 1","TA2-1.06","Fix 1"
"8f4fcead-d168-4a84-a006-a0942ada54e3","","checklist-sectioned","not-started","Fix 2 Checklist  (13/08/2020)","checklist","FALSE","FALSE","Hydraulics","TA2","Level 1","TA2-1.06","Fix 2"
"444e560f-cc05-4b53-a85e-a9eab11799b9","","folder-normal","fail","","step","TRUE","FALSE","Hydraulics","TA2","Level 1","TA2-1.07"
"7db4a54a-d65f-4032-bb63-28018d19b07f","","checklist-sectioned","fail","Fix 1 (full) Checklist (13/08/2020)","checklist","FALSE","FALSE","Hydraulics","TA2","Level 1","TA2-1.07","Fix 1"
"76db04e6-f355-4769-a2a2-af7ebb311805","","checklist-sectioned","not-started","Fix 2 Checklist  (13/08/2020)","checklist","FALSE","FALSE","Hydraulics","TA2","Level 1","TA2-1.07","Fix 2"
"3225d784-7378-42fe-93cb-c1e1e50310d3","","folder-normal","not-started","","step","TRUE","FALSE","Hydraulics","TA2","Level 1","TA2-1.08"
"0d351f50-61ca-4fbb-8bff-d353cf25f410","","checklist-sectioned","not-started","Fix 1 (full) Checklist (13/08/2020)","checklist","FALSE","FALSE","Hydraulics","TA2","Level 1","TA2-1.08","Fix 1"
"b0301271-763d-44fe-a27c-8c9ce5c70a26","","checklist-sectioned","not-started","Fix 2 Checklist  (13/08/2020)","checklist","FALSE","FALSE","Hydraulics","TA2","Level 1","TA2-1.08","Fix 2"
"8c9c1cbb-dea0-4713-95de-82c79c2ee0ee","","folder-normal","not-started","","step","TRUE","FALSE","Hydraulics","TA2","Level 1","TA2-1.09"
"374fb40a-e7c3-4fc5-8197-8bad414a96e6","","checklist-sectioned","not-started","Fix 1 (full) Checklist (13/08/2020)","checklist","FALSE","FALSE","Hydraulics","TA2","Level 1","TA2-1.09","Fix 1"
"46cf779f-2e72-4df2-b6cf-c06997601ff6","","checklist-sectioned","not-started","Fix 2 Checklist  (13/08/2020)","checklist","FALSE","FALSE","Hydraulics","TA2","Level 1","TA2-1.09","Fix 2"
"f5ded4d6-4083-4ed9-8d24-0cffab17a78c","","folder-normal","not-started","","step","TRUE","FALSE","Hydraulics","TA2","Level 1","TA2-1.10"
"d19f154b-19f3-4f11-9917-6b2f92c09dcb","","checklist-sectioned","not-started","Fix 1 (full) Checklist (13/08/2020)","checklist","FALSE","FALSE","Hydraulics","TA2","Level 1","TA2-1.10","Fix 1"
"628b7f28-02ec-4dba-8627-bead72407398","","checklist-sectioned","not-started","Fix 2 Checklist  (13/08/2020)","checklist","FALSE","FALSE","Hydraulics","TA2","Level 1","TA2-1.10","Fix 2"
"07571ddb-388e-4392-be0a-f7d9b4f3bf09","","folder-normal","not-started","","step","TRUE","FALSE","Hydraulics","TA2","Level 1","TA2-1.11"
"b46d5f34-0c2c-44c7-b80c-13a1e2e2b440","","checklist-sectioned","not-started","Fix 1 (full) Checklist (13/08/2020)","checklist","FALSE","FALSE","Hydraulics","TA2","Level 1","TA2-1.11","Fix 1"
"72701a4a-8517-4b9c-836e-b007359a7c1d","","checklist-sectioned","not-started","Fix 2 Checklist  (13/08/2020)","checklist","FALSE","FALSE","Hydraulics","TA2","Level 1","TA2-1.11","Fix 2"
"49c2555f-0cce-4a85-b13b-aa826ae2c206","","folder-normal","not-started","","step","TRUE","FALSE","Hydraulics","TA2","Level 1","TA2-1.12"
"b9c53d5d-84f4-49d4-8013-9dad568a005b","","checklist-sectioned","not-started","Fix 1 (full) Checklist (13/08/2020)","checklist","FALSE","FALSE","Hydraulics","TA2","Level 1","TA2-1.12","Fix 1"
"15dd8943-4d08-40f8-8d25-05956bbfe63c","","checklist-sectioned","not-started","Fix 2 Checklist  (13/08/2020)","checklist","FALSE","FALSE","Hydraulics","TA2","Level 1","TA2-1.12","Fix 2"
"3a168e54-d6ed-49d8-b6c9-49b3755c300a","","folder-normal","not-started","","step","TRUE","FALSE","Hydraulics","TA2","Level 1","TA2-1.13"
"7aa33c20-652a-48c6-883a-bfa253a921ae","","checklist-sectioned","not-started","Fix 1 (full) Checklist (13/08/2020)","checklist","FALSE","FALSE","Hydraulics","TA2","Level 1","TA2-1.13","Fix 1"
"370abde0-cf6f-4246-bf88-54b3b279377f","","checklist-sectioned","not-started","Fix 2 Checklist  (13/08/2020)","checklist","FALSE","FALSE","Hydraulics","TA2","Level 1","TA2-1.13","Fix 2"
"6b9c88be-530b-41d0-8e6c-60d8295f78a3","","folder-normal","not-started","","step","TRUE","FALSE","Hydraulics","TA2","Level 1","TA2-1.14"
"d684f5c1-a605-4400-8f2b-053bc54045dc","","checklist-sectioned","not-started","Fix 1 (full) Checklist (13/08/2020)","checklist","FALSE","FALSE","Hydraulics","TA2","Level 1","TA2-1.14","Fix 1"
"d0605261-abac-445b-be00-fb5f7e7c0c87","","checklist-sectioned","not-started","Fix 2 Checklist  (13/08/2020)","checklist","FALSE","FALSE","Hydraulics","TA2","Level 1","TA2-1.14","Fix 2"
"674c08a0-d121-4ebc-b773-d005f5ef23c1","","folder-normal","not-started","","step","TRUE","FALSE","Hydraulics","TA2","Level 1","TA2-1.15"
"862c84f8-b1f7-4b43-a882-bfa9cc841a08","","checklist-sectioned","not-started","Fix 1 (full) Checklist (13/08/2020)","checklist","FALSE","FALSE","Hydraulics","TA2","Level 1","TA2-1.15","Fix 1"
"1183e8ac-84ee-436c-9e91-c7cc703015d9","","checklist-sectioned","not-started","Fix 2 Checklist  (13/08/2020)","checklist","FALSE","FALSE","Hydraulics","TA2","Level 1","TA2-1.15","Fix 2"
"9d3976a8-13d3-4f1e-bbc9-8b99263e7197","","folder-normal","not-started","","step","TRUE","FALSE","Hydraulics","TA2","Level 1","TA2-1.16"
"9d9965b2-60b5-47e1-8314-ca699757ca3f","","checklist-sectioned","not-started","Fix 1 (full) Checklist (13/08/2020)","checklist","FALSE","FALSE","Hydraulics","TA2","Level 1","TA2-1.16","Fix 1"
"00e42e5c-6798-404c-9f2e-d360ee9a4a90","","checklist-sectioned","not-started","Fix 2 Checklist  (13/08/2020)","checklist","FALSE","FALSE","Hydraulics","TA2","Level 1","TA2-1.16","Fix 2"
"4579ecd7-bd2e-4e01-bcf4-28b1beabe07d","","checklist-flat","pass","Slab Penetrations Template (13/08/2020)","checklist-flat","FALSE","FALSE","Hydraulics","TA2","Level 1","Slab Penetration - Pour 1"
"8260f245-bc19-47da-a7da-8804bce7bcf0","","checklist-flat","pass","Slab Penetrations Template (13/08/2020)","checklist-flat","FALSE","FALSE","Hydraulics","TA2","Level 1","Slab Penetration - Pour 2"
"813190f0-cc7c-40a3-b8d9-d194fdad3e4d","","folder-normal","work-in-progress","","step","TRUE","FALSE","Hydraulics","TA2","Level 2"
"9f5adc05-013f-47fc-b78f-e08c5d6f5a16","","checklist-sectioned","not-started","Corridor Template  (13/08/2020)","checklist","FALSE","FALSE","Hydraulics","TA2","Level 2","Overall Floor Plan"
"1a97c992-286c-4cab-aeee-4f9f68fff136","","folder-normal","not-started","","step","TRUE","FALSE","Hydraulics","TA2","Level 2","TA2-2.01"
"e9cf8f29-b8b4-4418-a7de-20fc2afdd826","","checklist-sectioned","not-started","Fix 1 (full) Checklist (13/08/2020)","checklist","FALSE","FALSE","Hydraulics","TA2","Level 2","TA2-2.01","Fix 1"
"fa70c64b-c54e-4aaf-96e7-4d1e7b0a060e","","checklist-sectioned","not-started","Fix 2 Checklist  (13/08/2020)","checklist","FALSE","FALSE","Hydraulics","TA2","Level 2","TA2-2.01","Fix 2"
"4fbfa9e4-5b51-4308-8b33-0e347ae08040","","folder-normal","not-started","","step","TRUE","FALSE","Hydraulics","TA2","Level 2","TA2-2.02"
"fd44c780-c947-402d-9367-0382c8f67bfa","","checklist-sectioned","not-started","Fix 1 (full) Checklist (13/08/2020)","checklist","FALSE","FALSE","Hydraulics","TA2","Level 2","TA2-2.02","Fix 1"
"de791458-13ab-48d2-bcff-ab9993225c34","","checklist-sectioned","not-started","Fix 2 Checklist  (13/08/2020)","checklist","FALSE","FALSE","Hydraulics","TA2","Level 2","TA2-2.02","Fix 2"
"8b722813-2e4e-48ab-93d1-51c96d629ad6","","folder-normal","not-started","","step","TRUE","FALSE","Hydraulics","TA2","Level 2","TA2-2.03"
"6bf3b39a-3142-4a43-85bd-250a348f5c1d","","checklist-sectioned","not-started","Fix 1 (full) Checklist (13/08/2020)","checklist","FALSE","FALSE","Hydraulics","TA2","Level 2","TA2-2.03","Fix 1"
"14b2fd93-d20a-49c1-8fb3-3bee9225e279","","checklist-sectioned","not-started","Fix 2 Checklist  (13/08/2020)","checklist","FALSE","FALSE","Hydraulics","TA2","Level 2","TA2-2.03","Fix 2"
"516aa8b9-8771-4ed8-9c11-a4923775b202","","folder-normal","not-started","","step","TRUE","FALSE","Hydraulics","TA2","Level 2","TA2-2.04"
"51216e40-c5a5-44a7-bd46-c0d1ef591e15","","checklist-sectioned","not-started","Fix 1 (full) Checklist (13/08/2020)","checklist","FALSE","FALSE","Hydraulics","TA2","Level 2","TA2-2.04","Fix 1"
"0d740735-4626-4375-b9bd-42356cb85e33","","checklist-sectioned","not-started","Fix 2 Checklist  (13/08/2020)","checklist","FALSE","FALSE","Hydraulics","TA2","Level 2","TA2-2.04","Fix 2"
"c5bdca22-e91e-46e0-b9f3-6105f6bf551a","","folder-normal","not-started","","step","TRUE","FALSE","Hydraulics","TA2","Level 2","TA2-2.05"
"a9943316-4c60-4c05-81c8-b5b10eb46d3d","","checklist-sectioned","not-started","Fix 1 (full) Checklist (13/08/2020)","checklist","FALSE","FALSE","Hydraulics","TA2","Level 2","TA2-2.05","Fix 1"
"7dfdd7ff-2f91-4f1e-a5f3-6f492b11872d","","checklist-sectioned","not-started","Fix 2 Checklist  (13/08/2020)","checklist","FALSE","FALSE","Hydraulics","TA2","Level 2","TA2-2.05","Fix 2"
"cf96e540-ed5a-4b62-8638-ebc163d55ebd","","folder-normal","not-started","","step","TRUE","FALSE","Hydraulics","TA2","Level 2","TA2-2.06"
"ea0671e3-6cca-49db-a5d0-d985092f252f","","checklist-sectioned","not-started","Fix 1 (full) Checklist (13/08/2020)","checklist","FALSE","FALSE","Hydraulics","TA2","Level 2","TA2-2.06","Fix 1"
"15642401-dc8e-449b-8f86-70e2e00c49ab","","checklist-sectioned","not-started","Fix 2 Checklist  (13/08/2020)","checklist","FALSE","FALSE","Hydraulics","TA2","Level 2","TA2-2.06","Fix 2"
"cd176d96-b864-4fda-af69-af43795f1c61","","folder-normal","not-started","","step","TRUE","FALSE","Hydraulics","TA2","Level 2","TA2-2.07"
"8f926198-ac9a-4e74-a77d-ca73caf9f598","","checklist-sectioned","not-started","Fix 1 (full) Checklist (13/08/2020)","checklist","FALSE","FALSE","Hydraulics","TA2","Level 2","TA2-2.07","Fix 1"
"ed3573a4-65a1-456f-ae8d-580b750256c7","","checklist-sectioned","not-started","Fix 2 Checklist  (13/08/2020)","checklist","FALSE","FALSE","Hydraulics","TA2","Level 2","TA2-2.07","Fix 2"
"8a8409b1-43c1-4dad-8e9c-0ad4d1e04ce6","","folder-normal","not-started","","step","TRUE","FALSE","Hydraulics","TA2","Level 2","TA2-2.08"
"b7afa307-7e59-4b6c-b2c7-5a3573f44e99","","checklist-sectioned","not-started","Fix 1 (full) Checklist (13/08/2020)","checklist","FALSE","FALSE","Hydraulics","TA2","Level 2","TA2-2.08","Fix 1"
"40002601-973e-4f66-974d-2913c20025e2","","checklist-sectioned","not-started","Fix 2 Checklist  (13/08/2020)","checklist","FALSE","FALSE","Hydraulics","TA2","Level 2","TA2-2.08","Fix 2"
"f5f57084-9504-41ca-8ea3-1179f25d5957","","folder-normal","not-started","","step","TRUE","FALSE","Hydraulics","TA2","Level 2","TA2-2.09"
"e7d0ebc0-3e33-42c8-a575-67d9002a7781","","checklist-sectioned","not-started","Fix 1 (full) Checklist (13/08/2020)","checklist","FALSE","FALSE","Hydraulics","TA2","Level 2","TA2-2.09","Fix 1"
"a8627186-075c-493d-9a5c-ca1abe9555a8","","checklist-sectioned","not-started","Fix 2 Checklist  (13/08/2020)","checklist","FALSE","FALSE","Hydraulics","TA2","Level 2","TA2-2.09","Fix 2"
"aa81064f-551b-4c99-a6e0-8a0cf8d6c2ee","","folder-normal","not-started","","step","TRUE","FALSE","Hydraulics","TA2","Level 2","TA2-2.10"
"eb784c60-5d49-455a-b938-1d7b4d3ea032","","checklist-sectioned","not-started","Fix 1 (full) Checklist (13/08/2020)","checklist","FALSE","FALSE","Hydraulics","TA2","Level 2","TA2-2.10","Fix 1"
"ae4c422b-18f0-4de6-9066-3bf7de808752","","checklist-sectioned","not-started","Fix 2 Checklist  (13/08/2020)","checklist","FALSE","FALSE","Hydraulics","TA2","Level 2","TA2-2.10","Fix 2"
"a543f62e-ee54-46ce-a202-4dd7b9e12097","","folder-normal","not-started","","step","TRUE","FALSE","Hydraulics","TA2","Level 2","TA2-2.11"
"4c72e78d-2fe9-4eb4-8f25-42bafc3f735d","","checklist-sectioned","not-started","Fix 1 (full) Checklist (13/08/2020)","checklist","FALSE","FALSE","Hydraulics","TA2","Level 2","TA2-2.11","Fix 1"
"a2c90e12-267b-49a4-bba3-2ca41e4b9570","","checklist-sectioned","not-started","Fix 2 Checklist  (13/08/2020)","checklist","FALSE","FALSE","Hydraulics","TA2","Level 2","TA2-2.11","Fix 2"
"6cfbb501-d0f9-49c1-a3e8-5c26665fc9a1","","folder-normal","not-started","","step","TRUE","FALSE","Hydraulics","TA2","Level 2","TA2-2.12"
"5de0dbc8-27be-4c4a-8671-fb633f223703","","checklist-sectioned","not-started","Fix 1 (full) Checklist (13/08/2020)","checklist","FALSE","FALSE","Hydraulics","TA2","Level 2","TA2-2.12","Fix 1"
"ff84e5e8-8b74-4a07-84e8-6ea54f366c68","","checklist-sectioned","not-started","Fix 2 Checklist  (13/08/2020)","checklist","FALSE","FALSE","Hydraulics","TA2","Level 2","TA2-2.12","Fix 2"
"b36a762d-9511-4bd1-9dc9-fdcc92675e85","","folder-normal","not-started","","step","TRUE","FALSE","Hydraulics","TA2","Level 2","TA2-2.13"
"feac5f1d-c4d0-4fc2-bf97-7afa1f59d176","","checklist-sectioned","not-started","Fix 1 (full) Checklist (13/08/2020)","checklist","FALSE","FALSE","Hydraulics","TA2","Level 2","TA2-2.13","Fix 1"
"1b9458b8-ebc9-4905-b1ac-ec07029ec0d8","","checklist-sectioned","not-started","Fix 2 Checklist  (13/08/2020)","checklist","FALSE","FALSE","Hydraulics","TA2","Level 2","TA2-2.13","Fix 2"
"835bbd46-5644-4a1b-a539-fc8384fc2010","","folder-normal","not-started","","step","TRUE","FALSE","Hydraulics","TA2","Level 2","TA2-2.14"
"acf62b8b-0f82-4aea-bf07-66c6cd385eb3","","checklist-sectioned","not-started","Fix 1 (full) Checklist (13/08/2020)","checklist","FALSE","FALSE","Hydraulics","TA2","Level 2","TA2-2.14","Fix 1"
"8a6ea6b7-4251-4c57-979e-1963b37956e8","","checklist-sectioned","not-started","Fix 2 Checklist  (13/08/2020)","checklist","FALSE","FALSE","Hydraulics","TA2","Level 2","TA2-2.14","Fix 2"
"9842791f-527c-4af6-9be8-28a06ca17318","","folder-normal","not-started","","step","TRUE","FALSE","Hydraulics","TA2","Level 2","TA2-2.15"
"9dff03ef-cf23-42a9-b73e-f2b1a043865d","","checklist-sectioned","not-started","Fix 1 (full) Checklist (13/08/2020)","checklist","FALSE","FALSE","Hydraulics","TA2","Level 2","TA2-2.15","Fix 1"
"c69db01c-d5d9-4469-962b-34468706a419","","checklist-sectioned","not-started","Fix 2 Checklist  (13/08/2020)","checklist","FALSE","FALSE","Hydraulics","TA2","Level 2","TA2-2.15","Fix 2"
"4aae15ac-0d14-43a2-b841-baedeb7085e2","","folder-normal","not-started","","step","TRUE","FALSE","Hydraulics","TA2","Level 2","TA2-2.16"
"27869efb-2874-42a2-ac8b-2de6446ac7da","","checklist-sectioned","not-started","Fix 1 (full) Checklist (13/08/2020)","checklist","FALSE","FALSE","Hydraulics","TA2","Level 2","TA2-2.16","Fix 1"
"11d93965-3cdf-49b7-b8f7-865c247d65e7","","checklist-sectioned","not-started","Fix 2 Checklist  (13/08/2020)","checklist","FALSE","FALSE","Hydraulics","TA2","Level 2","TA2-2.16","Fix 2"
"57d82952-e08c-4f62-a9f2-6b4a402e6f17","","checklist-flat","pass","Slab Penetrations Template (13/08/2020)","checklist-flat","FALSE","FALSE","Hydraulics","TA2","Level 2","Slab Penetration - Pour 1"
"2b60d77e-c8a9-41cc-9127-3b22644d6928","","checklist-flat","pass","Slab Penetrations Template (13/08/2020)","checklist-flat","FALSE","FALSE","Hydraulics","TA2","Level 2","Slab Penetration - Pour 2"
"0df1bb88-97e7-460b-a343-49f43c4fae6e","","folder-normal","work-in-progress","","step","TRUE","FALSE","Hydraulics","TA2","Roof"
"1e585a53-6bc7-4777-a220-65c6d6ab974b","","checklist-sectioned","not-started","Corridor Template  (13/08/2020)","checklist","FALSE","FALSE","Hydraulics","TA2","Roof","Overall Floor Plan"
"0cfb1368-e2fe-4289-a464-45ffe57555b7","","folder-normal","not-started","","step","TRUE","FALSE","Hydraulics","TA2","Roof","Plant Room"
"a4104609-6277-4ead-90d9-07ffe7f116e2","","checklist-sectioned","not-started","Fix 1 (full) Checklist (13/08/2020)","checklist","FALSE","FALSE","Hydraulics","TA2","Roof","Plant Room","Fix 1"
"cb82702a-e6f0-43cd-a376-a3183b599d18","","checklist-flat","work-in-progress","Slab Penetrations Template (13/08/2020)","checklist-flat","FALSE","FALSE","Hydraulics","TA2","Roof","Slab Penetration - Pour 1"
"525d6d72-77b5-473f-9299-1146bef0b047","","checklist-flat","work-in-progress","Slab Penetrations Template (13/08/2020)","checklist-flat","FALSE","FALSE","Hydraulics","TA2","Roof","Slab Penetration - Pour 2"
"26e3bace-72e0-4e2b-a789-4d588b299996","","folder-normal","fail","","step","TRUE","FALSE","Hydraulics","TA3"
"f1c585eb-49b3-41cd-885a-0eaa2b3cce50","","folder-normal","fail","","step","TRUE","FALSE","Hydraulics","TA3","Ground"
"88c12fd9-a6e7-47a6-b698-a8bb8d0aa884","","folder-normal","work-in-progress","","step","TRUE","FALSE","Hydraulics","TA3","Ground","Overall Floor Plan"
"ca09bd62-0a14-4e6c-8433-7658b785390d","","checklist-flat","work-in-progress","Stormwater BG   (13/08/2020)","checklist-flat","FALSE","FALSE","Hydraulics","TA3","Ground","Overall Floor Plan","Stormwater BG"
"48ea922d-06bf-4f65-97b9-be95a4e159e5","","checklist-flat","work-in-progress","Sewer BG   (13/08/2020)","checklist-flat","FALSE","FALSE","Hydraulics","TA3","Ground","Overall Floor Plan","Sewer BG"
"4367fdbe-076d-4e70-a2f5-eb4114deed4d","","checklist-sectioned","work-in-progress","Corridor Template  (13/08/2020)","checklist","FALSE","FALSE","Hydraulics","TA3","Ground","Overall Floor Plan","Corridor Template"
"8efa0c28-9851-47f7-9636-4e7cdad78282","","folder-normal","no-status-not-started","","step","FALSE","TRUE","Hydraulics","TA3","Ground","Overall Floor Plan","Water meter tap in by Yarra Valley Water"
"9b91fe62-9dbb-40e7-8d9c-2c5818c8d86b","","checklist-flat","work-in-progress","Fire Service BG   (13/08/2020)","checklist-flat","FALSE","FALSE","Hydraulics","TA3","Ground","Overall Floor Plan","Fire Service BG"
"e50521ca-287e-4a8a-8015-848d2c941a8b","","checklist-flat","work-in-progress","Cold Water BG   (13/08/2020)","checklist-flat","FALSE","FALSE","Hydraulics","TA3","Ground","Overall Floor Plan","Cold Water BG"
"53729461-88c0-4a42-8d83-8306b4f69ea6","","checklist-flat","not-started","Stormwater AG   (13/08/2020)","checklist-flat","FALSE","FALSE","Hydraulics","TA3","Ground","Overall Floor Plan","Stormwater AG"
"c71f47f6-b467-4818-aa08-70d2b4b4dcdd","","folder-normal","work-in-progress","","step","TRUE","FALSE","Hydraulics","TA3","Ground","TA3-B-G.01"
"44936b52-3553-447f-9fb6-8afdb1983508","","checklist-sectioned","work-in-progress","SYS - Fix 1 - v1","checklist","FALSE","FALSE","Hydraulics","TA3","Ground","TA3-B-G.01","Fix 1"
"31db3dc2-1964-4af8-bd45-601e01277620","","checklist-sectioned","not-started","Fix 2 Checklist  (13/08/2020)","checklist","FALSE","FALSE","Hydraulics","TA3","Ground","TA3-B-G.01","Fix 2"
"5e8961b2-4fd6-4faf-8697-7184106512da","","folder-normal","fail","","step","TRUE","FALSE","Hydraulics","TA3","Ground","TA3-B-G.02"
"4b434d76-ac7a-4ad7-969d-f75ccad150a7","","checklist-sectioned","fail","SYS - Fix 1 - v1","checklist","FALSE","FALSE","Hydraulics","TA3","Ground","TA3-B-G.02","Fix 1"
"2db61ff8-68db-441c-a83c-1e3e3821b0f9","","checklist-sectioned","not-started","Fix 2 Checklist  (13/08/2020)","checklist","FALSE","FALSE","Hydraulics","TA3","Ground","TA3-B-G.02","Fix 2"
"199bad3b-faf6-46dd-adbf-f1adc4a6e962","","folder-normal","fail","","step","TRUE","FALSE","Hydraulics","TA3","Ground","TA3-B-G.03"
"74c93e94-760a-472b-910a-9474ec8752cb","","checklist-sectioned","fail","SYS - Fix 1 - v1","checklist","FALSE","FALSE","Hydraulics","TA3","Ground","TA3-B-G.03","Fix 1"
"38238d17-4b74-4c16-b7d2-500939216023","","checklist-sectioned","not-started","Fix 2 Checklist  (13/08/2020)","checklist","FALSE","FALSE","Hydraulics","TA3","Ground","TA3-B-G.03","Fix 2"
"1a9f269c-2e2d-47e4-9263-23993b352d94","","folder-normal","fail","","step","TRUE","FALSE","Hydraulics","TA3","Ground","TA3-A-G.01"
"fab05bc2-703e-4452-b1c0-c7d8fbf8af88","","checklist-sectioned","fail","SYS - Fix 1 - v1","checklist","FALSE","FALSE","Hydraulics","TA3","Ground","TA3-A-G.01","Fix 1"
"28753935-2280-4dbb-b789-2afce7f2fd23","","checklist-sectioned","not-started","Fix 2 Checklist  (13/08/2020)","checklist","FALSE","FALSE","Hydraulics","TA3","Ground","TA3-A-G.01","Fix 2"
"10dd4cad-2f2c-491b-b411-c79e52c13dda","","folder-normal","work-in-progress","","step","TRUE","FALSE","Hydraulics","TA3","Ground","TA3-A-G.02"
"c82efad5-2167-4f28-8a8d-5266ea4305d9","","checklist-sectioned","work-in-progress","SYS - Fix 1 - v1","checklist","FALSE","FALSE","Hydraulics","TA3","Ground","TA3-A-G.02","Fix 1"
"00b4f65c-a078-40cc-9a7f-2d01ec51f213","","checklist-sectioned","not-started","Fix 2 Checklist  (13/08/2020)","checklist","FALSE","FALSE","Hydraulics","TA3","Ground","TA3-A-G.02","Fix 2"
"0efea535-6915-4668-a7a9-6e5a02809e82","","folder-normal","work-in-progress","","step","TRUE","FALSE","Hydraulics","TA3","Ground","TA3-A-G.03"
"9ace27c9-6739-4140-a8a3-62fe78c5db4a","","checklist-sectioned","work-in-progress","SYS - Fix 1 - v1","checklist","FALSE","FALSE","Hydraulics","TA3","Ground","TA3-A-G.03","Fix 1"
"39a74f14-a99f-45ef-b699-b093ad0563ed","","checklist-sectioned","not-started","Fix 2 Checklist  (13/08/2020)","checklist","FALSE","FALSE","Hydraulics","TA3","Ground","TA3-A-G.03","Fix 2"
"9b8b3cf3-f5e4-4bd8-9244-32127ce8897a","","folder-normal","fail","","step","TRUE","FALSE","Hydraulics","TA3","Ground","TA3-A-G.04"
"e8df86c5-c3b3-4b6b-8439-152a2f31cd44","","checklist-sectioned","fail","SYS - Fix 1 - v1","checklist","FALSE","FALSE","Hydraulics","TA3","Ground","TA3-A-G.04","Fix 1"
"50cafed4-98f2-4ec3-a9e5-8ec7a1f7e74b","","checklist-sectioned","not-started","Fix 2 Checklist  (13/08/2020)","checklist","FALSE","FALSE","Hydraulics","TA3","Ground","TA3-A-G.04","Fix 2"
"131a633e-5d98-4852-8b79-cc7a40a3991b","","checklist-flat","work-in-progress","In Ground Tank","checklist-flat","FALSE","FALSE","Hydraulics","TA3","Ground","In Ground Tank - Rainwater tank"
"f5bd5642-d87f-43c6-9b66-95bb1abf4d1e","","folder-normal","work-in-progress","","step","TRUE","FALSE","Hydraulics","TA3","Ground","TA3-A-G.50"
"0e2dc74c-3cf1-4da2-b98c-54df22961d05","","checklist-flat","work-in-progress","Drawings/Photos/Files Upload Checklist V.030821","checklist-flat","FALSE","FALSE","Hydraulics","TA3","Ground","TA3-A-G.50","Drawings/Photos/Files Upload -"
"6ae24095-e559-44b7-b15f-9b30a5f4e967","","folder-normal","work-in-progress","","step","TRUE","FALSE","Hydraulics","TA3","Ground","TA3 southern lobby"
"e8e74a92-5cfc-4f76-a7c2-979760ff917a","","checklist-flat","work-in-progress","Drawings/Photos/Files Upload Checklist V.030821","checklist-flat","FALSE","FALSE","Hydraulics","TA3","Ground","TA3 southern lobby","/Photos/"
"7e9b4922-793f-4b1d-a954-26cc2b1cd584","","folder-normal","work-in-progress","","step","TRUE","FALSE","Hydraulics","TA3","Level 2"
"14d4311b-9d67-42bf-832c-a55ac206be86","","checklist-sectioned","not-started","Corridor Template  (13/08/2020)","checklist","FALSE","FALSE","Hydraulics","TA3","Level 2","Overall Floor Plan"
"f190161b-87c5-4bc8-a46b-3981f101017a","","folder-normal","not-started","","step","TRUE","FALSE","Hydraulics","TA3","Level 2","TA3-B-2.01"
"0047e484-45d7-4471-9c49-9148611e1a44","","checklist-sectioned","not-started","Fix 1 (full) Checklist (13/08/2020)","checklist","FALSE","FALSE","Hydraulics","TA3","Level 2","TA3-B-2.01","Fix 1"
"e45cf353-6dac-4383-965f-5063289f32f2","","checklist-sectioned","not-started","Fix 2 Checklist  (13/08/2020)","checklist","FALSE","FALSE","Hydraulics","TA3","Level 2","TA3-B-2.01","Fix 2"
"25276171-ae9c-4439-b103-97f596b79d9e","","folder-normal","not-started","","step","TRUE","FALSE","Hydraulics","TA3","Level 2","TA3-B-2.02"
"a897ce2a-d7e9-4e3e-a659-af7f44aed9ed","","checklist-sectioned","not-started","Fix 1 (full) Checklist (13/08/2020)","checklist","FALSE","FALSE","Hydraulics","TA3","Level 2","TA3-B-2.02","Fix 1"
"44a26730-9cd1-470a-a098-f34c25be9bc4","","checklist-sectioned","not-started","Fix 2 Checklist  (13/08/2020)","checklist","FALSE","FALSE","Hydraulics","TA3","Level 2","TA3-B-2.02","Fix 2"
"8530fab4-1ad0-455e-8c81-6c65f38fa4c3","","folder-normal","not-started","","step","TRUE","FALSE","Hydraulics","TA3","Level 2","TA3-B-2.03"
"48655c76-1fdf-4a16-98f1-c15eaa8a3d69","","checklist-sectioned","not-started","Fix 1 (full) Checklist (13/08/2020)","checklist","FALSE","FALSE","Hydraulics","TA3","Level 2","TA3-B-2.03","Fix 1"
"1d3b6f53-76d9-4fb0-bb36-1fc2e673914b","","checklist-sectioned","not-started","Fix 2 Checklist  (13/08/2020)","checklist","FALSE","FALSE","Hydraulics","TA3","Level 2","TA3-B-2.03","Fix 2"
"9d2f2faa-1462-4d96-a1e3-a6a6c78d9400","","folder-normal","not-started","","step","TRUE","FALSE","Hydraulics","TA3","Level 2","TA3-B-2.04"
"2f031235-8f09-4c95-8e66-b49a46061ef7","","checklist-sectioned","not-started","Fix 1 (full) Checklist (13/08/2020)","checklist","FALSE","FALSE","Hydraulics","TA3","Level 2","TA3-B-2.04","Fix 1"
"b64ae52b-5b87-4486-9dca-edadece9e544","","checklist-sectioned","not-started","Fix 2 Checklist  (13/08/2020)","checklist","FALSE","FALSE","Hydraulics","TA3","Level 2","TA3-B-2.04","Fix 2"
"fbc0aafd-9b5e-4b78-a3dc-b5c1afaa2eca","","folder-normal","not-started","","step","TRUE","FALSE","Hydraulics","TA3","Level 2","TA3-B-2.05"
"29ae8f37-6003-4f8f-9c91-7183d2ac3ee5","","checklist-sectioned","not-started","Fix 1 (full) Checklist (13/08/2020)","checklist","FALSE","FALSE","Hydraulics","TA3","Level 2","TA3-B-2.05","Fix 1"
"ecbf8bd3-8bde-439a-8e78-6c0b2e2cd596","","checklist-sectioned","not-started","Fix 2 Checklist  (13/08/2020)","checklist","FALSE","FALSE","Hydraulics","TA3","Level 2","TA3-B-2.05","Fix 2"
"375c32d7-1f3f-45b1-b680-e6dbd6cc8569","","folder-normal","not-started","","step","TRUE","FALSE","Hydraulics","TA3","Level 2","TA3-B-2.06"
"c3285820-8bcb-486e-97ad-3d9067e1ed83","","checklist-sectioned","not-started","Fix 1 (full) Checklist (13/08/2020)","checklist","FALSE","FALSE","Hydraulics","TA3","Level 2","TA3-B-2.06","Fix 1"
"100f28fe-7c81-4e14-bc51-3aa7d0aceabd","","checklist-sectioned","not-started","Fix 2 Checklist  (13/08/2020)","checklist","FALSE","FALSE","Hydraulics","TA3","Level 2","TA3-B-2.06","Fix 2"
"3ee7c660-e3e4-41cb-9029-e00ccf2b038b","","folder-normal","not-started","","step","TRUE","FALSE","Hydraulics","TA3","Level 2","TA3-B-2.07"
"0b8f9842-614d-4273-bce4-d6d805c53ee9","","checklist-sectioned","not-started","Fix 1 (full) Checklist (13/08/2020)","checklist","FALSE","FALSE","Hydraulics","TA3","Level 2","TA3-B-2.07","Fix 1"
"7feb19d7-be00-4969-a903-c1ad8a496aec","","checklist-sectioned","not-started","Fix 2 Checklist  (13/08/2020)","checklist","FALSE","FALSE","Hydraulics","TA3","Level 2","TA3-B-2.07","Fix 2"
"0e3c6e3e-9422-40a1-b9e6-f9d216b821d7","","folder-normal","not-started","","step","TRUE","FALSE","Hydraulics","TA3","Level 2","TA3-B-2.08"
"48cdc298-31ee-4cd2-805f-9cdb876dddfe","","checklist-sectioned","not-started","Fix 1 (full) Checklist (13/08/2020)","checklist","FALSE","FALSE","Hydraulics","TA3","Level 2","TA3-B-2.08","Fix 1"
"9700a0dc-09e8-43fd-b27d-283d2ba89e12","","checklist-sectioned","not-started","Fix 2 Checklist  (13/08/2020)","checklist","FALSE","FALSE","Hydraulics","TA3","Level 2","TA3-B-2.08","Fix 2"
"8db401b7-8584-48d1-9b8f-c52ca9ccb395","","folder-normal","not-started","","step","TRUE","FALSE","Hydraulics","TA3","Level 2","TA3-B-2.09"
"7bd55be4-c6c8-4163-a893-f65da08f8378","","checklist-sectioned","not-started","Fix 1 (full) Checklist (13/08/2020)","checklist","FALSE","FALSE","Hydraulics","TA3","Level 2","TA3-B-2.09","Fix 1"
"ae2f765e-b600-4003-b21e-61e60d25bfad","","checklist-sectioned","not-started","Fix 2 Checklist  (13/08/2020)","checklist","FALSE","FALSE","Hydraulics","TA3","Level 2","TA3-B-2.09","Fix 2"
"4bcb3936-4a8c-4b99-a1b6-afd00c55162e","","folder-normal","not-started","","step","TRUE","FALSE","Hydraulics","TA3","Level 2","TA3-B-2.10"
"9a7687a6-d538-4de8-8a5f-4de1f40288bc","","checklist-sectioned","not-started","Fix 1 (full) Checklist (13/08/2020)","checklist","FALSE","FALSE","Hydraulics","TA3","Level 2","TA3-B-2.10","Fix 1"
"a6f3a1e8-cf05-4242-8d91-60e4c518cec0","","checklist-sectioned","not-started","Fix 2 Checklist  (13/08/2020)","checklist","FALSE","FALSE","Hydraulics","TA3","Level 2","TA3-B-2.10","Fix 2"
"89ce8881-3a65-4e80-b13f-0e4ab42d2d82","","checklist-flat","pass","Slab Penetrations Template (13/08/2020)","checklist-flat","FALSE","FALSE","Hydraulics","TA3","Level 2","Slab Penetration - Pour 1"
"6d9a9ca6-9dc6-44ad-a810-a34b5c643875","","checklist-flat","pass","Slab Penetrations Template (13/08/2020)","checklist-flat","FALSE","FALSE","Hydraulics","TA3","Level 2","Slab Penetration - Pour 2"
"15ddd0be-8e71-4f8e-a4d7-57985e659f3e","","folder-normal","work-in-progress","","step","TRUE","FALSE","Hydraulics","TA3","Level 2","TA3-A-2.01"
"c9cb75f1-fe6e-4e51-8b9f-4b66beee6b16","","checklist-sectioned","work-in-progress","Fix 1 (full) Checklist (13/08/2020)","checklist","FALSE","FALSE","Hydraulics","TA3","Level 2","TA3-A-2.01","Fix 1"
"450d5ebf-ed39-42bc-ad21-409972566a64","","checklist-sectioned","not-started","Fix 2 Checklist  (13/08/2020)","checklist","FALSE","FALSE","Hydraulics","TA3","Level 2","TA3-A-2.01","Fix 2"
"146b24be-f8d1-4652-af61-dedc2aaa5341","","folder-normal","work-in-progress","","step","TRUE","FALSE","Hydraulics","TA3","Level 2","TA3-A-2.02"
"1933077a-7013-4965-b8ac-1affbe3fc784","","checklist-sectioned","work-in-progress","Fix 1 (full) Checklist (13/08/2020)","checklist","FALSE","FALSE","Hydraulics","TA3","Level 2","TA3-A-2.02","Fix 1"
"75712c4f-9126-46cf-a023-993101228582","","checklist-sectioned","not-started","Fix 2 Checklist  (13/08/2020)","checklist","FALSE","FALSE","Hydraulics","TA3","Level 2","TA3-A-2.02","Fix 2"
"f5d8048d-c22a-4d21-bb53-de617acd004f","","folder-normal","work-in-progress","","step","TRUE","FALSE","Hydraulics","TA3","Level 2","TA3-A-2.03"
"a1969673-70c7-41e2-95dd-7c06b234f389","","checklist-sectioned","work-in-progress","Fix 1 (full) Checklist (13/08/2020)","checklist","FALSE","FALSE","Hydraulics","TA3","Level 2","TA3-A-2.03","Fix 1"
"fca9797b-0bc5-49f3-a6f0-b3bddfeba56d","","checklist-sectioned","not-started","Fix 2 Checklist  (13/08/2020)","checklist","FALSE","FALSE","Hydraulics","TA3","Level 2","TA3-A-2.03","Fix 2"
"7b2988f0-eaa8-4b80-bc8a-1c180eaa1f61","","folder-normal","work-in-progress","","step","TRUE","FALSE","Hydraulics","TA3","Level 2","TA3-A-2.04"
"d9a9dc5e-16a9-4a48-9b09-5dbfe72fbd91","","checklist-sectioned","work-in-progress","Fix 1 (full) Checklist (13/08/2020)","checklist","FALSE","FALSE","Hydraulics","TA3","Level 2","TA3-A-2.04","Fix 1"
"3244cced-747d-4689-9907-3eed65d384d7","","checklist-sectioned","not-started","Fix 2 Checklist  (13/08/2020)","checklist","FALSE","FALSE","Hydraulics","TA3","Level 2","TA3-A-2.04","Fix 2"
"06ed6755-6d63-4a6a-9776-b055184c599f","","folder-normal","work-in-progress","","step","TRUE","FALSE","Hydraulics","TA3","Level 2","TA3-A-2.05"
"8f40f830-15cb-4df2-9717-a750dca40c46","","checklist-sectioned","work-in-progress","Fix 1 (full) Checklist (13/08/2020)","checklist","FALSE","FALSE","Hydraulics","TA3","Level 2","TA3-A-2.05","Fix 1"
"013b8434-667a-4a96-8534-c83db96d9e20","","checklist-sectioned","not-started","Fix 2 Checklist  (13/08/2020)","checklist","FALSE","FALSE","Hydraulics","TA3","Level 2","TA3-A-2.05","Fix 2"
"a2c50efc-731c-48d3-9256-1fbc55078248","","folder-normal","work-in-progress","","step","TRUE","FALSE","Hydraulics","TA3","Level 2","TA3-A-2.06"
"506177b2-c8f3-464e-8b78-4089554764c3","","checklist-sectioned","work-in-progress","Fix 1 (full) Checklist (13/08/2020)","checklist","FALSE","FALSE","Hydraulics","TA3","Level 2","TA3-A-2.06","Fix 1"
"20c4785c-e13e-49a3-ad35-8af1a71fd14e","","checklist-sectioned","not-started","Fix 2 Checklist  (13/08/2020)","checklist","FALSE","FALSE","Hydraulics","TA3","Level 2","TA3-A-2.06","Fix 2"
"90598d4a-e980-447d-9046-ed7a2751f055","","folder-normal","work-in-progress","","step","TRUE","FALSE","Hydraulics","TA3","Level 2","TA3-A-2.07"
"35e879a3-144c-4344-b2a7-c0f7538e61f7","","checklist-sectioned","work-in-progress","Fix 1 (full) Checklist (13/08/2020)","checklist","FALSE","FALSE","Hydraulics","TA3","Level 2","TA3-A-2.07","Fix 1"
"db13ba69-e4ac-45e0-8544-f295f35016df","","checklist-sectioned","not-started","Fix 2 Checklist  (13/08/2020)","checklist","FALSE","FALSE","Hydraulics","TA3","Level 2","TA3-A-2.07","Fix 2"
"69d74dfa-fe79-4121-a504-2e14ffe62e8d","","folder-normal","work-in-progress","","step","TRUE","FALSE","Hydraulics","TA3","Level 4"
"69001809-9fa8-48f6-b150-bfe46fdbb883","","checklist-sectioned","not-started","Corridor Template  (13/08/2020)","checklist","FALSE","FALSE","Hydraulics","TA3","Level 4","Overall Floor Plan"
"157d4373-ba50-482c-b380-c648295b4f5e","","folder-normal","not-started","","step","TRUE","FALSE","Hydraulics","TA3","Level 4","TA3-B-4.01"
"5fee070e-cb7b-46c8-9309-887f12bdcfea","","checklist-sectioned","not-started","Fix 1 (full) Checklist (13/08/2020)","checklist","FALSE","FALSE","Hydraulics","TA3","Level 4","TA3-B-4.01","Fix 1"
"b2cf9958-8a12-4ac7-8b80-16154d1357f5","","checklist-sectioned","not-started","Fix 2 Checklist  (13/08/2020)","checklist","FALSE","FALSE","Hydraulics","TA3","Level 4","TA3-B-4.01","Fix 2"
"d6bbb184-738b-4ef3-9381-cbebe5d193b1","","folder-normal","not-started","","step","TRUE","FALSE","Hydraulics","TA3","Level 4","TA3-B-4.02"
"f2fa2932-a645-48e9-aeb4-4775e4373491","","checklist-sectioned","not-started","Fix 1 (full) Checklist (13/08/2020)","checklist","FALSE","FALSE","Hydraulics","TA3","Level 4","TA3-B-4.02","Fix 1"
"2e7f673c-45e0-4613-a40a-825329ea67f2","","checklist-sectioned","not-started","Fix 2 Checklist  (13/08/2020)","checklist","FALSE","FALSE","Hydraulics","TA3","Level 4","TA3-B-4.02","Fix 2"
"82c5c599-8525-443a-a4f2-e0ab77502ec5","","folder-normal","not-started","","step","TRUE","FALSE","Hydraulics","TA3","Level 4","TA3-B-4.03"
"dc8c5131-141f-46dc-9984-6c8b69e443f4","","checklist-sectioned","not-started","Fix 1 (full) Checklist (13/08/2020)","checklist","FALSE","FALSE","Hydraulics","TA3","Level 4","TA3-B-4.03","Fix 1"
"e88b9428-7811-479e-88f2-d8d50c156fb4","","checklist-sectioned","not-started","Fix 2 Checklist  (13/08/2020)","checklist","FALSE","FALSE","Hydraulics","TA3","Level 4","TA3-B-4.03","Fix 2"
"b4036655-f8b0-4db5-9a50-f602f88a4ae1","","folder-normal","not-started","","step","TRUE","FALSE","Hydraulics","TA3","Level 4","TA3-B-4.04"
"f5a04d66-6673-4d8f-b47d-c52b3884098f","","checklist-sectioned","not-started","Fix 1 (full) Checklist (13/08/2020)","checklist","FALSE","FALSE","Hydraulics","TA3","Level 4","TA3-B-4.04","Fix 1"
"54ebeefa-1cff-4a59-b1a4-b982ac13037f","","checklist-sectioned","not-started","Fix 2 Checklist  (13/08/2020)","checklist","FALSE","FALSE","Hydraulics","TA3","Level 4","TA3-B-4.04","Fix 2"
"df05fbad-0486-4da6-893a-96e80cc40543","","folder-normal","not-started","","step","TRUE","FALSE","Hydraulics","TA3","Level 4","TA3-B-4.05"
"3e756d4f-27c3-4d08-9f13-77c087b3b0f3","","checklist-sectioned","not-started","Fix 1 (full) Checklist (13/08/2020)","checklist","FALSE","FALSE","Hydraulics","TA3","Level 4","TA3-B-4.05","Fix 1"
"eec12336-6795-4f3a-a283-a6c86563d4ad","","checklist-sectioned","not-started","Fix 2 Checklist  (13/08/2020)","checklist","FALSE","FALSE","Hydraulics","TA3","Level 4","TA3-B-4.05","Fix 2"
"0624421e-5cf0-4674-b8d8-0680d19284dc","","folder-normal","not-started","","step","TRUE","FALSE","Hydraulics","TA3","Level 4","TA3-B-4.06"
"1b338d10-9f90-4748-be49-17c578162ede","","checklist-sectioned","not-started","Fix 1 (full) Checklist (13/08/2020)","checklist","FALSE","FALSE","Hydraulics","TA3","Level 4","TA3-B-4.06","Fix 1"
"9c0f218d-17a5-4005-aec5-388e28c4c3aa","","checklist-sectioned","not-started","Fix 2 Checklist  (13/08/2020)","checklist","FALSE","FALSE","Hydraulics","TA3","Level 4","TA3-B-4.06","Fix 2"
"db023b47-0db9-4fc6-a764-5bbb222835ce","","folder-normal","not-started","","step","TRUE","FALSE","Hydraulics","TA3","Level 4","TA3-B-4.07"
"14b05089-8b31-4434-bf03-7ebc50c36d89","","checklist-sectioned","not-started","Fix 1 (full) Checklist (13/08/2020)","checklist","FALSE","FALSE","Hydraulics","TA3","Level 4","TA3-B-4.07","Fix 1"
"5db2acd1-9078-49de-9399-3d1c0ea5ab19","","checklist-sectioned","not-started","Fix 2 Checklist  (13/08/2020)","checklist","FALSE","FALSE","Hydraulics","TA3","Level 4","TA3-B-4.07","Fix 2"
"a00ca3ac-3b79-4907-b42c-dc745fad9a04","","folder-normal","not-started","","step","TRUE","FALSE","Hydraulics","TA3","Level 4","TA3-B-4.08"
"05f1e2fc-ac4f-452a-b775-0741e791fe5d","","checklist-sectioned","not-started","Fix 1 (full) Checklist (13/08/2020)","checklist","FALSE","FALSE","Hydraulics","TA3","Level 4","TA3-B-4.08","Fix 1"
"690c0e69-29e1-42e9-b395-cb57f445df63","","checklist-sectioned","not-started","Fix 2 Checklist  (13/08/2020)","checklist","FALSE","FALSE","Hydraulics","TA3","Level 4","TA3-B-4.08","Fix 2"
"d967e684-b4cb-439a-befe-61743fccd61f","","checklist-flat","work-in-progress","Slab Penetrations Template (13/08/2020)","checklist-flat","FALSE","FALSE","Hydraulics","TA3","Level 4","Slab Penetration - Pour 1"
"c2b6d36f-0d7e-4008-acba-470e389bb7da","","folder-normal","not-started","","step","TRUE","FALSE","Hydraulics","TA3","Level 5"
"9fdc8dd0-5338-4966-91f4-c56861ac23fc","","checklist-sectioned","not-started","Corridor Template  (13/08/2020)","checklist","FALSE","FALSE","Hydraulics","TA3","Level 5","Overall Floor Plan"
"f08d13b5-6bb2-4dba-b3f5-d10c34778ab0","","folder-normal","not-started","","step","TRUE","FALSE","Hydraulics","TA3","Level 5","TA3-B-5.01"
"a9ba4a22-31f7-4da2-83fe-31cd9ae64075","","checklist-sectioned","not-started","Fix 1 (full) Checklist (13/08/2020)","checklist","FALSE","FALSE","Hydraulics","TA3","Level 5","TA3-B-5.01","Fix 1"
"fb83ed58-feae-4818-9ea1-06e79bf10468","","checklist-sectioned","not-started","Fix 2 Checklist  (13/08/2020)","checklist","FALSE","FALSE","Hydraulics","TA3","Level 5","TA3-B-5.01","Fix 2"
"b601c98d-30ec-4e58-9ede-6149d57f839d","","folder-normal","not-started","","step","TRUE","FALSE","Hydraulics","TA3","Level 5","TA3-B-5.02"
"4aea5ecb-1103-4940-9caa-d3fca5556ae1","","checklist-sectioned","not-started","Fix 1 (full) Checklist (13/08/2020)","checklist","FALSE","FALSE","Hydraulics","TA3","Level 5","TA3-B-5.02","Fix 1"
"0efffb09-203d-4408-99cf-3a0d47de5bde","","checklist-sectioned","not-started","Fix 2 Checklist  (13/08/2020)","checklist","FALSE","FALSE","Hydraulics","TA3","Level 5","TA3-B-5.02","Fix 2"
"4157a537-e2e4-491a-85ea-965e87919b5f","","folder-normal","not-started","","step","TRUE","FALSE","Hydraulics","TA3","Level 5","TA3-B-5.03"
"d1c4c818-589c-445d-bd43-63ab6fc39e7a","","checklist-sectioned","not-started","Fix 1 (full) Checklist (13/08/2020)","checklist","FALSE","FALSE","Hydraulics","TA3","Level 5","TA3-B-5.03","Fix 1"
"75fcb8cd-b017-4f8b-9b9f-119039fedc70","","checklist-sectioned","not-started","Fix 2 Checklist  (13/08/2020)","checklist","FALSE","FALSE","Hydraulics","TA3","Level 5","TA3-B-5.03","Fix 2"
"2503d83f-1743-4389-8890-514afb02cde3","","folder-normal","not-started","","step","TRUE","FALSE","Hydraulics","TA3","Level 5","TA3-B-5.04"
"2ddd580e-ed9e-4e36-b745-0401ba942740","","checklist-sectioned","not-started","Fix 1 (full) Checklist (13/08/2020)","checklist","FALSE","FALSE","Hydraulics","TA3","Level 5","TA3-B-5.04","Fix 1"
"258f23fa-4670-4160-bd41-1ebeb9421add","","checklist-sectioned","not-started","Fix 2 Checklist  (13/08/2020)","checklist","FALSE","FALSE","Hydraulics","TA3","Level 5","TA3-B-5.04","Fix 2"
"cf920ade-cc1e-4441-8526-47448d913216","","folder-normal","not-started","","step","TRUE","FALSE","Hydraulics","TA3","Level 5","TA3-B-5.05"
"ddcad42a-a5ad-43a3-91cb-6af22e69aaa3","","checklist-sectioned","not-started","Fix 1 (full) Checklist (13/08/2020)","checklist","FALSE","FALSE","Hydraulics","TA3","Level 5","TA3-B-5.05","Fix 1"
"0779d307-8997-41ac-ac3f-b753c821ecc2","","checklist-sectioned","not-started","Fix 2 Checklist  (13/08/2020)","checklist","FALSE","FALSE","Hydraulics","TA3","Level 5","TA3-B-5.05","Fix 2"
"c61d19f8-871d-460d-abad-f659d78ad3cd","","folder-normal","not-started","","step","TRUE","FALSE","Hydraulics","TA3","Level 5","TA3-B-5.06"
"9493374f-ba2d-43db-9bad-dce807905def","","checklist-sectioned","not-started","Fix 1 (full) Checklist (13/08/2020)","checklist","FALSE","FALSE","Hydraulics","TA3","Level 5","TA3-B-5.06","Fix 1"
"1dab527a-0538-4e55-9fee-16e599791a60","","checklist-sectioned","not-started","Fix 2 Checklist  (13/08/2020)","checklist","FALSE","FALSE","Hydraulics","TA3","Level 5","TA3-B-5.06","Fix 2"
"ebc87dce-8f8c-42d3-b1a7-5dd74ecaaba0","","folder-normal","not-started","","step","TRUE","FALSE","Hydraulics","TA3","Level 5","TA3-B-5.07"
"4f58b1eb-ecb3-46d3-83a6-a221b2609d92","","checklist-sectioned","not-started","Fix 1 (full) Checklist (13/08/2020)","checklist","FALSE","FALSE","Hydraulics","TA3","Level 5","TA3-B-5.07","Fix 1"
"f5872f83-fa56-45d3-95e4-54e920e91961","","checklist-sectioned","not-started","Fix 2 Checklist  (13/08/2020)","checklist","FALSE","FALSE","Hydraulics","TA3","Level 5","TA3-B-5.07","Fix 2"
"6a419b28-6f52-4bb1-8a4b-2b7accb6f0d5","","folder-normal","not-started","","step","TRUE","FALSE","Hydraulics","TA3","Level 5","TA3-B-5.08"
"0de22a71-362c-48a9-8286-306cd80ba66b","","checklist-sectioned","not-started","Fix 1 (full) Checklist (13/08/2020)","checklist","FALSE","FALSE","Hydraulics","TA3","Level 5","TA3-B-5.08","Fix 1"
"3706b4c8-bf21-4936-a795-ba6451ef5241","","checklist-sectioned","not-started","Fix 2 Checklist  (13/08/2020)","checklist","FALSE","FALSE","Hydraulics","TA3","Level 5","TA3-B-5.08","Fix 2"
"ec7a939c-5060-4c1b-a97d-03a45764d33d","","folder-normal","not-started","","step","TRUE","FALSE","Hydraulics","TA3","Roof"
"397ca916-4cac-436b-8f74-70de5393a698","","checklist-sectioned","not-started","Corridor Template  (13/08/2020)","checklist","FALSE","FALSE","Hydraulics","TA3","Roof","Overall Floor Plan"
"a6d451bc-597b-4c7b-81bc-fba74b4f0d5a","","folder-normal","not-started","","step","TRUE","FALSE","Hydraulics","TA3","Roof","Plant Room"
"a783fb13-6891-4568-bff1-0a8007bf1ed4","","checklist-sectioned","not-started","Fix 1 (full) Checklist (13/08/2020)","checklist","FALSE","FALSE","Hydraulics","TA3","Roof","Plant Room","Fix 1"
"c0b79384-5a46-4d2d-9489-2b999c23f10f","","folder-normal","work-in-progress","","step","TRUE","FALSE","Hydraulics","TA3","Level 1"
"a432c297-cc62-4d78-9da2-5e95f47c8e1b","","checklist-flat","pass","Slab Penetrations Template (13/08/2020)","checklist-flat","FALSE","FALSE","Hydraulics","TA3","Level 1","Slab Penetration Pour 1"
"f4dbc655-6273-4983-bc8f-1f4211180de1","","checklist-flat","pass","Slab Penetrations Template (13/08/2020)","checklist-flat","FALSE","FALSE","Hydraulics","TA3","Level 1","Slab Penetration Pour 2"
"ca290efb-03d2-42da-a65a-4df34f984b3d","","checklist-flat","pass","Slab Penetrations Template (13/08/2020)","checklist-flat","FALSE","FALSE","Hydraulics","TA3","Level 1","Slab Penetration Pour 3"
"63d0bf4a-7e48-436e-9dfc-02791767057e","","folder-normal","work-in-progress","","step","TRUE","FALSE","Hydraulics","TA3","Level 1","TA3-A-1.01"
"ef38e340-e411-42b8-9538-e4f5b8741d8c","","checklist-sectioned","work-in-progress","SYS - Fix 1 - v2","checklist","FALSE","FALSE","Hydraulics","TA3","Level 1","TA3-A-1.01","Fix 1"
"989f9745-90c4-42ea-90c1-f3b1652b427e","","checklist-sectioned","not-started","Fix 2 Checklist  (13/08/2020)","checklist","FALSE","FALSE","Hydraulics","TA3","Level 1","TA3-A-1.01","Fix 2"
"ae8b118c-ae62-472c-9541-6b369ea2f068","","folder-normal","work-in-progress","","step","TRUE","FALSE","Hydraulics","TA3","Level 1","TA3-A-1.02"
"c90710b9-9774-4fb0-a188-f3bf84ea69a2","","checklist-sectioned","work-in-progress","Fix 1 (full) Checklist (13/08/2020)","checklist","FALSE","FALSE","Hydraulics","TA3","Level 1","TA3-A-1.02","Fix 1"
"6c1365f7-dbe1-462d-8980-4f4490b1ac0c","","checklist-sectioned","not-started","Fix 2 Checklist  (13/08/2020)","checklist","FALSE","FALSE","Hydraulics","TA3","Level 1","TA3-A-1.02","Fix 2"
"2a78f743-9517-4120-92a1-0d140a3f1fb8","","folder-normal","work-in-progress","","step","TRUE","FALSE","Hydraulics","TA3","Level 1","TA3-A-1.03"
"9951c430-8173-4f38-834f-e82dbf249edc","","checklist-sectioned","work-in-progress","Fix 1 (full) Checklist (13/08/2020)","checklist","FALSE","FALSE","Hydraulics","TA3","Level 1","TA3-A-1.03","Fix 1"
"6772fdf8-c1c5-4074-b818-70de51693c04","","checklist-sectioned","not-started","Fix 2 Checklist  (13/08/2020)","checklist","FALSE","FALSE","Hydraulics","TA3","Level 1","TA3-A-1.03","Fix 2"
"5699bfbb-30e7-4347-9b35-b5cf172af803","","folder-normal","work-in-progress","","step","TRUE","FALSE","Hydraulics","TA3","Level 1","TA3-A-1.04"
"28b2d8b3-73bd-42e8-aaba-2fc0365d1555","","checklist-sectioned","work-in-progress","Fix 1 (full) Checklist (13/08/2020)","checklist","FALSE","FALSE","Hydraulics","TA3","Level 1","TA3-A-1.04","Fix 1"
"a0812819-a514-4429-8d96-d0c6c0dbbc63","","checklist-sectioned","not-started","Fix 2 Checklist  (13/08/2020)","checklist","FALSE","FALSE","Hydraulics","TA3","Level 1","TA3-A-1.04","Fix 2"
"0cc44597-8a63-4fd2-956e-d3f1a093faa7","","folder-normal","work-in-progress","","step","TRUE","FALSE","Hydraulics","TA3","Level 1","TA3-A-1.05"
"1f464d99-5710-4868-a40f-2bd0709c4a50","","checklist-sectioned","work-in-progress","Fix 1 (full) Checklist (13/08/2020)","checklist","FALSE","FALSE","Hydraulics","TA3","Level 1","TA3-A-1.05","Fix 1"
"940f0c89-a973-47cd-865d-d0ecabc3cf05","","checklist-sectioned","not-started","Fix 2 Checklist  (13/08/2020)","checklist","FALSE","FALSE","Hydraulics","TA3","Level 1","TA3-A-1.05","Fix 2"
"85b2186f-529d-47a7-99c6-fa00ff39cbae","","folder-normal","work-in-progress","","step","TRUE","FALSE","Hydraulics","TA3","Level 1","TA3-A-1.06"
"b3cfa61c-b230-4255-a7d3-9512c8481bc1","","checklist-sectioned","work-in-progress","Fix 1 (full) Checklist (13/08/2020)","checklist","FALSE","FALSE","Hydraulics","TA3","Level 1","TA3-A-1.06","Fix 1"
"35492b45-8df6-4585-82f2-dd9d2766a8ce","","checklist-sectioned","not-started","Fix 2 Checklist  (13/08/2020)","checklist","FALSE","FALSE","Hydraulics","TA3","Level 1","TA3-A-1.06","Fix 2"
"5d58c637-3a4a-4643-b2b8-e2827ac9cf10","","folder-normal","work-in-progress","","step","TRUE","FALSE","Hydraulics","TA3","Level 1","TA3-A-1.07"
"b3ca8123-eeaa-4eb2-a9ce-3a9133c021ad","","checklist-sectioned","work-in-progress","Fix 1 (full) Checklist (13/08/2020)","checklist","FALSE","FALSE","Hydraulics","TA3","Level 1","TA3-A-1.07","Fix 1"
"4b553375-4b5e-40e9-8dc5-c5a0992f7b8b","","checklist-sectioned","not-started","Fix 2 Checklist  (13/08/2020)","checklist","FALSE","FALSE","Hydraulics","TA3","Level 1","TA3-A-1.07","Fix 2"
"5e33fca5-df0b-49d0-b5f4-df09a32755a3","","folder-normal","work-in-progress","","step","TRUE","FALSE","Hydraulics","TA3","Level 1","TA3-B-1.01"
"404949ee-1c9c-45f8-aee8-821635dc68ea","","checklist-sectioned","work-in-progress","Fix 1 (full) Checklist (13/08/2020)","checklist","FALSE","FALSE","Hydraulics","TA3","Level 1","TA3-B-1.01","Fix 1"
"0449cc64-b382-4a93-a2a5-37a9452eba7c","","checklist-sectioned","not-started","Fix 2 Checklist  (13/08/2020)","checklist","FALSE","FALSE","Hydraulics","TA3","Level 1","TA3-B-1.01","Fix 2"
"34bed264-813a-4543-b713-35b383eae8a6","","folder-normal","not-started","","step","TRUE","FALSE","Hydraulics","TA3","Level 1","TA3-B-1.02"
"176ef350-dbd8-4bcf-a20d-5d84adf80e7a","","checklist-sectioned","not-started","Fix 1 (full) Checklist (13/08/2020)","checklist","FALSE","FALSE","Hydraulics","TA3","Level 1","TA3-B-1.02","Fix 1"
"140c3f9a-3308-48ee-875a-6b52451ed823","","checklist-sectioned","not-started","Fix 2 Checklist  (13/08/2020)","checklist","FALSE","FALSE","Hydraulics","TA3","Level 1","TA3-B-1.02","Fix 2"
"36597397-8a40-4c4c-9f84-938bdfcdf6d9","","folder-normal","not-started","","step","TRUE","FALSE","Hydraulics","TA3","Level 1","TA3-B-1.03"
"512c1fe4-ac65-4144-bcfc-738876788da6","","checklist-sectioned","not-started","Fix 1 (full) Checklist (13/08/2020)","checklist","FALSE","FALSE","Hydraulics","TA3","Level 1","TA3-B-1.03","Fix 1"
"16f34144-1fe2-4b54-88c8-ae23f6444e6d","","checklist-sectioned","not-started","Fix 2 Checklist  (13/08/2020)","checklist","FALSE","FALSE","Hydraulics","TA3","Level 1","TA3-B-1.03","Fix 2"
"a8b86a19-253d-4629-904e-1493d0d5236e","","folder-normal","not-started","","step","TRUE","FALSE","Hydraulics","TA3","Level 1","TA3-B-1.04"
"6b634f23-ca72-4719-a9ac-1e75094a6846","","checklist-sectioned","not-started","Fix 1 (full) Checklist (13/08/2020)","checklist","FALSE","FALSE","Hydraulics","TA3","Level 1","TA3-B-1.04","Fix 1"
"2b2c9028-2d42-4d06-af5f-553ece07c022","","checklist-sectioned","not-started","Fix 2 Checklist  (13/08/2020)","checklist","FALSE","FALSE","Hydraulics","TA3","Level 1","TA3-B-1.04","Fix 2"
"a5884182-9151-4dda-8d6d-60a9816307cb","","folder-normal","not-started","","step","TRUE","FALSE","Hydraulics","TA3","Level 1","TA3-B-1.05"
"1750e3d1-cae9-40c8-a9a5-ca8b21b1a17f","","checklist-sectioned","not-started","Fix 1 (full) Checklist (13/08/2020)","checklist","FALSE","FALSE","Hydraulics","TA3","Level 1","TA3-B-1.05","Fix 1"
"46e4737f-4b7e-4d15-a805-f42bf84729db","","checklist-sectioned","not-started","Fix 2 Checklist  (13/08/2020)","checklist","FALSE","FALSE","Hydraulics","TA3","Level 1","TA3-B-1.05","Fix 2"
"861f9cfe-dd72-4d3a-a5a2-eb42afff9cbd","","folder-normal","work-in-progress","","step","TRUE","FALSE","Hydraulics","TA3","Level 1","TA3-B-1.06"
"5b805f45-70f5-4806-bb33-785d90445a06","","checklist-sectioned","work-in-progress","Fix 1 (full) Checklist (13/08/2020)","checklist","FALSE","FALSE","Hydraulics","TA3","Level 1","TA3-B-1.06","Fix 1"
"1296c256-39d2-475b-8d74-235531b3e1b5","","checklist-sectioned","not-started","Fix 2 Checklist  (13/08/2020)","checklist","FALSE","FALSE","Hydraulics","TA3","Level 1","TA3-B-1.06","Fix 2"
"d544ddb0-39a1-4cbb-b88b-ed937dc0308f","","folder-normal","work-in-progress","","step","TRUE","FALSE","Hydraulics","TA3","Level 1","TA3-B-1.07"
"945c0b21-415c-482f-a322-3bf6418336e2","","checklist-sectioned","work-in-progress","Fix 1 (full) Checklist (13/08/2020)","checklist","FALSE","FALSE","Hydraulics","TA3","Level 1","TA3-B-1.07","Fix 1"
"3211dce5-380d-426d-a4cb-f3d672740586","","checklist-sectioned","not-started","Fix 2 Checklist  (13/08/2020)","checklist","FALSE","FALSE","Hydraulics","TA3","Level 1","TA3-B-1.07","Fix 2"
"43ef2fa6-8866-471b-b47b-3f1aafca8202","","folder-normal","work-in-progress","","step","TRUE","FALSE","Hydraulics","TA3","Level 1","TA3-B-1.08"
"03e6946c-9b75-43e8-b149-eb61ddd45d06","","checklist-sectioned","work-in-progress","Fix 1 (full) Checklist (13/08/2020)","checklist","FALSE","FALSE","Hydraulics","TA3","Level 1","TA3-B-1.08","Fix 1"
"ea49f618-8157-42fb-a9ee-a1b2386c3245","","checklist-sectioned","not-started","Fix 2 Checklist  (13/08/2020)","checklist","FALSE","FALSE","Hydraulics","TA3","Level 1","TA3-B-1.08","Fix 2"
"48d95270-c2ab-4ecc-be48-a6d4bc007aea","","folder-normal","work-in-progress","","step","TRUE","FALSE","Hydraulics","TA3","Level 1","TA3-B-1.09"
"3da706eb-bf8a-43fc-a133-ba810ca8c02b","","checklist-sectioned","work-in-progress","Fix 1 (full) Checklist (13/08/2020)","checklist","FALSE","FALSE","Hydraulics","TA3","Level 1","TA3-B-1.09","Fix 1"
"ec7af5c0-c030-4b15-87ae-86ddcaf31b18","","checklist-sectioned","not-started","Fix 2 Checklist  (13/08/2020)","checklist","FALSE","FALSE","Hydraulics","TA3","Level 1","TA3-B-1.09","Fix 2"
"0b15f508-1e70-462a-a2c4-520ac8faa086","","folder-normal","work-in-progress","","step","TRUE","FALSE","Hydraulics","TA3","Level 1","TA3-B-1.10"
"0ff5b876-2cb9-4358-a02c-1ebb9ce296d5","","checklist-sectioned","work-in-progress","Fix 1 (full) Checklist (13/08/2020)","checklist","FALSE","FALSE","Hydraulics","TA3","Level 1","TA3-B-1.10","Fix 1"
"34cb8124-33a0-411b-8c40-d893363f0946","","checklist-sectioned","not-started","Fix 2 Checklist  (13/08/2020)","checklist","FALSE","FALSE","Hydraulics","TA3","Level 1","TA3-B-1.10","Fix 2"
"5616d0ad-894f-4832-ac83-eab1b45e7614","","checklist-sectioned","work-in-progress","Corridor Template  (13/08/2020)","checklist","FALSE","FALSE","Hydraulics","TA3","Level 1","Corridor A"
"684874f7-e928-4e7b-ac68-c222e6740b8b","","checklist-sectioned","work-in-progress","Corridor Template  (13/08/2020)","checklist","FALSE","FALSE","Hydraulics","TA3","Level 1","Corridor - tower B"
"163db1f6-2bd2-4796-b02e-e26e4cf9ff85","","folder-normal","work-in-progress","","step","TRUE","FALSE","Hydraulics","TA3","Level 3"
"4a1e399a-1011-4304-937e-eedaca5dbb81","","checklist-flat","work-in-progress","Slab Penetrations Template (13/08/2020)","checklist-flat","FALSE","FALSE","Hydraulics","TA3","Level 3","Slab Penetration - Pour 1"
"effb3b18-65c3-4633-97b2-098d61c85d70","","checklist-flat","work-in-progress","Slab Penetrations Template (13/08/2020)","checklist-flat","FALSE","FALSE","Hydraulics","TA3","Level 3","Slab Penetration - Pour 2"
"e52434e2-8d2b-4a77-8c57-b0d856549cae","","folder-normal","work-in-progress","","step","TRUE","FALSE","Safety"
"3148865d-9295-48a8-8e11-b494467cb2de","","folder-normal","work-in-progress","","step","TRUE","FALSE","Safety","Toolbox talks"
"9d82f3d3-81a8-4455-af30-a98031282ad5","","checklist-flat","pass","Toolbox Meeting (13/08/2020)","checklist-flat","FALSE","FALSE","Safety","Toolbox talks","Toolbox meeting 15/7"
"336c9fb4-086e-4d48-92d6-ced3929b4614","","checklist-flat","pass","Toolbox Meeting (13/08/2020)","checklist-flat","FALSE","FALSE","Safety","Toolbox talks","Toolbox meeting 22/7"
"bf19c7e8-f807-45f1-b4ac-9dde09cb88c8","","checklist-flat","pass","Toolbox Meeting (13/08/2020)","checklist-flat","FALSE","FALSE","Safety","Toolbox talks","Toolbox meeting 18/10"
"a46df2fc-fc61-4b88-adba-73d5777bb163","","checklist-flat","pass","Toolbox Meeting (13/08/2020)","checklist-flat","FALSE","FALSE","Safety","Toolbox talks","Toolbox meeting 8/11"
"4acc9444-27ec-4325-9863-cdb1b55fc9c5","","checklist-flat","work-in-progress","Toolbox Meeting (13/08/2020)","checklist-flat","FALSE","FALSE","Safety","Toolbox talks","Toolbox meeting 15/11"
"15cb76dd-7a40-4b5c-b629-c2606e88ad65","","folder-normal","pass","","step","TRUE","FALSE","Safety","5T Excavator Pre-starts"
"955ec6e8-a0c0-4110-a989-965ae033beaf","","checklist-sectioned","pass","Excavator - Yanmar Excavator - 5T Prestart - Checklist (V.080920)","checklist","FALSE","FALSE","Safety","5T Excavator Pre-starts","Yanmar 5 Tonne Excavator Prestart -7-11-22"
"18436c0d-e4aa-4932-83e2-ad6683c99371","","checklist-sectioned","pass","Excavator - Yanmar Excavator - 5T Prestart - Checklist (V.080920)","checklist","FALSE","FALSE","Safety","5T Excavator Pre-starts","Yanmar 5 Tonne Excavator Prestart -8-11-22"
"f9a63c0c-264a-4e24-a3a3-3b406b48d03b","","checklist-sectioned","pass","Excavator - Yanmar Excavator - 5T Prestart - Checklist (V.080920)","checklist","FALSE","FALSE","Safety","5T Excavator Pre-starts","Yanmar 5 Tonne Excavator Prestart - 9-11-22"
"f4359fa0-2b13-4604-addc-b6bdb31aa32d","","folder-normal","fail","","step","TRUE","FALSE","Variations"
"364e0548-ccc7-4871-b6ef-029a065eea52","","checklist-flat","pass","Variation (13/08/2020)","checklist-flat","FALSE","FALSE","Variations","Variation 6 - Machine use for Watpac"
"7ffb8911-5b1f-4ce6-b63c-471dce759f19","","folder-normal","fail","","step","TRUE","FALSE","Variations","Fire pipework. "
"a6f4eb56-26a8-4358-b94a-20d752536c9b","","checklist-flat","fail","Variation (13/08/2020)","checklist-flat","FALSE","FALSE","Variations","Fire pipework. ","Variation - fire hockey sticks install in concrete pads"
"96e0d20b-0803-4fcb-ba36-84bba348a729","","checklist-flat","pass","Variation (13/08/2020)","checklist-flat","FALSE","FALSE","Variations","Variation 3 - changed civil design due to HV conduit "
"1af12281-3be5-44bb-bfdd-f1633f26aa3c","","checklist-flat","pass","Variation (13/08/2020)","checklist-flat","FALSE","FALSE","Variations","Variation 8 - Supply crushed rock"
"3a649e0c-cbb5-478a-9bf6-22d45f5242a2","","checklist-flat","pass","Variation (13/08/2020)","checklist-flat","FALSE","FALSE","Variations","Over and above NDD"
"6db184ba-9e8f-44e2-9514-042f64255662","","checklist-flat","pass","Variation (13/08/2020)","checklist-flat","FALSE","FALSE","Variations","Variation  - Pit 28a added to civil drawings and pit schedule "
"a0bea517-92fc-44bf-9e2d-94edb4305b09","","checklist-flat","pass","Variation (13/08/2020)","checklist-flat","FALSE","FALSE","Variations","Variation - Stabilized sand above pipe under TA2 ramp"
"88c8be3c-ed46-40c2-ad7a-7a8650eaf7c9","","checklist-flat","fail","Variation (13/08/2020)","checklist-flat","FALSE","FALSE","Variations","Variation - Added sewer drain to pick up outdoor area south of TA2"
"d55395e4-8e69-46ba-a522-c89097b734e6","","checklist-flat","pass","Variation (13/08/2020)","checklist-flat","FALSE","FALSE","Variations","Variation  - Re core precast penetration out of shape"
"95ecdee6-d9c9-4d9f-af12-ecb201a9d3d0","","checklist-flat","fail","Variation (13/08/2020)","checklist-flat","FALSE","FALSE","Variations","Variation - Missed penetrations from Plumbing design solutions"
"d165d03d-797e-4d7c-85af-e7f42649c7a2","","checklist-flat","pass","Variation (13/08/2020)","checklist-flat","FALSE","FALSE","Variations","Variation - Supply machine and spotter to Watpac for TA2 "
"d92f8445-2e17-46ab-896d-ea498e9e0cdd","","checklist-flat","fail","Variation (13/08/2020)","checklist-flat","FALSE","FALSE","Variations","Variation - Spoil removal for Watpac"
"19862c7c-f981-4849-8ca9-0fe8a11b496b","","folder-normal","no-status-not-started","","step","TRUE","FALSE","Fixtures"
"b09672b6-b3fd-431d-8168-a7b0a019d691","","folder-normal","not-started","","step","TRUE","FALSE","QA Plan"
"da5c43aa-3ae2-4fe5-94d6-c31fa607b143","","checklist-flat","not-started","Sewer BG   (13/08/2020)","checklist-flat","FALSE","FALSE","QA Plan","Sewer BG"
"d0bda05c-ec22-49e7-ab54-4a706b0bbf6f","","checklist-flat","not-started","Stormwater BG   (13/08/2020)","checklist-flat","FALSE","FALSE","QA Plan","Stormwater BG"
"d678217f-43a8-4374-b1c8-5098ed549693","","checklist-flat","not-started","Trench Grate","checklist-flat","FALSE","FALSE","QA Plan","Trench Grate"
"670a5532-04af-477e-982a-44d0ba283ccf","","checklist-flat","not-started","Preform","checklist-flat","FALSE","FALSE","QA Plan","Preform"
"a18eb0bd-b54d-44f0-9717-3e6416f4feef","","checklist-sectioned","not-started","Corridor Template  (13/08/2020)","checklist","FALSE","FALSE","QA Plan","Corridor"
"dacde9e6-611c-47b5-ba45-0529e73ebd62","","checklist-sectioned","not-started","Fix 1 (full) Checklist (13/08/2020)","checklist","FALSE","FALSE","QA Plan","Fix 1"
"9d9d2147-a53f-4fd0-a9b8-d71581882368","","checklist-sectioned","not-started","Fix 2 Checklist  (13/08/2020)","checklist","FALSE","FALSE","QA Plan","Fix 2"
"785c5955-39cd-4c49-ad1d-b070572dbf2b","","folder-normal","work-in-progress","","step","TRUE","FALSE","Fire pipework BG"
"93adac4a-ac42-4afa-8b0d-bdca056f4a5b","","folder-normal","no-status-not-started","","step","TRUE","FALSE","Fire pipework BG","TA1"
"60381dcf-686b-4475-a40f-9cd4276338de","","folder-normal","work-in-progress","","step","TRUE","FALSE","Fire pipework BG","TA2"
"8332925e-d26a-44dd-8109-0d52b4a325b4","","checklist-flat","work-in-progress","Fire Service BG   (13/08/2020)","checklist-flat","FALSE","FALSE","Fire pipework BG","TA2","Fire Service BG"
"e51e0757-be61-4fb3-a3be-6774c875ed13","","folder-normal","work-in-progress","","step","TRUE","FALSE","Fire pipework BG","TA3"
"bbba6471-bd0c-49e9-8d3b-e8103b2b4a5a","","checklist-flat","work-in-progress","Fire Service BG   (13/08/2020)","checklist-flat","FALSE","FALSE","Fire pipework BG","TA3","Fire Service BG"
"43ce8ed6-2352-4a0d-ad58-e1f332e29c51","","checklist-flat","pass","Project Shutdown Protocol Checklist","checklist-flat","FALSE","FALSE","Easter shut down April 2022"
"3296e153-2e0d-4e20-91ac-f6d0fffdb916","","checklist-flat","pass","Project Shutdown Protocol Checklist","checklist-flat","FALSE","FALSE","Shutdown -  Queens birthday 2022"
"fae8806e-385e-455f-8ace-90c6b30a5650","","checklist-flat","not-started","Project Shutdown Protocol Checklist","checklist-flat","FALSE","FALSE","Project Shutdown - November 2022"
"2d88e10a-fb67-403c-a3d3-5f69ad64acc2","","checklist-sectioned","pass","Excavator - Yanmar Excavator - 5T Prestart - Checklist (V.080920)","checklist","FALSE","FALSE","Yanmar 5 Tonne Excavator Prestart -4-11-22"
