"Rich Type","Id","Warnings","type","name","values","prefix","postfix","Usage Count","User Addable","Template Name","Template Id"
"checklist-sectioned",,"","checklist","SWP - QA - Fibertite Warm Roof Over Concrete Checklist","",,,0,"Yes","SWP - QA - Fibertite Warm Roof Over Concrete Checklist","03f06be6-c50e-483a-9fdd-359449364c24"
"checkpoint-group",,"","section","Prestart"
"checkpoint-status",,"","checkpoint","Area accessible"
"checkpoint-status",,"","checkpoint","Edge protection and safety installed"
"checkpoint-status",,"","checkpoint","Substrate complete and ready for SWP"
"checkpoint-group",,"","section","Concrete Substrate"
"checkpoint-status",,"","checkpoint","Substrate clean and dry. Free from dirt/debris contamination and ready for membrane"
"checkpoint-status",,"","checkpoint","All lumps and sharp concrete bits ground/hammered down"
"checkpoint-status",,"","checkpoint","Large holes filled with grout"
"checkpoint-group",,"","section","Vapor Control Layer"
"checkpoint-status",,"","checkpoint","Substrate clean, dry, and free of debris"
"checkpoint-status",,"","checkpoint","All areas covered and sheets lapped 50mm"
"checkpoint-status",,"","checkpoint","All holes/penetrations patched and water tight"
"checkpoint-group",,"","section","Insulation"
"checkpoint-status",,"","checkpoint","Surface is dry prior to install"
"checkpoint-status",,"","checkpoint","Vapor control layer has been checked and no damage"
"checkpoint-status",,"","checkpoint","Insulation boards installed"
"checkpoint-status",,"","checkpoint","Joints flush (no gaps between boards)"
"checkpoint-status",,"","checkpoint","Correct length of fixing with load washer if no Securock"
"checkpoint-group",,"","section","Securock"
"checkpoint-status",,"","checkpoint","Surface is dry prior to install"
"checkpoint-status",,"","checkpoint","Installed in brick pattern"
"checkpoint-status",,"","checkpoint","Correct length of fixing with load washer"
"checkpoint-group",,"","section","Fibertite"
"checkpoint-status",,"","checkpoint","Adhesive installed to substrate"
"checkpoint-status",,"","checkpoint","Laying of membrane into adhesive"
"checkpoint-status",,"","checkpoint","Broom/rolling of membrane"
"checkpoint-status",,"","checkpoint","Wipe and clean laps prior to welding"
"checkpoint-status",,"","checkpoint","Test weld with the welding machines"
"checkpoint-status",,"","checkpoint","Probe of seam with QA hook"
"checkpoint-status",,"","checkpoint","Membrane dressed into drains/outlets"
"checkpoint-status",,"","checkpoint","Claps/rings/baskets installed"
"checkpoint-status",,"","checkpoint","Flood/ILD tested"
"checkpoint-group",,"","section","Fiberclad Flashings"
"checkpoint-status",,"","checkpoint","Installed correctly according to specifications (right way around)"
"checkpoint-status",,"","checkpoint","Fixings and welding done according to specifications and details"
"checkpoint-status",,"","checkpoint","Probe of weld with QA hook"
"checkpoint-group",,"","section","Review and Sign Off"
"checkpoint-status",,"","checkpoint","Area left clean and tidy"
"checkpoint-status",,"","checkpoint","All installation work complete, checked and reviewed as per specification"
"checkpoint-status",,"","checkpoint","Client / Main Contractor sign off"

"checklist-flat",,"","checklist","SWP - Add Defect Checklist","",,,0,"Yes","SWP - Add Defect Checklist","069de679-d5da-420c-abad-a35f8b412e19"
"checkpoint-status",,"","checkpoint","Defect details recorded"
"text","46f712c4-35c0-527e-80eb-4bb1583fe937","","textbox","Explanation of defect:",,,
"text","0de23e75-afd1-5b26-8b1a-01429f702db8","","textbox","Area:",,,
"text","bab1654d-0754-556b-8acc-7b2beedf08a9","","textbox","Party responsible for damages:",,,
"text","f559fe7d-0a15-5734-9641-8dc3c54858ea","","textbox","Efforts required for repair:",,,
"text","51f66ced-f971-575e-a37c-e6fe6a60590b","","textbox","Man hours required for repair:",,,
"holdpoint",,"","signoff","Request Approval from Main Contractor"
"checkpoint-status",,"","checkpoint","Defect Fixed"
"holdpoint",,"","signoff","Request Defect signoff"

"checklist-sectioned",,"","checklist","Plywood Torch On Checklist -","",,,0,"Yes","Plywood Torch On Checklist","0dbddbcb-d02e-426b-9ee3-8c7287810245"
"checkpoint-group",,"","section","Pre Start"
"checkpoint-status",,"","checkpoint","Area accessible"
"checkpoint-status",,"","checkpoint","Edge protection and safety installed"
"checkpoint-status",,"","checkpoint","Substrate complete and ready for SWP (metal/concrete/ply)"
"checkpoint-status",,"","checkpoint","Perimeter support installed installed if metal deck substrate"
"checkpoint-group",,"","section","Plywood"
"checkpoint-status",,"","checkpoint","Plywood clean and dry. Free from dirt/debris and and ready for priming"
"checkpoint-status",,"","checkpoint","No screws/nails/fixings popping up"
"checkpoint-status",,"","checkpoint","Plywood joints flush and even"
"checkpoint-group",,"","section","Prime of Substrate"
"checkpoint-status",,"","checkpoint","Substrate swept, dry and free of debri"
"checkpoint-group",,"","section","Vapour Control Layer"
"checkpoint-status",,"","checkpoint","Is the substrate clean, dry and clear of swarf"
"checkpoint-status",,"","checkpoint","All areas covered and sheets lapped 50mm"
"checkpoint-status",,"","checkpoint","All holes/penetrations patched and water tight"
"checkpoint-group",,"","section","Insulation"
"checkpoint-status",,"","checkpoint","Surface is dry prior to install"
"checkpoint-status",,"","checkpoint","Vapour control layer has been checked for no damage"
"checkpoint-status",,"","checkpoint","Insulation board installed in a brick pattern"
"checkpoint-status",,"","checkpoint","Joints flush (no gaps between boards on ends)"
"checkpoint-status",,"","checkpoint","Fixings at correct spacing according to spec if no Securock in system."
"checkpoint-group",,"","section","Securock"
"checkpoint-status",,"","checkpoint","Is the surface dry"
"checkpoint-status",,"","checkpoint","Installed in brick pattern"
"checkpoint-status",,"","checkpoint","Correct length screw with recessed flat plates"
"checkpoint-status",,"","checkpoint","Prime of Securrock"
"checkpoint-status",,"","checkpoint","Installed as per wind uplift fixing plan for both edges and perimeters and main field of roof"
"checkpoint-group",,"","section","Base Sheet"
"checkpoint-status",,"","checkpoint","Install from low to high"
"checkpoint-status",,"","checkpoint","Bleed of bitumen on overlap should be up to 10mm"
"checkpoint-status",,"","checkpoint","Side laps a minimum of 80mm and end laps 150mm"
"checkpoint-status",,"","checkpoint","Check of all welds at the end of the day"
"checkpoint-group",,"","section","Cap Sheet"
"checkpoint-status",,"","checkpoint","Install from low to high"
"checkpoint-status",,"","checkpoint","Side laps a minimum of 80mm and end laps 150mm"
"checkpoint-status",,"","checkpoint","Exposed vertical upstands terminated no less than 150mm above the roof and approved termination bar or cap flashing"
"checkpoint-status",,"","checkpoint","Base flange of membrane shall extend onto the horizontal section of the roof a minimum of 200mm"
"checkpoint-status",,"","checkpoint","Clamp and weld into overflows and outlets"
"checkpoint-status",,"","checkpoint","Flood test of outlets"
"checkpoint-group",,"","section","Sign Offs"
"checkpoint-status",,"","checkpoint","Area complete and ready for MC sign off"
"holdpoint",,"","signoff","REQUEST SIGN OFF SIGNATURE"

"checklist-sectioned",,"","checklist","Fibertite Overlay Install","",,,0,"Yes","Fibertite Overlay Install","0f9184ad-1792-45a5-8d57-0d830155939e"
"checkpoint-group",,"","section","Prestart"
"checkpoint-status",,"","checkpoint","Area accessible"
"checkpoint-status",,"","checkpoint","Edge protection installed (safe to  go onto roof)"
"checkpoint-status",,"","checkpoint","Substrate ready for overlay"
"checkpoint-group",,"","section","Substrate"
"checkpoint-status",,"","checkpoint","Mechanically Fix existing roof pans to Purlins after checking underneath from inside that                                    we're not going to puncture pipes or wires"
"checkpoint-status",,"","checkpoint","Cut back existing roof edge at gutter"
"checkpoint-status",,"","checkpoint","Remove ridge as we go"
"checkpoint-group",,"","section","Polystyrene Infills"
"checkpoint-status",,"","checkpoint","Surface is dry before installing Poly"
"checkpoint-status",,"","checkpoint","Infills to be a minimum 5mm above ridges on roof"
"checkpoint-status",,"","checkpoint","Every pan has been infilled"
"checkpoint-group",,"","section","VCL-Vapour Control Layer"
"checkpoint-status",,"","checkpoint","Surface/Substrate is dry, clean and free from sharp edges"
"checkpoint-status",,"","checkpoint","All areas covered and lapped a minimum of 50mm"
"checkpoint-status",,"","checkpoint","All holes/penetrations patched and made watertight"
"checkpoint-group",,"","section","Roofboard"
"checkpoint-status",,"","checkpoint","Substrate/surface dry & clean prior to being installed"
"checkpoint-status",,"","checkpoint","Installed in brick pattern"
"checkpoint-status",,"","checkpoint","Correct screws with recessed flat plates. check that screws have grabbed and are tight"
"checkpoint-status",,"","checkpoint","Installed as per wind uplift fixing plan"
"checkpoint-status",,"","checkpoint","Install 70mm X 100mm zincalume flashing at gutter edge for strength"
"checkpoint-group",,"","section","Fibertite"
"checkpoint-status",,"","checkpoint","Correct Glue being used for substrate (refer to training module/specification for correct                                glue to use for each substrate)"
"checkpoint-status",,"","checkpoint","Fibertite fully glued to substrate"
"checkpoint-status",,"","checkpoint","Broom/rolling of fibertite"
"checkpoint-status",,"","checkpoint","Wipe/clean laps with acetone prior to welding"
"checkpoint-status",,"","checkpoint","All laps, details, penetrations fully welded/closed and QA'd with hook"
"checkpoint-group",,"","section","Fiberclad Flashings"
"checkpoint-status",,"","checkpoint","Installed correctly (right way around)"
"checkpoint-status",,"","checkpoint","Fixed down accordingto specification (tapits, screws, rivets)"
"checkpoint-status",,"","checkpoint","Cleaned down with acetone prior to welding"
"checkpoint-status",,"","checkpoint","Fibertite fully welded to flashing and QA'd with hook"
"checkpoint-group",,"","section","Sign Off"
"checkpoint-status",,"","checkpoint","Area fully complete and ready for MC sign off"
"holdpoint",,"","signoff","REQUEST SIGNATURE SIGN OFF"

"checklist-sectioned",,"","checklist","SWP - QA - Fibertherm Checklist","",,,0,"Yes","SWP - QA - Fibertherm Checklist","1452b011-6180-40b7-93f7-688eac5c901d"
"checkpoint-group",,"","section","Prestart"
"checkpoint-status",,"","checkpoint","Area accessible"
"checkpoint-status",,"","checkpoint","Edge protection and safety installed"
"checkpoint-status",,"","checkpoint","Substrate complete and ready for SWP"
"checkpoint-group",,"","section","Metal Deck"
"checkpoint-status",,"","checkpoint","Timber to have separation"
"checkpoint-status",,"","checkpoint","End openings to have closure foam installed"
"checkpoint-status",,"","checkpoint","Base deck screwed down in every pan"
"checkpoint-status",,"","checkpoint","VCL tape to be installed to all sheet laps"
"checkpoint-status",,"","checkpoint","VCL tape to all upstands"
"checkpoint-group",,"","section","Post and Rail install"
"checkpoint-status",,"","checkpoint","Post installed at correct fixing centers"
"checkpoint-status",,"","checkpoint","Thermal break pad under post foot"
"checkpoint-status",,"","checkpoint","Rail installed to posts"
"checkpoint-status",,"","checkpoint","Gutter line colsure/drip edge flashing installed"
"checkpoint-group",,"","section","Insulation install"
"checkpoint-status",,"","checkpoint","Specified Insulation installed"
"checkpoint-status",,"","checkpoint","No Gaps"
"checkpoint-group",,"","section","Top Deck install"
"checkpoint-status",,"","checkpoint","Lay sheets straight"
"checkpoint-status",,"","checkpoint","Hang over into gutter min 75mm"
"checkpoint-status",,"","checkpoint","Top end of sheets turned up"
"checkpoint-status",,"","checkpoint","Bottom end of sheets turned down"
"checkpoint-status",,"","checkpoint","Fixing back to rail"
"checkpoint-status",,"","checkpoint","Profile washers"
"checkpoint-status",,"","checkpoint","Screwed off as per fixing plan"
"checkpoint-group",,"","section","Flashing install"
"checkpoint-status",,"","checkpoint","Installed correctly, accoriding to spec's & drawings"
"checkpoint-status",,"","checkpoint","Fixings according to specs & details"
"checkpoint-group",,"","section","Review and Sign Off"
"checkpoint-status",,"","checkpoint","Area left clean and tidy"
"checkpoint-status",,"","checkpoint","All installation work complete, checked and reviewed as per specification"
"checkpoint-status",,"","checkpoint","Client / Main Contractor sign off"

"checklist-flat",,"","checklist","SWP - Add Variation Checklist","",,,0,"Yes","SWP - Add Variation Checklist","1a04e351-9929-4f45-b80b-f34597e41d86"
"checkpoint-status",,"","checkpoint","Variation Details Approved"
"text","55d238c5-f99a-545b-b3fd-c95005ac3ecb","","textbox","Reference/Drawing/Instruction Number",,,
"text","0427e61c-bf82-58f0-9f83-9de7dda8f1c8","","textbox","Variation Area",,,
"text","812614ed-4e33-5e9c-b912-92390e253378","","textbox","Materials & labour breakdown",,,
"holdpoint",,"","signoff","Request Variation Acknowledgement"
"checkpoint-status",,"","checkpoint","Variation Completed"
"holdpoint",,"","signoff","Request Variation Signoff"

"folder-normal",,"","checklist","New Files Folder:","",,,0,"Yes","Add Files Folder","2103e16e-209b-466b-93f4-c52081006d08"

"checklist-flat",,"","checklist","MSR Cladding:","",,,0,"Yes","MSR Cladding Checklist","23f0e981-2d97-412c-bc92-a75a51bc2c03"
"checkpoint-status",,"","checkpoint","Area accessible"
"checkpoint-status",,"","checkpoint","Substrate QA received from Main Contractor"
"checkpoint-status",,"","checkpoint","Vapour Barrier"
"checkpoint-status",,"","checkpoint","Brackets installed to fixing plan"
"checkpoint-status",,"","checkpoint","Insulation - no gaps"
"checkpoint-status",,"","checkpoint","Rom Rail"
"checkpoint-status",,"","checkpoint","Cladding straight"
"checkpoint-status",,"","checkpoint","Flashings installed"
"checkpoint-status",,"","checkpoint","Sign off"
"holdpoint",,"","signoff","Hold Point"

"checklist-flat",,"","checklist","Delay Checklist","",,,0,"Yes","Add Delay Checklist","25254e77-edfb-4843-a4ca-0131ea684294"
"checkpoint-no-status",,"","checkpoint","Delay details."
"text","ae5b692f-ee75-4a3d-90e7-43a6b2bca49e","","textbox","Date:",,,
"text","8e11a44b-51f7-4a8f-9494-ec9e467452ec","","textbox","Description:",,,
"text","22cd20b8-86af-49a9-97d4-39d5b860ca1a","","textbox","Area/Grids:",,,
"text","e5ab19af-90b5-4328-9a8b-ee0707087643","","textbox","Wind/Weather Conditions:",,,

"checklist-sectioned",,"","checklist","SWP - QA - Metal Gutter Install Checklist","",,,0,"Yes","SWP - QA - Metal Gutter Install Checklist","29cba9c9-8b85-4942-a275-d2f4578ba29e"
"checkpoint-group",,"","section","Prestart"
"checkpoint-status",,"","checkpoint","Area accessible"
"checkpoint-status",,"","checkpoint","Edge protection and safety installed"
"checkpoint-status",,"","checkpoint","Substrate complete and ready for SWP"
"checkpoint-group",,"","section","Install"
"checkpoint-status",,"","checkpoint","Brackets installed according to plans/spec/best practice"
"checkpoint-status",,"","checkpoint","Gutter lapped and sealed correctly according to best practice"
"checkpoint-status",,"","checkpoint","All terminations and ends folded/sealed properly"
"checkpoint-group",,"","section","Review and Sign Off"
"checkpoint-status",,"","checkpoint","Area left clean and tidy"
"checkpoint-status",,"","checkpoint","All installation work complete, checked and reviewed as per specification"
"checkpoint-status",,"","checkpoint","Client / Main Contractor sign off"

"checklist-sectioned",,"","checklist","Cladding Install","",,,0,"Yes","Cladding Install Checklist","2aba513f-ce66-436f-9197-5905bc34618c"
"checkpoint-group",,"","section","Prestart"
"checkpoint-status",,"","checkpoint","Area accessible"
"checkpoint-status",,"","checkpoint","Substrate ready (check plans)"
"checkpoint-status",,"","checkpoint","Design/plans/approval complete"
"checkpoint-group",,"","section","Install"
"checkpoint-status",,"","checkpoint","Bottom flashing installed straight/level all the way around"
"checkpoint-status",,"","checkpoint","Flashing tape installed (check plans)"
"checkpoint-status",,"","checkpoint","Window/door/louvre flashings installed according to plans/best practice"
"checkpoint-status",,"","checkpoint","First sheet laid straight/plumb"
"checkpoint-status",,"","checkpoint","Screw pattern according to plan/spec/best practice"
"checkpoint-status",,"","checkpoint","Finish flashings completed and sealed properly"
"checkpoint-group",,"","section","Sign Off"
"checkpoint-status",,"","checkpoint","Cladding Install Complete"
"holdpoint",,"","signoff","Request Sign Off"

"checklist-flat",,"","checklist","Defect - ","",,,0,"Yes","Add Defect","2d79fcaa-1112-483c-bd18-06319895b52b"
"checkpoint-status",,"","checkpoint","Defect details recorded "
"text","9b18e909-7530-4d08-ad54-acb417409980","","textbox","Explanation of defect:",,,
"text","3af60290-922d-4e09-aeb9-b795186cbbd5","","textbox","Area:",,,
"text","da7b5fcc-182d-4ccf-ade5-02dfaae6dedb","","textbox","Party responsible for damages:",,,
"text","f37cdc9e-47d2-43c7-b8ce-36034d624bbc","","textbox","Efforts required for repair:",,,
"text","16d78d9b-0a7d-4e07-bb38-68e664e6d30e","","textbox","Man hours required for repair:",,,
"holdpoint",,"","signoff","Request Approval from Main Contractor"
"checkpoint-status",,"","checkpoint","Defect Fixed"
"holdpoint",,"","signoff","Request Defect signoff"

"checklist-sectioned",,"","checklist","SWP - QA - Carpark MMA Checklist","",,,0,"Yes","SWP - QA - Carpark MMA Checklist","2f72ef8d-5666-42e5-a9dc-8626bbbf41f0"
"checkpoint-group",,"","section","Pre Start"
"checkpoint-status",,"","checkpoint","SSSP onsite"
"checkpoint-status",,"","checkpoint","Photos of any existing linemarkings installed"
"checkpoint-status",,"","checkpoint","Fencing demarcation installed"
"checkpoint-status",,"","checkpoint","Site signage installed"
"checkpoint-status",,"","checkpoint","Area Accessible"
"checkpoint-status",,"","checkpoint","Substrate complete and ready for SWP"
"checkpoint-group",,"","section","Surface Prep"
"checkpoint-status",,"","checkpoint","Removal of coatings"
"checkpoint-status",,"","checkpoint","Grind of substrate"
"checkpoint-status",,"","checkpoint","Shotblast of substrate to achieve suitable profile"
"checkpoint-group",,"","section","Pre-start of membrane install"
"checkpoint-status",,"","checkpoint","Substrate dry"
"checkpoint-group",,"","section","Membrane install"
"checkpoint-status",,"","checkpoint","Prime of substrate"
"checkpoint-status",,"","checkpoint","Stripe out cracks"
"checkpoint-status",,"","checkpoint","Map out areas based on coverage rates for install"
"checkpoint-status",,"","checkpoint","Membrane layer installed"
"checkpoint-status",,"","checkpoint","Wear layer installed and broadcast"
"checkpoint-status",,"","checkpoint","Excess broadcast swept and removed"
"checkpoint-status",,"","checkpoint","1st Top coat"
"checkpoint-status",,"","checkpoint","2nd top coat"
"checkpoint-status",,"","checkpoint","Linemarking installed"
"checkpoint-status",,"","checkpoint","Site cleared and broken down"
"checkpoint-status",,"","checkpoint","Site cleared and broken down"

"checklist-sectioned",,"","checklist","Fibertherm Checklist","",,,0,"Yes","Fibertherm Checklist","3110ff14-55bd-4135-8ec4-c8e38e214068"
"checkpoint-group",,"","section","Pre start"
"checkpoint-status",,"","checkpoint","Area Accessable"
"checkpoint-status",,"","checkpoint","Edge Protection and sfatey installed"
"checkpoint-status",,"","checkpoint","Substrate complete and ready (purlins/ply)"
"checkpoint-status",,"","checkpoint","Perimtere support installed if metal deck substrate"
"checkpoint-group",,"","section","Metal Deck"
"checkpoint-status",,"","checkpoint","Timber to have separation"
"checkpoint-status",,"","checkpoint","End openings to have closure foam installed"
"checkpoint-status",,"","checkpoint","Base deck screwed down in every pan"
"checkpoint-status",,"","checkpoint","VCL tape to be installed to all sheet laps"
"checkpoint-status",,"","checkpoint","VCL tape to all upstands"
"checkpoint-group",,"","section","Post and Rail install"
"checkpoint-status",,"","checkpoint","Post installed at correct fixing centers"
"checkpoint-status",,"","checkpoint","Thermal break pad under post foot"
"checkpoint-status",,"","checkpoint","Rail installed to posts"
"checkpoint-status",,"","checkpoint","Gutter line colsure/drip edge flashing installed"
"checkpoint-group",,"","section","Insulation install"
"checkpoint-status",,"","checkpoint","Specified Insulation installed"
"checkpoint-status",,"","checkpoint","No Gaps"
"checkpoint-group",,"","section","Top Deck install"
"checkpoint-status",,"","checkpoint","Lay sheets straight"
"checkpoint-status",,"","checkpoint","Hang over into gutter min 75mm"
"checkpoint-status",,"","checkpoint","Top end of sheets turned up"
"checkpoint-status",,"","checkpoint","Bottom end of sheets turned down"
"checkpoint-status",,"","checkpoint","Fixing back to rail"
"checkpoint-status",,"","checkpoint","Profile washers"
"checkpoint-status",,"","checkpoint","Screwed off as per fixing plan"
"checkpoint-group",,"","section","Flashing install"
"checkpoint-status",,"","checkpoint","Installed correctly, accoriding to spec's & drawings"
"checkpoint-status",,"","checkpoint","Fixings according to specs & details"
"checkpoint-group",,"","section","Sign offs"
"checkpoint-status",,"","checkpoint","Sign off"

"checklist-flat",,"","checklist","Ridge & Valley Flashing Installation - ","",,,0,"Yes","Add Ridge & Valley Flashing Installation Checklist","3192bdfa-2059-437c-9ab2-36b44aec1503"
"checkpoint-status",,"","checkpoint","Install Metal deck, VCL, PIr and Securock into lifting eyes"
"checkpoint-status",,"","checkpoint","Check vapour barrier is connected"
"checkpoint-status",,"","checkpoint","Install expansion foam to joint if required"
"checkpoint-status",,"","checkpoint","Install flashing under Roof membrane, screws at 300mm centres"
"checkpoint-status",,"","checkpoint","Glue FB membrane onto flashing"
"checkpoint-status",,"","checkpoint","Install 70mm x 70mm FiberTite SM membrane to valley/ridge to a straight chalk line"
"checkpoint-status",,"","checkpoint","Probe membrane joins"

"checklist-flat",,"","checklist","Job Details","",,,1,"Yes","SYS - PT - Job Details","367114e5-6d8e-431f-81e9-da48ad7b5c87"
"checkpoint-status",,"","checkpoint","Site Info"
"text","4e739149-fe6d-425d-b45e-4a4ff63e7c1e","","textbox","Site Address",,,
"text","e326d577-6e3a-40b7-870a-8e178eda7195","","textbox","Main Contractor Details",,,
"text","6c1ef37c-4d31-4405-b668-f398c4ad1275","","textbox","Project Managers Details",,,
"text","351c3436-2ae9-42ae-9ee9-1146e81bffa2","","textbox","Site Manager Details",,,
"checkpoint-status",,"","checkpoint","Latest Drawings"
"checkpoint-status",,"","checkpoint","Scope of Works Attached"
"checkpoint-status",,"","checkpoint","Additional Pre Start Docs"
"checkpoint-status",,"","checkpoint","Fixing Plan Attached "

"checklist-sectioned",,"","checklist","SWP - QA - Sheet Tanking System Checklist","",,,0,"Yes","SWP - QA - Sheet Tanking System Checklist","373a20c9-d208-4960-930c-dfb081e919da"
"checkpoint-group",,"","section","Pre Start"
"checkpoint-status",,"","checkpoint","Area Accessible"
"checkpoint-status",,"","checkpoint","Edge protection and safety installed"
"checkpoint-status",,"","checkpoint","Substrate complete and ready for SWP"
"checkpoint-group",,"","section","Primer"
"checkpoint-status",,"","checkpoint","Applied as per specification on dry substrate at 5m2 per litre"
"checkpoint-group",,"","section","Membrane"
"checkpoint-status",,"","checkpoint","Temperature must be over 4 degrees for membrane install"
"checkpoint-status",,"","checkpoint","Is the substrate clean, dry and clear"
"checkpoint-status",,"","checkpoint","Membrane applied with min 50mm overlap"
"checkpoint-status",,"","checkpoint","Overlap is to pressure applied or rolled for seal"
"checkpoint-group",,"","section","Protection"
"checkpoint-status",,"","checkpoint","Works to be protected by main contractor"

"checklist-sectioned",,"","checklist","SWP - QA - Fibertite to Plywood Checklist","",,,0,"Yes","SWP - QA - Fibertite to Plywood Checklist","3b38317b-950b-4ef5-b563-643854adcefa"
"checkpoint-group",,"","section","Prestart"
"checkpoint-status",,"","checkpoint","Area accessible"
"checkpoint-status",,"","checkpoint","Edge protection and safety installed"
"checkpoint-status",,"","checkpoint","Substrate complete and ready for SWP"
"checkpoint-group",,"","section","Plywood Substrate"
"checkpoint-status",,"","checkpoint","Substrate clean and dry. Free from dirt/debris contamination and ready for membrane"
"checkpoint-status",,"","checkpoint","No Screws/nails/fixings popping up"
"checkpoint-status",,"","checkpoint","Joints flush and even"
"checkpoint-group",,"","section","Fibertite Membrane"
"checkpoint-status",,"","checkpoint","Correct Glue used per spec"
"checkpoint-status",,"","checkpoint","Fibertite fully glued to plywood"
"checkpoint-status",,"","checkpoint","Broom / roll fibertite into glue"
"checkpoint-status",,"","checkpoint","All laps, details, penetrations fully closed & QA'd with hook"
"checkpoint-status",,"","checkpoint","Membrane dressed into drains/outlets"
"checkpoint-status",,"","checkpoint","Clamps / rings / baskets installed"
"checkpoint-status",,"","checkpoint","Flooded / ILD checked"
"checkpoint-group",,"","section","Fiberclad Flashings"
"checkpoint-status",,"","checkpoint","Installed correctly according to specifications (right way around)"
"checkpoint-status",,"","checkpoint","Fixings and welding done according to details"
"checkpoint-status",,"","checkpoint","Welding of Fibertite to flashings fully finished and QA'd with hook"
"checkpoint-group",,"","section","Review and Sign Off"
"checkpoint-status",,"","checkpoint","Area left clean and tidy"
"checkpoint-status",,"","checkpoint","All installation work complete, checked and reviewed as per specification"
"checkpoint-status",,"","checkpoint","Client / Main Contractor sign off"

"checklist-flat",,"","checklist","Site Visit date:","",,,0,"Yes","Supplier Site Visit","3be37baf-4123-448c-bd5f-a2d1cf83da9d"
"checkpoint-no-status",,"","checkpoint","Site Details"
"text","6d41fa6a-4e1a-577e-a624-6bd736f97876","","textbox","Job Name",,,
"text","22044acf-ec81-5b86-a826-c71cabe41273","","textbox","Who is in attendance",,,
"text","1235194d-88da-53a0-854a-ce85145c2b1e","","textbox","Area/Gridlines/Detail",,,
"checkpoint-status",,"","checkpoint","Photos"
"text","e4f72de6-232e-5c0f-a8f5-0b30ac9ea698","","textbox","Inspection Notes",,,
"holdpoint",,"","signoff","Signoff Required"

"checklist-sectioned",,"","checklist","SWP - QA - Torch on Warmroof Over Metal Deck Checklist","",,,0,"Yes","SWP - QA - Torch on Warmroof Over Metal Deck Checklist","3bf4f8b5-8f5a-4bf2-a285-9dd6f9dc14bc"
"checkpoint-group",,"","section","Pre Start"
"checkpoint-status",,"","checkpoint","Area accessible"
"checkpoint-status",,"","checkpoint","Edge protection and safety installed"
"checkpoint-status",,"","checkpoint","Substrate complete and ready for SWP"
"checkpoint-group",,"","section","Metal Deck"
"checkpoint-status",,"","checkpoint","Timber to have separation barrier"
"checkpoint-status",,"","checkpoint","Base deck screwed down in every pan"
"checkpoint-status",,"","checkpoint","Sheet edges stitched together at 300mm centres"
"checkpoint-status",,"","checkpoint","No sharp edges protruding"
"checkpoint-group",,"","section","Vapour Control Layer"
"checkpoint-status",,"","checkpoint","Is the substrate clean, dry and clear of swarf"
"checkpoint-status",,"","checkpoint","All areas covered and sheets lapped 50mm"
"checkpoint-status",,"","checkpoint","All holes/penetrations patched and water tight"
"checkpoint-group",,"","section","Insulation"
"checkpoint-status",,"","checkpoint","Surface is dry prior to install"
"checkpoint-status",,"","checkpoint","Vapour control layer has been checked for no damage"
"checkpoint-status",,"","checkpoint","Insulation board installed"
"checkpoint-status",,"","checkpoint","Joints flush (no gaps between boards on ends)"
"checkpoint-group",,"","section","Securock"
"checkpoint-status",,"","checkpoint","Is the surface dry"
"checkpoint-status",,"","checkpoint","Installed in brick pattern"
"checkpoint-status",,"","checkpoint","Correct length screw with recessed flat plates"
"checkpoint-status",,"","checkpoint","Installed as per wind uplift fixing plan"
"checkpoint-status",,"","checkpoint","Prime of Securrock"
"checkpoint-group",,"","section","Base Sheet"
"checkpoint-status",,"","checkpoint","Install from low to high"
"checkpoint-status",,"","checkpoint","Bleed of bitumen on overlap should be up to 10mm"
"checkpoint-status",,"","checkpoint","Side laps a minimum of 80mm and end laps 150mm"
"checkpoint-status",,"","checkpoint","Check of all welds at the end of the day"
"checkpoint-group",,"","section","Cap Sheet"
"checkpoint-status",,"","checkpoint","Install from low to high"
"checkpoint-status",,"","checkpoint","Side laps a minimum of 80mm and end laps 150mm"
"checkpoint-status",,"","checkpoint","Exposed vertical upstands terminated no less than 150mm above the roof and approved termination bar or cap flashing"
"checkpoint-status",,"","checkpoint","Base flange of membrane shall extend onto the horizontal section of the roof a minimum of 100mm"
"checkpoint-status",,"","checkpoint","Clamps / rings / baskets installed and press into overflows and outlets"
"checkpoint-status",,"","checkpoint","Flood test / ILD tested"
"checkpoint-group",,"","section","Review and Sign Off"
"checkpoint-status",,"","checkpoint","Area left clean and tidy"
"checkpoint-status",,"","checkpoint","All installation work complete, checked and reviewed as per specification"
"checkpoint-status",,"","checkpoint","Client / Main Contractor sign off"

"checklist-flat",,"","checklist","SWP - Add Daily Cassette Log","",,,0,"Yes","SWP - Add Daily Cassette Log","42d8a441-410c-449b-b842-d6a27e30dc8a"
"checkpoint-status",,"","checkpoint","Date:"
"text","a3fa062f-05e2-5c9a-8623-317bafb078be","","textbox","",,,
"checkpoint-status",,"","checkpoint","Cassette Number:"
"text","cbf4ef75-614b-5f31-8372-47fb1df07b91","","textbox","",,,
"checkpoint-status",,"","checkpoint","Record any delays:"
"text","c8ba8b5d-541d-5e67-8c24-be9aa2240fe2","","textbox","",,,
"checkpoint-status",,"","checkpoint","Wind/Weather Conditions:"
"text","06f9989a-130b-5b43-a5ad-81daf882e10f","","textbox","",,,
"checkpoint-status",,"","checkpoint","Comments/Issues/Observations:"
"text","9306a7d1-874b-55e4-bb74-f3686e8d3c37","","textbox","",,,

"checklist-flat",,"","checklist","Dayworks -","",,,0,"Yes","Add Dayworks Checklist","433f0ca9-6870-4cdc-a8cc-cd37ae2a9d58"
"checkpoint-status",,"","checkpoint","Day Work Details"
"text","d27d8079-cce6-47f2-bc8f-5447bd0b63c3","","textbox","NTSC / SI #:",,,
"text","d63889f7-ee5a-4b1a-8284-614d5f938189","","textbox","Labours (HR)",,,
"text","926bb36c-59db-4b70-828c-6bc1bf2ce049","","textbox","Work Description:",,,
"text","693bbb1a-ade5-4140-a549-223cae16f4cb","","textbox","Materials:",,,
"text","6d1abe7d-16c2-45ff-b354-7f74775359b8","","textbox","SWP Representative. Prepared By:",,,
"text","7e548609-67fa-4b3f-91fa-027d546e556f","","textbox","Client Representative. Confirmed By:",,,
"holdpoint",,"","signoff","Request Signature Signoff"

"checklist-sectioned",,"","checklist","SWP - QA - Fibertite Warm Roof Over Metal Deck Checklist","",,,1,"Yes","SWP - QA - Fibertite Warm Roof Over Metal Deck Checklist","48b325dd-a9d3-4804-acce-448924cfe63c"
"checkpoint-group",,"","section","Pre Start"
"checkpoint-status",,"","checkpoint","Area Accessible"
"checkpoint-status",,"","checkpoint","Edge protection and safety installed"
"checkpoint-status",,"","checkpoint","Substrate complete and ready for SWP"
"checkpoint-group",,"","section","Metal Deck"
"checkpoint-status",,"","checkpoint","Timber to have separation barrier"
"checkpoint-status",,"","checkpoint","Base deck screwed down in every pan"
"checkpoint-status",,"","checkpoint","Sheet edges stiched together at 300mm centres"
"checkpoint-group",,"","section","Vapour Control Layer"
"checkpoint-status",,"","checkpoint","Is the substrate clean, dry and clear of swarf"
"checkpoint-status",,"","checkpoint","All areas covered and sheets lapped 50mm"
"checkpoint-status",,"","checkpoint","All holes/penetrations patched and water tight"
"checkpoint-group",,"","section","Insulation"
"checkpoint-status",,"","checkpoint","Surface is dry prior to install"
"checkpoint-status",,"","checkpoint","Vapour control layer has been checked for no damage"
"checkpoint-status",,"","checkpoint","Insulation board installed in a brick pattern"
"checkpoint-status",,"","checkpoint","Joints flush (no gaps between boards on ends)"
"checkpoint-status",,"","checkpoint","Fixings at correct spacing according to spec if no Securock in system."
"checkpoint-group",,"","section","Securock"
"checkpoint-status",,"","checkpoint","Is the surface dry"
"checkpoint-status",,"","checkpoint","Installed in brick pattern"
"checkpoint-status",,"","checkpoint","Correct length screw with load washer"
"checkpoint-status",,"","checkpoint","Installed as per wind uplift fixing plan"
"checkpoint-group",,"","section","FiberTite"
"checkpoint-status",,"","checkpoint","Adhesive installed to substrate"
"checkpoint-status",,"","checkpoint","Laying of membrane into the adhesive"
"checkpoint-status",,"","checkpoint","Broom/rolling of membrane"
"checkpoint-status",,"","checkpoint","Wipe and clean of laps prior to welding"
"checkpoint-status",,"","checkpoint","Test weld with welding machine"
"checkpoint-status",,"","checkpoint","Probe of seam with QA hook"
"checkpoint-status",,"","checkpoint","Membrane dressed into drains/outlets"
"checkpoint-status",,"","checkpoint","Clamps / rings / baskets installed"
"checkpoint-status",,"","checkpoint","Flooded / ILD checked"
"checkpoint-group",,"","section","Fiberclad flashings"
"checkpoint-status",,"","checkpoint","Installed correctly according to specifications (Right way around)"
"checkpoint-status",,"","checkpoint","Fixings and welding done according to specifications and details"
"checkpoint-status",,"","checkpoint","Probe of weld with QA hook"
"checkpoint-group",,"","section","Review and Sign Off"
"checkpoint-status",,"","checkpoint","Area left clean and tidy"
"checkpoint-status",,"","checkpoint","All installation work complete, checked and reviewed as per specification"
"checkpoint-status",,"","checkpoint","Client / Main Contractor sign off"

"checklist-sectioned",,"","checklist","SWP - QA - MSR Checklist","",,,0,"Yes","SWP - QA - MSR Checklist","48b9ca93-6788-48ef-b50a-ce9516386bfe"
"checkpoint-group",,"","section","Prestart"
"checkpoint-status",,"","checkpoint","Area Accessible"
"checkpoint-status",,"","checkpoint","Edge protection and safety installed"
"checkpoint-status",,"","checkpoint","Substrate complete and ready for SWP"
"checkpoint-group",,"","section","Metal Deck"
"checkpoint-status",,"","checkpoint","Timber to have separation barrier"
"checkpoint-status",,"","checkpoint","Base deck screwed down and secure"
"checkpoint-group",,"","section","Vapour Control Layer"
"checkpoint-status",,"","checkpoint","Is the substrate clean, dry and clear of swarf"
"checkpoint-status",,"","checkpoint","All areas covered and sheets lapped 50mm"
"checkpoint-status",,"","checkpoint","All holes/penetrations patched and water tight"
"checkpoint-group",,"","section","Acoustic Board"
"checkpoint-status",,"","checkpoint","Is the surface dry"
"checkpoint-status",,"","checkpoint","Installed with no gaps"
"checkpoint-group",,"","section","Insulation"
"checkpoint-status",,"","checkpoint","Surface is dry prior to install"
"checkpoint-status",,"","checkpoint","Vapour control layer has been checked for no damage"
"checkpoint-status",,"","checkpoint","Insulation board installed"
"checkpoint-status",,"","checkpoint","Joints flush (no gaps between boards on ends)"
"checkpoint-group",,"","section","Topdeck Install"
"checkpoint-status",,"","checkpoint","Covertek Installed with 150mm overlap"
"checkpoint-status",,"","checkpoint","Drip edge installed"
"checkpoint-status",,"","checkpoint","Lay sheet with minimum 75mm gutter overhang"
"checkpoint-status",,"","checkpoint","Top end of sheet turned up"
"checkpoint-status",,"","checkpoint","Fixing back into purlin"
"checkpoint-status",,"","checkpoint","Closure foam to gutter end"
"checkpoint-status",,"","checkpoint","Profile Washers over 12m"
"checkpoint-status",,"","checkpoint","Sheets straight & perpendicular to gutter"
"checkpoint-status",,"","checkpoint","Screw pattern as per fixing plan"
"checkpoint-group",,"","section","Roof flashings"
"checkpoint-status",,"","checkpoint","Installed correctly according to specification & drawings"
"checkpoint-status",,"","checkpoint","Fixings done according to specifications and details"
"checkpoint-group",,"","section","Review and Sign Off"
"checkpoint-status",,"","checkpoint","Area left clean and tidy"
"checkpoint-status",,"","checkpoint","All installation work complete, checked and reviewed as per specification"
"checkpoint-status",,"","checkpoint","Client / Main Contractor sign off"

"checklist-sectioned",,"","checklist","SWP - QA - Metal Roof Installation Checklist","",,,0,"Yes","SWP - QA - Metal Roof Installation Checklist","4a0328a8-1649-4dd3-9b25-39784ede5b95"
"checkpoint-group",,"","section","Prestart"
"checkpoint-status",,"","checkpoint","Area accessible"
"checkpoint-status",,"","checkpoint","Edge protection and safety installed"
"checkpoint-status",,"","checkpoint","Substrate complete and ready for SWP"
"checkpoint-group",,"","section","Safety Mesh Installation"
"checkpoint-status",,"","checkpoint","Laid perpindicular to the purlins."
"checkpoint-status",,"","checkpoint","Fully secured to Purlins/Timber."
"checkpoint-status",,"","checkpoint","No protruding bits or loose ends."
"checkpoint-group",,"","section","Covertek Roofing Paper Installation"
"checkpoint-status",,"","checkpoint","Laid either perpindicular or parallel with purlins."
"checkpoint-status",,"","checkpoint","Overlapped a minimum 150mm"
"checkpoint-status",,"","checkpoint","All areas completely covered."
"checkpoint-status",,"","checkpoint","Laid tight to timeber/purlins."
"checkpoint-status",,"","checkpoint","Secured so it will not blow away if roof not being installed immediately."
"checkpoint-group",,"","section","Metal Roof Installation"
"checkpoint-status",,"","checkpoint","Drip edge installed"
"checkpoint-status",,"","checkpoint","Laid straight & perpindicular to gutter/purlins"
"checkpoint-status",,"","checkpoint","Gutter overhang 75mm minimum"
"checkpoint-status",,"","checkpoint","Top ends of sheets turned up."
"checkpoint-status",,"","checkpoint","Fixings back into purlins and laid in a straight line as per Code of Practice."
"checkpoint-status",,"","checkpoint","Closure foam to gutter ends."
"checkpoint-group",,"","section","Roof Flashings"
"checkpoint-status",,"","checkpoint","Installed correctly according to drawings and to the Code of Practice."
"checkpoint-status",,"","checkpoint","All fixings in place and done according to code of practice."
"checkpoint-status",,"","checkpoint","All laps and junctions sealed properly."
"checkpoint-group",,"","section","Review and Sign Off"
"checkpoint-status",,"","checkpoint","Area left clean and tidy"
"checkpoint-status",,"","checkpoint","All installation work complete, checked and reviewed as per specification"
"checkpoint-status",,"","checkpoint","Client / Main Contractor sign off"

"checklist-sectioned",,"","checklist","Fibertite to Plywood","",,,0,"Yes","Add Fibertite to Plywood Checklist","53fe462a-5d92-4599-895f-51b08d89b08b"
"checkpoint-group",,"","section","Prestart"
"checkpoint-status",,"","checkpoint","Area accessible (free of gear and materials from other contractors)"
"checkpoint-status",,"","checkpoint","Area fully ready for Membrane"
"checkpoint-group",,"","section","Plywood Substrate"
"checkpoint-status",,"","checkpoint","Substrate clean and dry. Free from dirt/debris contamination and ready for membrane"
"checkpoint-status",,"","checkpoint"," No Screws/nails/fixings popping up"
"checkpoint-status",,"","checkpoint","Joints flush and even"
"checkpoint-group",,"","section","Fibertite Membrane"
"checkpoint-status",,"","checkpoint","Installed so that laps are facing down(towards drain)"
"checkpoint-status",,"","checkpoint","Correct Glue used per spec"
"checkpoint-status",,"","checkpoint","Fibertite fully glued to plywood"
"checkpoint-status",,"","checkpoint","Glue evenly spread and no lumps"
"checkpoint-status",,"","checkpoint","All laps, details, penetrations fully closed & QA'd with hook"
"checkpoint-group",,"","section","Fiberclad Flashings"
"checkpoint-status",,"","checkpoint","Installed correctly according to specifications (right way around)"
"checkpoint-status",,"","checkpoint","Fixings and welding done according to details"
"checkpoint-status",,"","checkpoint","Welding of Fibertite to flashings fully finished and QA'd with hook"
"checkpoint-group",,"","section","Final Sign Off"
"checkpoint-status",,"","checkpoint","Area complete and ready for MC sign off "
"holdpoint",,"","signoff","Request Sign Off Signature"

"checklist-sectioned",,"","checklist","Sheet Tanking - Area:","",,,0,"Yes","Add Sheet Tanking System Checklist","580cc07f-c671-4e3a-97b7-aa514440f8bb"
"checkpoint-group",,"","section","Pre Start "
"checkpoint-status",,"","checkpoint","Area Accessible "
"checkpoint-status",,"","checkpoint","Edge protection and safety installed "
"checkpoint-status",,"","checkpoint","Substrate complete and ready for SWP "
"checkpoint-group",,"","section","Primer"
"checkpoint-status",,"","checkpoint","Applied as per specification on dry substrate at 5m2 per litre "
"checkpoint-group",,"","section","Membrane "
"checkpoint-status",,"","checkpoint","Temperature must be over 4 degrees for membrane install "
"checkpoint-status",,"","checkpoint","Is the substrate clean, dry and clear "
"checkpoint-status",,"","checkpoint","Membrane applied with min 50mm overlap"
"checkpoint-status",,"","checkpoint","Overlap is to pressure applied or rolled for seal "
"checkpoint-group",,"","section","Protection "
"checkpoint-status",,"","checkpoint","Works to be protected by main contractor "

"checklist-sectioned",,"","checklist","Gutter Install","",,,0,"Yes","Gutter Install Checklist","61a8f569-9ee3-4449-82d4-84937701857e"
"checkpoint-group",,"","section","Prestart"
"checkpoint-status",,"","checkpoint","Area accessible and ready to install"
"checkpoint-status",,"","checkpoint","Materials ready"
"checkpoint-status",,"","checkpoint","Substrate ready (check plans)"
"checkpoint-group",,"","section","Install"
"checkpoint-status",,"","checkpoint","Brackets installed according to plans/spec/best practice"
"checkpoint-status",,"","checkpoint","Gutter lapped and sealed correctly according to best practice"
"checkpoint-status",,"","checkpoint","All terminations and ends folded/sealed properly"
"checkpoint-group",,"","section","Sign Off"
"checkpoint-status",,"","checkpoint","Cladding Install Complete"
"holdpoint",,"","signoff","Request Sign Off"

"checklist-flat",,"","checklist","SWP - Supplier Site Visit","",,,0,"Yes","SWP - Supplier Site Visit","6a5169e7-065f-4517-8d3a-e70d2bcc574e"
"checkpoint-status",,"","checkpoint","Site Details"
"text","a9070012-ea84-5172-b380-31847489b901","","textbox","Job Name",,,
"text","3897d5ad-c2d6-5ce4-81c0-0d02873a6bb8","","textbox","Who is in attendance",,,
"text","e4863a47-64d1-5789-b722-176f0021dd8f","","textbox","Area/Gridlines/Detail",,,
"checkpoint-status",,"","checkpoint","Photos"
"text","b18553c6-86f5-5938-8b72-de01e5862bac","","textbox","Inspection Notes",,,
"holdpoint",,"","signoff","Signoff Required"

"checklist-sectioned",,"","checklist","SWP - QA - Fibertite Warm Roof Over Concrete Fully Adhered Checklist","",,,0,"Yes","SWP - QA - Fibertite Warm Roof Over Concrete Fully Adhered Checklist","6d67f0c2-6595-4314-ab6b-20f34a2c2136"
"checkpoint-group",,"","section","Pre Start"
"checkpoint-status",,"","checkpoint","Area Accessible"
"checkpoint-status",,"","checkpoint","Edge protection and safety installed"
"checkpoint-status",,"","checkpoint","Substrate complete and ready for SWP"
"checkpoint-group",,"","section","Concrete Substrate"
"checkpoint-status",,"","checkpoint","Substrate clean and dry. Free from dirt/debris contamination and ready for membrane"
"checkpoint-status",,"","checkpoint","All lumps and sharp concrete bits ground/hammered down"
"checkpoint-status",,"","checkpoint","Large holes filled with grout"
"checkpoint-group",,"","section","Vapor control layer"
"checkpoint-status",,"","checkpoint","Substrate clean, dry, free of debris"
"checkpoint-status",,"","checkpoint","Installation of SA primer"
"checkpoint-status",,"","checkpoint","Install VCL over primer sheets lapped minimum 50mm"
"checkpoint-status",,"","checkpoint","All holes/penetrations patched and watertight"
"checkpoint-group",,"","section","Insulation"
"checkpoint-status",,"","checkpoint","Surface is dry prior to install"
"checkpoint-status",,"","checkpoint","Vapor control layer has been checked and no damage"
"checkpoint-status",,"","checkpoint","Install SA primer to top surface of VCL"
"checkpoint-status",,"","checkpoint","Install Board bond 600u in specified pattern"
"checkpoint-status",,"","checkpoint","Insulation boards installed"
"checkpoint-status",,"","checkpoint","Joints flush (no gaps between boards)"
"checkpoint-group",,"","section","ILD install"
"checkpoint-status",,"","checkpoint","SS mesh laid flat over all surfaces"
"checkpoint-status",,"","checkpoint","Testing wire installed"
"checkpoint-group",,"","section","Roofboard"
"checkpoint-status",,"","checkpoint","Surface is dry prior to install"
"checkpoint-status",,"","checkpoint","Install board bond 600u in specified pattern"
"checkpoint-status",,"","checkpoint","Roof board installed in brick pattern where possible"
"checkpoint-group",,"","section","Fibertite"
"checkpoint-status",,"","checkpoint","Adhesive installed to substrate"
"checkpoint-status",,"","checkpoint","Laying of membrane into adhesive"
"checkpoint-status",,"","checkpoint","Broom/rolling of membrane"
"checkpoint-status",,"","checkpoint","Wipe and clean laps prior to welding"
"checkpoint-status",,"","checkpoint","Test weld with the welding machines"
"checkpoint-status",,"","checkpoint","Probe of seam with QA hook"
"checkpoint-status",,"","checkpoint","Membrane dressed into drains/outlets"
"checkpoint-status",,"","checkpoint","Claps/rings/baskets installed"
"checkpoint-status",,"","checkpoint","Flood/ILD tested"
"checkpoint-group",,"","section","Fiberclad Flashings"
"checkpoint-status",,"","checkpoint","Installed correctly according to specifications (right way around)"
"checkpoint-status",,"","checkpoint","Fixings and welding done according to specifications and details"
"checkpoint-status",,"","checkpoint","Probe of weld with QA hook"
"checkpoint-group",,"","section","Review and Sign Off"
"checkpoint-status",,"","checkpoint","Area left clean and tidy"
"checkpoint-status",,"","checkpoint","All installation work complete, checked and reviewed as per specification"
"checkpoint-status",,"","checkpoint","Client / Main Contractor sign off"

"checklist-sectioned",,"","checklist","SWP - QA - MSR Cladding Checklist","",,,0,"Yes","SWP - QA - MSR Cladding Checklist","6fc6280e-242d-4df4-bc6b-df4299a0ecdc"
"checkpoint-group",,"","section","Prestart"
"checkpoint-status",,"","checkpoint","Area accessible"
"checkpoint-status",,"","checkpoint","Edge protection and safety installed"
"checkpoint-status",,"","checkpoint","Substrate complete and ready for SWP"
"checkpoint-group",,"","section","Vapour Control Layer"
"checkpoint-status",,"","checkpoint","Substrate clean and ready"
"checkpoint-status",,"","checkpoint","All areas covered and sheets lapped 50mm"
"checkpoint-status",,"","checkpoint","All holes / penetrations patched and watertight"
"checkpoint-group",,"","section","Brackets and Rails"
"checkpoint-status",,"","checkpoint","Z brackets installed to fixing plan"
"checkpoint-status",,"","checkpoint","Rhom rail installed to fixing plan"
"checkpoint-group",,"","section","Insulation"
"checkpoint-status",,"","checkpoint","VCL no damage"
"checkpoint-status",,"","checkpoint","Insulation installed with no gaps"
"checkpoint-group",,"","section","Cladding"
"checkpoint-status",,"","checkpoint","Covertek installed with 150mm laps"
"checkpoint-status",,"","checkpoint","Starter flashings installed"
"checkpoint-status",,"","checkpoint","Soaker flashings installed"
"checkpoint-status",,"","checkpoint","Sheets laid straight"
"checkpoint-status",,"","checkpoint","Closure foam installed"
"checkpoint-status",,"","checkpoint","Correct screw pattern / fixings used"
"checkpoint-group",,"","section","Flashings"
"checkpoint-status",,"","checkpoint","Installed correctly according to spec and drawings"
"checkpoint-status",,"","checkpoint","Fixings according to spec and details"
"checkpoint-group",,"","section","Review and Sign Off"
"checkpoint-status",,"","checkpoint","Area left clean and tidy"
"checkpoint-status",,"","checkpoint","All installation work complete, checked and reviewed as per specification"
"checkpoint-status",,"","checkpoint","Client / Main Contractor sign off"

"checklist-sectioned",,"","checklist","Metal Flashing Install","",,,0,"Yes","Metal Flashing Install","6fd5efdf-5440-42de-a350-ea4c751fa369"
"checkpoint-group",,"","section","Prestart"
"checkpoint-status",,"","checkpoint","Area accessible"
"checkpoint-status",,"","checkpoint","Edge Protection/safe access installed (safe to be on the roof)"
"checkpoint-status",,"","checkpoint","Substrate complete and ready for flashings"
"checkpoint-group",,"","section","Underlay"
"checkpoint-status",,"","checkpoint","Underlay installed between substrate and new flashing"
"checkpoint-status",,"","checkpoint","Overlapped a minimum of 100mm"
"checkpoint-status",,"","checkpoint","All areas under new flashing completely covered"
"checkpoint-status",,"","checkpoint","Secured so it will not blow away if flashing not being installed immediately"
"checkpoint-group",,"","section","Metal Flashing Install"
"checkpoint-status",,"","checkpoint","Installed with a minimum upstand of 150mm or according to drawings"
"checkpoint-status",,"","checkpoint","Expansion joint installed if needed (i.e. with runs longer than 12m for coloursteel or 8m for Ali.)"
"checkpoint-status",,"","checkpoint","Fixings according to Code as a minimum (or plans if more are required) in a straight line"
"checkpoint-status",,"","checkpoint","Laid in a straight and tidy manner"
"checkpoint-status",,"","checkpoint","All laps and junctions sealed properly and facing away from waterflow"
"checkpoint-status",,"","checkpoint","All visible ends & junctions cut and folded straight and tidy"
"checkpoint-group",,"","section","Sign Off"
"checkpoint-status",,"","checkpoint","Area complete and ready for MC sign off"
"holdpoint",,"","signoff","REQUEST SIGNATURE SIGN OFF"

"checklist-sectioned",,"","checklist","SWP - QA - Metal Flashing Install Checklist","",,,0,"Yes","SWP - QA - Metal Flashing Install Checklist","7596c4d0-7464-4b9e-86c8-96068da6cb5e"
"checkpoint-group",,"","section","Prestart"
"checkpoint-status",,"","checkpoint","Area accessible"
"checkpoint-status",,"","checkpoint","Edge protection and safety installed"
"checkpoint-status",,"","checkpoint","Substrate complete and ready for SWP"
"checkpoint-group",,"","section","Metal Flashing Install"
"checkpoint-status",,"","checkpoint","Installed with a minimum upstand of 150mm or according to drawings"
"checkpoint-status",,"","checkpoint","Expansion joint installed if needed (i.e. with runs longer than 12m for coloursteel or 8m for Ali.)"
"checkpoint-status",,"","checkpoint","Fixings according to Code as a minimum (or plans if more are required) in a straight line"
"checkpoint-status",,"","checkpoint","Laid in a straight and tidy manner"
"checkpoint-status",,"","checkpoint","All laps and junctions sealed properly and facing away from waterflow"
"checkpoint-status",,"","checkpoint","All visible ends & junctions cut and folded straight and tidy"
"checkpoint-group",,"","section","Review and Sign Off"
"checkpoint-status",,"","checkpoint","Area left clean and tidy"
"checkpoint-status",,"","checkpoint","All installation work complete, checked and reviewed as per specification"
"checkpoint-status",,"","checkpoint","Client / Main Contractor sign off"

"checklist-sectioned",,"","checklist","SWP - QA - Torch On to Plywood Checklist","",,,0,"Yes","SWP - QA - Torch On to Plywood Checklist","798643ec-3e66-45de-bb97-7c82aedfa7de"
"checkpoint-group",,"","section","Prestart"
"checkpoint-status",,"","checkpoint","Area accessible"
"checkpoint-status",,"","checkpoint","Edge protection and safety installed"
"checkpoint-status",,"","checkpoint","Substrate complete and ready for SWP"
"checkpoint-group",,"","section","Plywood Substrate"
"checkpoint-status",,"","checkpoint","Substrate clean and dry. Free from dirt/debris contamination and ready for membrane"
"checkpoint-status",,"","checkpoint","No Screws/nails/fixings popping up"
"checkpoint-status",,"","checkpoint","Joints flush and even"
"checkpoint-group",,"","section","Prime of Substrate"
"checkpoint-status",,"","checkpoint","Substrate clean and free from debris"
"checkpoint-status",,"","checkpoint","Primer installed"
"checkpoint-group",,"","section","Base Sheet"
"checkpoint-status",,"","checkpoint","Install from low to high"
"checkpoint-status",,"","checkpoint","Side laps a minimum of 80mm and end laps 150mm"
"checkpoint-status",,"","checkpoint","Check all welds at the end of the day"
"checkpoint-group",,"","section","Cap Sheet"
"checkpoint-status",,"","checkpoint","Install low to high"
"checkpoint-status",,"","checkpoint","Side laps a minimum of 80mm and end laps 150mm"
"checkpoint-status",,"","checkpoint","Exposed vertical upstands terminated no less than 150mm above the roof and approved termination bar or cap flashing"
"checkpoint-status",,"","checkpoint","Base flange of membrane shall extend onto the horizontal section of the roof a minimum of 100mm"
"checkpoint-status",,"","checkpoint","Membrane dressed into drains/outlets"
"checkpoint-status",,"","checkpoint","Install clamps/rings/baskets"
"checkpoint-status",,"","checkpoint","Flood/ILD test"
"checkpoint-group",,"","section","Review and Sign Off"
"checkpoint-status",,"","checkpoint","Area left clean and tidy"
"checkpoint-status",,"","checkpoint","All installation work complete, checked and reviewed as per specification"
"checkpoint-status",,"","checkpoint","Client / Main Contractor sign off"

"checklist-flat",,"","checklist","Variation Details -  ","",,,0,"Yes","Add Variation","7c68f5f6-c2b6-4371-977f-c0ab46dc2964"
"checkpoint-status",,"","checkpoint","Variation Details Approved"
"text","28d26279-c304-4689-8317-1deb797dc8fe","","textbox","Reference/Drawing/Instruction Number",,,
"text","2247155b-6de8-434c-a1e1-058d724a6a62","","textbox","Variation Area",,,
"text","ae7fc046-dca9-4fab-98f8-374caeb044ec","","textbox","Materials & labour breakdown",,,
"holdpoint",,"Invalid dependant","signoff","Request Variation Acknowledgement"
"checkpoint-status",,"","checkpoint","Variation Completed"
"holdpoint",,"Invalid dependant","signoff","Request Variation Signoff"

"checklist-sectioned",,"","checklist","Concrete Torch On Checklist -","",,,0,"Yes","Concrete Torch On Checklist","8ca4a332-2512-4fa6-886b-43285e4db24b"
"checkpoint-group",,"","section","Pre Start"
"checkpoint-status",,"","checkpoint","Area accessible"
"checkpoint-status",,"","checkpoint","Edge protection and safety installed"
"checkpoint-status",,"","checkpoint","Substrate complete and ready for SWP (metal/concrete/ply)"
"checkpoint-status",,"","checkpoint","Perimeter support installed installed if metal deck substrate"
"checkpoint-group",,"","section","Concrete"
"checkpoint-status",,"","checkpoint","Concrete clean and dry. Free from dirt/debris and ready for priming"
"checkpoint-status",,"","checkpoint","All lumps and sharp concrete bits ground down/hammered down"
"checkpoint-status",,"","checkpoint","Large holes filled with grout"
"checkpoint-group",,"","section","Prime of Substrate"
"checkpoint-status",,"","checkpoint","Substrate swept, dry and free of debri"
"checkpoint-group",,"","section","Vapour Control Layer"
"checkpoint-status",,"","checkpoint","Is the substrate clean, dry and clear of swarf"
"checkpoint-status",,"","checkpoint","All areas covered and sheets lapped 50mm"
"checkpoint-status",,"","checkpoint","All holes/penetrations patched and water tight"
"checkpoint-group",,"","section","Insulation"
"checkpoint-status",,"","checkpoint","Surface is dry prior to install"
"checkpoint-status",,"","checkpoint","Vapour control layer has been checked for no damage"
"checkpoint-status",,"","checkpoint","Insulation board installed in a brick pattern"
"checkpoint-status",,"","checkpoint","Joints flush (no gaps between boards on ends)"
"checkpoint-status",,"","checkpoint","Fixings at correct spacing according to spec if no Securock in system."
"checkpoint-group",,"","section","Securock"
"checkpoint-status",,"","checkpoint","Is the surface dry"
"checkpoint-status",,"","checkpoint","Installed in brick pattern"
"checkpoint-status",,"","checkpoint","Correct length screw with recessed flat plates"
"checkpoint-status",,"","checkpoint","Prime of Securrock"
"checkpoint-status",,"","checkpoint","Installed as per wind uplift fixing plan for both edges and perimeters and main field of roof"
"checkpoint-group",,"","section","Base Sheet"
"checkpoint-status",,"","checkpoint","Install from low to high"
"checkpoint-status",,"","checkpoint","Bleed of bitumen on overlap should be up to 10mm"
"checkpoint-status",,"","checkpoint","Side laps a minimum of 80mm and end laps 150mm"
"checkpoint-status",,"","checkpoint","Check of all welds at the end of the day"
"checkpoint-group",,"","section","Cap Sheet"
"checkpoint-status",,"","checkpoint","Install from low to high"
"checkpoint-status",,"","checkpoint","Side laps a minimum of 80mm and end laps 150mm"
"checkpoint-status",,"","checkpoint","Exposed vertical upstands terminated no less than 150mm above the roof and approved termination bar or cap flashing"
"checkpoint-status",,"","checkpoint","Base flange of membrane shall extend onto the horizontal section of the roof a minimum of 200mm"
"checkpoint-status",,"","checkpoint","Clamp and weld into overflows and outlets"
"checkpoint-status",,"","checkpoint","Flood test of outlets"
"checkpoint-group",,"","section","Sign Offs"
"checkpoint-status",,"","checkpoint","Area complete and ready for MC sign off"
"holdpoint",,"","signoff","REQUEST SIGN OFF SIGNATURE"

"checklist-sectioned",,"","checklist","Weather Monitoring","",,,0,"Yes","Weather Monitoring","91e5feb5-ae0a-40cf-b469-9f14e873e72c"
"checkpoint-group",,"","section","Current Weather"
"checkpoint-status",,"","checkpoint","Todays date & Time"
"checkpoint-status",,"","checkpoint","Wind / weather conditions"
"checkpoint-status",,"","checkpoint","Record any delays"
"checkpoint-status",,"","checkpoint","area / gridlines"
"checkpoint-status",,"","checkpoint","Comments / issues / observations"
"checkpoint-group",,"","section","Weather Forecast"
"checkpoint-status",,"","checkpoint","What is the weather forecast this week"
"checkpoint-status",,"","checkpoint","Record any delays"
"checkpoint-status",,"","checkpoint","area / gridlines"
"checkpoint-status",,"","checkpoint","Comments / issues / observations"

"checklist-sectioned",,"","checklist","Cladding - ","",,,0,"Yes","Add Cladding Checklist","92168689-fe24-46ec-ab45-d7def452d7ad"
"checkpoint-group",,"","section","Pre Start"
"checkpoint-status",,"","checkpoint","Coil ordered, colour sorted"
"checkpoint-status",,"","checkpoint","Clips, screwed ordered"
"checkpoint-status",,"","checkpoint","Pan width, Set out of pans agreed with main contractor/architect"
"checkpoint-status",,"","checkpoint","Flashing details agreed with main contractor/architect"
"checkpoint-status",,"","checkpoint","Substrate ready, battens paper"
"checkpoint-group",,"","section","Install"
"checkpoint-status",,"","checkpoint","Bottom starter flashing installed"
"checkpoint-status",,"","checkpoint","First pan straight/plumb"
"checkpoint-status",,"","checkpoint","Clip spacing correct for length of sheet, right number of expansion clips"
"checkpoint-status",,"","checkpoint","Cladding running straight/plumb"
"checkpoint-status",,"","checkpoint","Flashings installed around doors windows"
"checkpoint-status",,"","checkpoint","Any damage"
"checkpoint-status",,"","checkpoint","Main contractor sign off"
"checkpoint-status",,"","checkpoint","Main contractor to protect"

"checklist-sectioned",,"","checklist","Fibretite onto metal base","",,,0,"Yes","Add Fibertite onto metal base checklist","a84a6ea7-95f3-478a-8963-d24ccd033993"
"checkpoint-group",,"","section","Prestart"
"checkpoint-status",,"","checkpoint","Area Accessible"
"checkpoint-status",,"","checkpoint","Area safe to work in"
"checkpoint-status",,"","checkpoint","Framing and purlins complete and ready for metal base"
"checkpoint-group",,"","section","Metal Base installation"
"checkpoint-status",,"","checkpoint","All fixings (metal base secured to frame/structure)"
"checkpoint-status",,"","checkpoint","No gaps in between metal base"
"checkpoint-status",,"","checkpoint","All areas of gutter covered"
"checkpoint-group",,"","section","Fibertite installation"
"checkpoint-status",,"","checkpoint","Metal base dry and clean"
"checkpoint-status",,"","checkpoint","Correct glue used"
"select","90f40eb4-0611-4d47-95d4-3d6a3fe688e1","","dropdown","Select glue type"," 490u,190e",,
"checkpoint-status",,"","checkpoint","Fibertite fully glued to metal base substrate"
"checkpoint-status",,"","checkpoint","Fibertite installed up and over first purlin on both sides"
"checkpoint-status",,"","checkpoint","All laps, details, corners fully closed and QA'd"
"checkpoint-status",,"","checkpoint","Sign Off"

"checklist-sectioned",,"","checklist","FiberTite Checklist - Area:","",,,0,"Yes","Add FibreTite Checklist","ab0064bc-dd8f-40e1-827b-668f40713b60"
"checkpoint-group",,"","section","Pre Start"
"checkpoint-status",,"","checkpoint","Area Accessible"
"checkpoint-status",,"","checkpoint","Edge protection and safety installed"
"checkpoint-status",,"","checkpoint","Substrate complete and ready for SWP (metal/concrete/ply) "
"checkpoint-status",,"","checkpoint","Perimeter support installed installed if metal deck substrate"
"checkpoint-group",,"","section","Metal Deck"
"checkpoint-status",,"","checkpoint","Timber to have separation barrier"
"checkpoint-status",,"","checkpoint","Base deck screwed down in every pan"
"checkpoint-status",,"","checkpoint","Sheet edges stiched together at 300mm centres"
"checkpoint-group",,"","section","Vapour Control Layer"
"checkpoint-status",,"","checkpoint","Is the substrate clean, dry and clear of swarf"
"checkpoint-status",,"","checkpoint","All areas covered and sheets lapped 50mm"
"checkpoint-status",,"","checkpoint","All holes/penetrations patched and water tight"
"checkpoint-group",,"","section","Insulation "
"checkpoint-status",,"","checkpoint","Surface is dry prior to install"
"checkpoint-status",,"","checkpoint","Vapour control layer has been checked for no damage"
"checkpoint-status",,"","checkpoint","Insulation board installed in a brick pattern"
"checkpoint-status",,"","checkpoint","Joints flush (no gaps between boards on ends)"
"checkpoint-status",,"","checkpoint","Fixings at correct spacing according to spec if no Securock in system. "
"checkpoint-group",,"","section","Securock"
"checkpoint-status",,"","checkpoint","Is the surface dry"
"checkpoint-status",,"","checkpoint","Installed in brick pattern"
"checkpoint-status",,"","checkpoint","correct length screw with recessed flat plates"
"checkpoint-status",,"","checkpoint","Installed as per wind uplift fixing plan for both edges and perimeters and main field of roof"
"checkpoint-group",,"","section","FiberTite"
"checkpoint-status",,"","checkpoint","Test weld with welding machine"
"checkpoint-status",,"","checkpoint","Adhesive installed to substrate"
"checkpoint-status",,"","checkpoint","Laying of membrane into the adhesive"
"checkpoint-status",,"","checkpoint","Broom/rolling of membrane "
"checkpoint-status",,"","checkpoint","Wipe and clean of laps prior to welding"
"checkpoint-status",,"","checkpoint","Probe of seams with QA hook"
"checkpoint-status",,"","checkpoint","Clamp and weld of outlets and overflows"
"checkpoint-status",,"","checkpoint","Flood test of outlets"
"checkpoint-group",,"","section","Fiberclad flashings"
"checkpoint-status",,"","checkpoint","Installed correctly according to specifications (Right way around)"
"checkpoint-status",,"","checkpoint","Fixings and welding done according to specifications and details"
"checkpoint-status",,"","checkpoint","Probe of weld with QA hook"
"checkpoint-group",,"","section","Signoffs"
"checkpoint-status",,"","checkpoint","Area Complete (Request MC Signoff)"
"holdpoint",,"Invalid dependant","signoff","Request Signoff"

"checklist-sectioned",,"","checklist","SWP - QA - Soffit Checklist","",,,0,"Yes","SWP - QA - Soffit Checklist","b3c15c4d-3e8e-49c4-9ed5-1d7145876254"
"checkpoint-group",,"","section","Prestart"
"checkpoint-status",,"","checkpoint","Area accessible"
"checkpoint-status",,"","checkpoint","Substrate ready (check plans) with proper purlin spacing"
"checkpoint-status",,"","checkpoint","Design/Spec/Approvals complete"
"checkpoint-group",,"","section","Install"
"checkpoint-status",,"","checkpoint","Flashings installed according to plans"
"checkpoint-status",,"","checkpoint","All sealant work complete"
"checkpoint-status",,"","checkpoint","Install soffit lining according to plans/spec/best practice"
"checkpoint-status",,"","checkpoint","Screw pattern according to plans/spec/best practice"
"checkpoint-status",,"","checkpoint","Finish flashings complete"
"checkpoint-group",,"","section","Sign Off"
"checkpoint-status",,"","checkpoint","Cladding Install Complete"
"holdpoint",,"","signoff","Request Sign Off"

"checklist-flat",,"","checklist","SWP - Add Flood Testing Checklist","",,,0,"Yes","SWP - Add Flood Testing Checklist","b995aa26-32e6-4891-9a9f-9f9818b96b83"
"checkpoint-status",,"","checkpoint","Is area fully finished, QA’d and ready to be tested"
"checkpoint-status",,"","checkpoint","Flood test details"
"text","be94eb9b-2294-5ee9-b683-615a41c1db83","","textbox","Date:",,,
"text","67bcef35-2a7e-54b5-a035-82dde309b53b","","textbox","Area tested:",,,
"text","925ffdbb-9015-5c68-8506-6e65853bb2e8","","textbox","Duration:",,,
"button","e04814c0-f80c-5165-b433-64b0cf35d90d","","button","Have you checked regularly for leaks","Yes, No, N/A",,
"button","89894856-384f-56f3-b921-f8d39795abf7","","button","Is there rain in the forecast","Yes, No, N/A",,
"button","cce62845-186c-55e5-a8d5-a7b7446cbfe2","","button","Have you eft some outlets/scuppers so that the building doesn't flood","Yes, No, N/A",,
"button","77465718-04d7-5fe8-a1f1-26f361614faa","","button","Have all leaks been repaired","Yes, No, N/A",,
"checkpoint-status",,"","checkpoint","Flood test complete"
"button","c8472cc5-57b4-5743-8d60-a715bdcb5858","","button","Have the plugs been removed from the drains","Yes, No, N/A",,
"button","cd69f854-24e6-5089-b6b4-d441a25794ff","","button","Debris and materials removed from the gutter/membrane/roof","Yes, No, N/A",,
"holdpoint",,"","signoff","Sign Off"

"checklist-sectioned",,"","checklist","Carpark MMA -","",,,0,"Yes","Add Carpark MMA Checklist","badc8afe-9040-415e-880b-352f1c959010"
"checkpoint-group",,"","section","Pre Start"
"checkpoint-status",,"","checkpoint","SSSP onsite"
"checkpoint-status",,"","checkpoint","Photos of any existing linemarkings installed"
"checkpoint-status",,"","checkpoint","Fencing demarcation installed"
"checkpoint-status",,"","checkpoint","Site signage installed"
"checkpoint-status",,"","checkpoint","Area Accessible"
"checkpoint-status",,"","checkpoint","Substrate complete and ready for SWP"
"checkpoint-group",,"","section","Surface Prep"
"checkpoint-status",,"","checkpoint","Removal of coatings"
"checkpoint-status",,"","checkpoint","Grind of substrate"
"checkpoint-status",,"","checkpoint","Shotblast of substrate to achieve suitable profile"
"checkpoint-group",,"","section","Pre-start of membrane install"
"checkpoint-status",,"","checkpoint","Substrate dry"
"checkpoint-group",,"","section","Membrane install"
"checkpoint-status",,"","checkpoint","Prime of substrate"
"checkpoint-status",,"","checkpoint","Stripe out cracks"
"checkpoint-status",,"","checkpoint","Map out areas based on coverage rates for install"
"checkpoint-status",,"","checkpoint","Membrane layer installed"
"checkpoint-status",,"","checkpoint","Wear layer installed and broadcast"
"checkpoint-status",,"","checkpoint","Excess broadcast swept and removed"
"checkpoint-status",,"","checkpoint","1st Top coat"
"checkpoint-status",,"","checkpoint","2nd top coat"
"checkpoint-status",,"","checkpoint","Linemarking installed"
"checkpoint-status",,"","checkpoint","Site cleared and broken down"
"checkpoint-status",,"","checkpoint","Site cleared and broken down"

"checklist-flat",,"","checklist","Daily Cassette Log -","",,,0,"Yes","Add Daily Cassette Log","c0ec0434-a8e7-4b71-9d25-fe793a6d189d"
"checkpoint-no-status",,"","checkpoint","Date:"
"text","e5ab19af-90b5-4328-9a8b-ee0707087643","","textbox","",,,
"checkpoint-no-status",,"","checkpoint","Cassette Number:"
"text","8e11a44b-51f7-4a8f-9494-ec9e467452ec","","textbox","",,,
"checkpoint-no-status",,"","checkpoint","Record any delays:"
"text","22cd20b8-86af-49a9-97d4-39d5b860ca1a","","textbox","",,,
"checkpoint-no-status",,"","checkpoint","Wind/Weather Conditions:"
"text","5114a122-dcf7-44a7-be38-8623182196af","","textbox","",,,
"checkpoint-no-status",,"","checkpoint","Comments/Issues/Observations:"
"text","a6aebd36-6433-4aca-b8f4-ef6216c059cf","","textbox","",,,

"checklist-sectioned",,"","checklist","Soffit","",,,0,"Yes","Soffit Checklist","c1b5a5b9-d9bb-4c23-91c4-81350a387f62"
"checkpoint-group",,"","section","Prestart"
"checkpoint-status",,"","checkpoint","Area accessible"
"checkpoint-status",,"","checkpoint","Substrate ready (check plans) with proper purlin spacing"
"checkpoint-status",,"","checkpoint","Design/Spec/Approvals complete"
"checkpoint-group",,"","section","Install"
"checkpoint-status",,"","checkpoint","Flashings installed according to plans"
"checkpoint-status",,"","checkpoint","All sealant work complete"
"checkpoint-status",,"","checkpoint","Install soffit lining according to plans/spec/best practice"
"checkpoint-status",,"","checkpoint","Screw pattern according to plans/spec/best practice"
"checkpoint-status",,"","checkpoint","Finish flashings complete"
"checkpoint-group",,"","section","Sign Off"
"checkpoint-status",,"","checkpoint","Cladding Install Complete"
"holdpoint",,"","signoff","Request Sign Off"

"checklist-flat",,"","checklist","SWP - Add Delay Checklist","",,,0,"Yes","SWP - Add Delay Checklist","c219bd49-5426-44db-80df-ab884cb99906"
"checkpoint-status",,"","checkpoint","Delay details."
"text","03f38c67-738f-5a5b-9dff-6eb0d975867e","","textbox","Date:",,,
"text","9110332c-085a-5545-97c5-d42d51c151ec","","textbox","Description:",,,
"text","f1ff45f7-1869-5f7d-9d1b-69b84db4e477","","textbox","Area/Grids:",,,
"text","992a110c-15ce-5db5-92d4-c48f7867d94f","","textbox","Wind/Weather Conditions:",,,

"checklist-sectioned",,"","checklist","Metal Deck Torch On Checklist -","",,,0,"Yes","Metal Deck Torch On Checklist","c2d6b01b-f03a-43ae-be9e-a4871c91428a"
"checkpoint-group",,"","section","Pre Start"
"checkpoint-status",,"","checkpoint","Area accessible"
"checkpoint-status",,"","checkpoint","Edge protection and safety installed"
"checkpoint-status",,"","checkpoint","Substrate complete and ready for SWP (metal/concrete/ply)"
"checkpoint-status",,"","checkpoint","Perimeter support installed installed if metal deck substrate"
"checkpoint-group",,"","section","Metal Deck"
"checkpoint-status",,"","checkpoint","Timber to have separation barrier"
"checkpoint-status",,"","checkpoint","Base deck screwed down in every pan"
"checkpoint-status",,"","checkpoint","Sheet edges stitched together at 300mm centres"
"checkpoint-status",,"","checkpoint","No sharp edges protruding"
"checkpoint-group",,"","section","Prime of Substrate"
"checkpoint-status",,"","checkpoint","Substrate swept, dry and free of debri"
"checkpoint-group",,"","section","Vapour Control Layer"
"checkpoint-status",,"","checkpoint","Is the substrate clean, dry and clear of swarf"
"checkpoint-status",,"","checkpoint","All areas covered and sheets lapped 50mm"
"checkpoint-status",,"","checkpoint","All holes/penetrations patched and water tight"
"checkpoint-group",,"","section","Insulation"
"checkpoint-status",,"","checkpoint","Surface is dry prior to install"
"checkpoint-status",,"","checkpoint","Vapour control layer has been checked for no damage"
"checkpoint-status",,"","checkpoint","Insulation board installed in a brick pattern"
"checkpoint-status",,"","checkpoint","Joints flush (no gaps between boards on ends)"
"checkpoint-status",,"","checkpoint","Fixings at correct spacing according to spec if no Securock in system."
"checkpoint-group",,"","section","Securock"
"checkpoint-status",,"","checkpoint","Is the surface dry"
"checkpoint-status",,"","checkpoint","Installed in brick pattern"
"checkpoint-status",,"","checkpoint","Correct length screw with recessed flat plates"
"checkpoint-status",,"","checkpoint","Prime of Securrock"
"checkpoint-status",,"","checkpoint","Installed as per wind uplift fixing plan for both edges and perimeters and main field of roof"
"checkpoint-group",,"","section","Base Sheet"
"checkpoint-status",,"","checkpoint","Install from low to high"
"checkpoint-status",,"","checkpoint","Bleed of bitumen on overlap should be up to 10mm"
"checkpoint-status",,"","checkpoint","Side laps a minimum of 80mm and end laps 150mm"
"checkpoint-status",,"","checkpoint","Check of all welds at the end of the day"
"checkpoint-group",,"","section","Cap Sheet"
"checkpoint-status",,"","checkpoint","Install from low to high"
"checkpoint-status",,"","checkpoint","Side laps a minimum of 80mm and end laps 150mm"
"checkpoint-status",,"","checkpoint","Exposed vertical upstands terminated no less than 150mm above the roof and approved termination bar or cap flashing"
"checkpoint-status",,"","checkpoint","Base flange of membrane shall extend onto the horizontal section of the roof a minimum of 200mm"
"checkpoint-status",,"","checkpoint","Clamp and weld into overflows and outlets"
"checkpoint-status",,"","checkpoint","Flood test of outlets"
"checkpoint-group",,"","section","Sign Offs"
"checkpoint-status",,"","checkpoint","Area complete and ready for MC sign off"
"holdpoint",,"","signoff","REQUEST SIGN OFF SIGNATURE"

"checklist-flat",,"","checklist","SWP - Add Files Folder","",,,0,"Yes","SWP - Add Files Folder","c8f0bc29-4dbc-41e0-8445-325a04abac33"

"checklist-sectioned",,"","checklist","MSR Checklist - Area:","",,,0,"Yes","Add MSR Checklist","cdc8327f-381e-4291-8cf4-90ba2d008557"
"checkpoint-group",,"","section","Pre Start"
"checkpoint-status",,"","checkpoint","Area Accessible"
"checkpoint-status",,"","checkpoint","Edge protection and safety installed"
"checkpoint-status",,"","checkpoint","Substrate complete and ready for SWP (purlins/ply) "
"checkpoint-status",,"","checkpoint","Perimeter support installed installed if metal deck substrate"
"checkpoint-group",,"","section","Metal Deck"
"checkpoint-status",,"","checkpoint","Timber to have separation barrier"
"checkpoint-status",,"","checkpoint","Base deck screwed down in every pan"
"checkpoint-status",,"","checkpoint","Sheet edges stiched together at 300mm centres"
"checkpoint-group",,"","section","Vapour Control Layer"
"checkpoint-status",,"","checkpoint","Is the substrate clean, dry and clear of swarf"
"checkpoint-status",,"","checkpoint","All areas covered and sheets lapped 50mm"
"checkpoint-status",,"","checkpoint","All holes/penetrations patched and water tight"
"checkpoint-group",,"","section","Insulation "
"checkpoint-status",,"","checkpoint","Surface is dry prior to install"
"checkpoint-status",,"","checkpoint","Vapour control layer has been checked for no damage"
"checkpoint-status",,"","checkpoint","Insulation board installed in a brick pattern"
"checkpoint-status",,"","checkpoint","Joints flush (no gaps between boards on ends)"
"checkpoint-status",,"","checkpoint","Fixings at correct spacing according to spec if no Securock in system. "
"checkpoint-group",,"","section","Securock"
"checkpoint-status",,"","checkpoint","Is the surface dry"
"checkpoint-status",,"","checkpoint","Installed in brick pattern"
"checkpoint-status",,"","checkpoint","correct length screw with recessed flat plates"
"checkpoint-status",,"","checkpoint","Installed as per wind uplift fixing plan for both edges and perimeters and main field of roof"
"checkpoint-group",,"","section","Topdeck Install"
"checkpoint-status",,"","checkpoint","Covertek Installed with 150mm overlap"
"checkpoint-status",,"","checkpoint","Drip edge installed"
"checkpoint-status",,"","checkpoint","Lay sheet with 75mm gutter overhang"
"checkpoint-status",,"","checkpoint","Top end of sheet turned up"
"checkpoint-status",,"","checkpoint","Fixing back into purlin"
"checkpoint-status",,"","checkpoint","Closure foam to gutter end"
"checkpoint-status",,"","checkpoint","Profile Washers over 12m"
"checkpoint-status",,"","checkpoint","Sheets straight & perpendicular to gutter"
"checkpoint-status",,"","checkpoint","Screw pattern as per fixing plan"
"checkpoint-group",,"","section","Roof flashings"
"checkpoint-status",,"","checkpoint","Installed correctly according to specification & drawings"
"checkpoint-status",,"","checkpoint","Fixings done according to specifications and details"
"checkpoint-group",,"","section","Signoffs"
"checkpoint-status",,"","checkpoint","Area Complete (Request MC Signoff)"
"holdpoint",,"Invalid dependant","signoff","Request Signoff"

"checklist-flat",,"","checklist","SWP - Add Final Inspection Checklist","",,,0,"Yes","SWP - Add Final Inspection Checklist","d01e4194-b27d-400a-97b4-0bd741c0fd91"
"checkpoint-status",,"","checkpoint","Final inspection"
"text","5e7b60d2-a980-5027-850c-4a5f050fdead","","textbox","Date",,,
"text","f782a480-ab6e-5815-b00b-67a3700e18ec","","textbox","Area/elevation/grids",,,
"text","0197b0e8-f99b-5cde-8ee1-7276e3db15b6","","textbox","Description",,,
"label","58250454-5cef-5f0e-a3fe-07674005a458","","note","Attach Photos",,,
"holdpoint",,"","signoff","Request Signature Signoff"

"checklist-flat",,"","checklist","SWP - Add Dayworks Checklist","",,,0,"Yes","SWP - Add Dayworks Checklist","d30f93ae-1cfc-4785-b1cc-e3c1f82873b2"
"checkpoint-status",,"","checkpoint","Day Work Details"
"text","0ee4a050-816c-5ccb-be4f-424d3f7ce386","","textbox","NTSC / SI #:",,,
"text","f988dfcf-72d9-53a2-b766-8607314a90a4","","textbox","Labours (HR)",,,
"text","cb5ceead-7194-5679-b6bd-db11cb6ba873","","textbox","Work Description:",,,
"text","ba48b236-3c26-5abf-8d43-0a1845716d64","","textbox","Materials:",,,
"text","f125d06f-f273-5338-bc12-43f705da224e","","textbox","SWP Representative. Prepared By:",,,
"text","bdfe16e2-08f7-57a6-a9c9-807ef5493c6f","","textbox","Client Representative. Confirmed By:",,,
"holdpoint",,"","signoff","Request Signature Signoff"

"checklist-sectioned",,"","checklist","SWP - QA - Fiberglass System Checklist","",,,0,"Yes","SWP - QA - Fiberglass System Checklist","d37923bd-7020-427a-9c9d-cc007f4f7872"
"checkpoint-group",,"","section","Prestart"
"checkpoint-status",,"","checkpoint","Area accessible"
"checkpoint-status",,"","checkpoint","Edge protection and safety installed"
"checkpoint-status",,"","checkpoint","Substrate complete and ready for SWP"
"checkpoint-group",,"","section","Surface Prep"
"checkpoint-status",,"","checkpoint","Concrete free of contaminants"
"checkpoint-status",,"","checkpoint","Concrete flat and smooth"
"checkpoint-status",,"","checkpoint","Bug holes in plinths filled and smooth"
"checkpoint-status",,"","checkpoint","All 90deg corners chamfered"
"checkpoint-group",,"","section","Membrane install"
"checkpoint-status",,"","checkpoint","Install sealant angle fillets to all wall floor junctions"
"checkpoint-status",,"","checkpoint","Prime surfaces with Epistixx"
"checkpoint-status",,"","checkpoint","1st body coat with 300gram fiberglass installed"
"checkpoint-status",,"","checkpoint","2nd body coat"
"checkpoint-status",,"","checkpoint","3rd body coat"
"checkpoint-status",,"","checkpoint","Traxx 2000 wear coat."
"checkpoint-group",,"","section","Review and Sign Off"
"checkpoint-status",,"","checkpoint","Area left clean and tidy"
"checkpoint-status",,"","checkpoint","All installation work complete, checked and reviewed as per specification"
"checkpoint-status",,"","checkpoint","Client / Main Contractor sign off"

"checklist-sectioned",,"","checklist","SWP - QA - Torch On Warmroof to Concrete Checklist","",,,0,"Yes","SWP - QA - Torch On Warmroof to Concrete Checklist","d8cf1db7-4eab-4644-964b-445bf4644c8e"
"checkpoint-group",,"","section","Pre Start"
"checkpoint-status",,"","checkpoint","Area accessible"
"checkpoint-status",,"","checkpoint","Edge protection and safety installed"
"checkpoint-status",,"","checkpoint","Substrate complete and ready for SWP"
"checkpoint-group",,"","section","Concrete"
"checkpoint-status",,"","checkpoint","Concrete clean and dry. Free from dirt/debris and ready for priming"
"checkpoint-status",,"","checkpoint","All lumps and sharp concrete bits ground down/hammered down"
"checkpoint-status",,"","checkpoint","Large holes filled with grout"
"checkpoint-group",,"","section","Vapour Control Layer"
"checkpoint-status",,"","checkpoint","Is the substrate clean, dry and clear of swarf"
"checkpoint-status",,"","checkpoint","All areas covered and sheets lapped 50mm"
"checkpoint-status",,"","checkpoint","All holes/penetrations patched and water tight"
"checkpoint-group",,"","section","Insulation"
"checkpoint-status",,"","checkpoint","Surface is dry prior to install"
"checkpoint-status",,"","checkpoint","Vapour control layer has been checked for no damage"
"checkpoint-status",,"","checkpoint","Insulation board installed"
"checkpoint-status",,"","checkpoint","Joints flush (no gaps between boards on ends)"
"checkpoint-group",,"","section","Securock"
"checkpoint-status",,"","checkpoint","Is the surface dry"
"checkpoint-status",,"","checkpoint","Installed in brick pattern"
"checkpoint-status",,"","checkpoint","Correct length screw with load washer"
"checkpoint-status",,"","checkpoint","Prime of Securrock"
"checkpoint-status",,"","checkpoint","Installed as per wind uplift fixing plan"
"checkpoint-group",,"","section","Base Sheet"
"checkpoint-status",,"","checkpoint","Install from low to high"
"checkpoint-status",,"","checkpoint","Side laps a minimum of 80mm and end laps 150mm"
"checkpoint-status",,"","checkpoint","Check of all welds at the end of the day"
"checkpoint-group",,"","section","Cap Sheet"
"checkpoint-status",,"","checkpoint","Install from low to high"
"checkpoint-status",,"","checkpoint","Side laps a minimum of 80mm and end laps 150mm"
"checkpoint-status",,"","checkpoint","Exposed vertical upstands terminated no less than 150mm above the roof and approved termination bar or cap flashing"
"checkpoint-status",,"","checkpoint","Base flange of membrane shall extend onto the horizontal section of the roof a minimum of 100mm"
"checkpoint-status",,"","checkpoint","Clamps / rings / baskets press into overflows and outlets"
"checkpoint-status",,"","checkpoint","Flood test / ELD tested"
"checkpoint-group",,"","section","Review and Sign Off"
"checkpoint-status",,"","checkpoint","Area left clean and tidy"
"checkpoint-status",,"","checkpoint","All installation work complete, checked and reviewed as per specification"
"checkpoint-status",,"","checkpoint","Client / Main Contractor sign off"

"checklist-sectioned",,"","checklist","SWP - QA - Fibertite Overlay Install Checklist","",,,0,"Yes","SWP - QA - Fibertite Overlay Install Checklist","dbd07ab4-ec74-42f2-bf9b-96f136102ab9"
"checkpoint-group",,"","section","Prestart"
"checkpoint-status",,"","checkpoint","Area accessible"
"checkpoint-status",,"","checkpoint","Edge protection and safety installed"
"checkpoint-status",,"","checkpoint","Substrate complete and ready for SWP"
"checkpoint-group",,"","section","Substrate"
"checkpoint-status",,"","checkpoint","Mechanically Fix existing roof pans to Purlins after checking underneath from inside that we're not going to puncture pipes or wires"
"checkpoint-status",,"","checkpoint","Cut back existing roof edge at gutter"
"checkpoint-status",,"","checkpoint","Remove ridge as we go"
"checkpoint-group",,"","section","VCL-Vapour Control Layer"
"checkpoint-status",,"","checkpoint","Surface/Substrate is dry, clean and free from sharp edges"
"checkpoint-status",,"","checkpoint","All areas covered and lapped a minimum of 50mm"
"checkpoint-status",,"","checkpoint","All holes/penetrations patched and made watertight"
"checkpoint-group",,"","section","Roof Pan Infills"
"checkpoint-status",,"","checkpoint","Surface is dry before installing Poly"
"checkpoint-status",,"","checkpoint","Infills to be a minimum 5mm above ridges on roof"
"checkpoint-status",,"","checkpoint","Every pan has been infilled"
"checkpoint-group",,"","section","Roofboard"
"checkpoint-status",,"","checkpoint","Substrate/surface dry & clean prior to being installed"
"checkpoint-status",,"","checkpoint","Installed in brick pattern"
"checkpoint-status",,"","checkpoint","Correct screws with load washer"
"checkpoint-status",,"","checkpoint","Installed as per wind uplift fixing plan"
"checkpoint-status",,"","checkpoint","Install 70mm X 100mm zincalume flashing at gutter edge for strength"
"checkpoint-group",,"","section","Fibertite"
"checkpoint-status",,"","checkpoint","Correct Glue being used for substrate"
"checkpoint-status",,"","checkpoint","Fibertite fully glued to substrate"
"checkpoint-status",,"","checkpoint","Broom/rolling of fibertite"
"checkpoint-status",,"","checkpoint","Wipe/clean laps with acetone prior to welding"
"checkpoint-status",,"","checkpoint","All laps, details, penetrations fully welded/closed and QA'd with hook"
"checkpoint-status",,"","checkpoint","Clamps / rings / baskets installed"
"checkpoint-status",,"","checkpoint","Flooded / ILD checked"
"checkpoint-group",,"","section","Fiberclad Flashings"
"checkpoint-status",,"","checkpoint","Installed correctly"
"checkpoint-status",,"","checkpoint","Fixed down according to specification"
"checkpoint-status",,"","checkpoint","Cleaned down with acetone prior to welding"
"checkpoint-status",,"","checkpoint","Fibertite fully welded to flashing and QA'd with hook"
"checkpoint-group",,"","section","Review and Sign Off"
"checkpoint-status",,"","checkpoint","Area left clean and tidy"
"checkpoint-status",,"","checkpoint","All installation work complete, checked and reviewed as per specification"
"checkpoint-status",,"","checkpoint","Client / Main Contractor sign off"

"checklist-sectioned",,"","checklist","Metal Roof Installation Checklist","",,,0,"Yes","Add Metal Roof Installation Checklist","de77ab1f-1f68-4227-96f0-bcc54575ec7a"
"checkpoint-group",,"","section","Prestart"
"checkpoint-status",,"","checkpoint","Area accessible."
"checkpoint-status",,"","checkpoint","Edge protection/ Safe access installed. (Safe to be on roof)"
"checkpoint-status",,"","checkpoint","Substrate (i.e. timberwork/Purlins) complete and ready for system."
"checkpoint-status",,"","checkpoint","Drip edge, screws ordered for entire roof."
"checkpoint-group",,"","section","Safety Mesh Installation"
"checkpoint-status",,"","checkpoint","Laid perpindicular to the purlins."
"checkpoint-status",,"","checkpoint","Fully secured to Purlins/Timber."
"checkpoint-status",,"","checkpoint","No protruding bits or loose ends."
"checkpoint-group",,"","section","Covertek Roofing Paper Installation"
"checkpoint-status",,"","checkpoint","Laid either perpindicular or parallel with purlins."
"checkpoint-status",,"","checkpoint","Overlapped a minimum 150mm"
"checkpoint-status",,"","checkpoint","All areas completely covered."
"checkpoint-status",,"","checkpoint","Laid tight to timeber/purlins."
"checkpoint-status",,"","checkpoint","Secured so it will not blow away if roof not being installed immediately."
"checkpoint-group",,"","section","Metal Roof Installation"
"checkpoint-status",,"","checkpoint","Drip edge installed"
"checkpoint-status",,"","checkpoint","Laid straight & perpindicular to gutter/purlins"
"checkpoint-status",,"","checkpoint","Correct gutter overhang 65/75mm"
"checkpoint-status",,"","checkpoint","Top ends of sheets turned up."
"checkpoint-status",,"","checkpoint","Fixings back into purlins and laid in a straight line as per Code of Practice."
"checkpoint-status",,"","checkpoint","Closure foam to gutter ends."
"checkpoint-group",,"","section","Roof Flashings"
"checkpoint-status",,"","checkpoint","Installed correctly according to drawings and to the Code of Practice."
"checkpoint-status",,"","checkpoint","All fixings in place and done according to code of practice."
"checkpoint-status",,"","checkpoint","All laps and junctions sealed properly."
"checkpoint-group",,"","section","Sign Offs"
"checkpoint-status",,"","checkpoint","Area complete and ready for MC sign off"
"holdpoint",,"","signoff","REQUEST SIGN OFF SIGNATURE"

"checklist-sectioned",,"","checklist","SWP - QA - Fibertite Warm Roof Over Plywood Checklist","",,,0,"Yes","SWP - QA - Fibertite Warm Roof Over Plywood Checklist","deefe2f2-4bf5-48b8-89ec-7f99a263d071"
"checkpoint-group",,"","section","Prestart"
"checkpoint-status",,"","checkpoint","Area accessible"
"checkpoint-status",,"","checkpoint","Edge protection and safety installed"
"checkpoint-status",,"","checkpoint","Substrate complete and ready for SWP"
"checkpoint-group",,"","section","Plywood Substrate"
"checkpoint-status",,"","checkpoint","Substrate clean and dry. Free from dirt/debris contamination and ready for membrane"
"checkpoint-status",,"","checkpoint","No Screws/nails/fixings poping up"
"checkpoint-status",,"","checkpoint","Plywood joints flush and even"
"checkpoint-group",,"","section","Vapor Control Layer"
"checkpoint-status",,"","checkpoint","Substrate clean, dry, and free of debris"
"checkpoint-status",,"","checkpoint","All areas covered and sheets lapped 50mm"
"checkpoint-status",,"","checkpoint","All holes/penetrations patched and water tight"
"checkpoint-group",,"","section","Insulation"
"checkpoint-status",,"","checkpoint","Surface is dry prior to install"
"checkpoint-status",,"","checkpoint","Vapor control layer has been checked and no damage"
"checkpoint-status",,"","checkpoint","Insulation boards installed"
"checkpoint-status",,"","checkpoint","Joints flush (no gaps between boards)"
"checkpoint-status",,"","checkpoint","Correct length of fixing with load washer if no Securock"
"checkpoint-group",,"","section","Securock"
"checkpoint-status",,"","checkpoint","Surface is dry prior to install"
"checkpoint-status",,"","checkpoint","Installed in brick pattern"
"checkpoint-status",,"","checkpoint","Correct length of fixing with load washer"
"checkpoint-group",,"","section","Fibertite"
"checkpoint-status",,"","checkpoint","Adhesive installed to substrate"
"checkpoint-status",,"","checkpoint","Laying of membrane into adhesive"
"checkpoint-status",,"","checkpoint","Broom/rolling of membrane"
"checkpoint-status",,"","checkpoint","Wipe and clean laps prior to welding"
"checkpoint-status",,"","checkpoint","Test weld with the welding machines"
"checkpoint-status",,"","checkpoint","Probe of seam with QA hook"
"checkpoint-status",,"","checkpoint","Membrane dressed into drains/outlets"
"checkpoint-status",,"","checkpoint","Claps/rings/baskets installed"
"checkpoint-status",,"","checkpoint","Flood/ILD tested"
"checkpoint-group",,"","section","Review and Sign Off"
"checkpoint-status",,"","checkpoint","Area left clean and tidy"
"checkpoint-status",,"","checkpoint","All installation work complete, checked and reviewed as per specification"
"checkpoint-status",,"","checkpoint","Client / Main Contractor sign off"

"checklist-sectioned",,"","checklist","SWP - QA - Fibertite to Concrete Checklist","",,,0,"Yes","SWP - QA - Fibertite to Concrete Checklist","e59ba076-13cd-48b8-94ea-2a14fb7c1728"
"checkpoint-group",,"","section","Prestart"
"checkpoint-status",,"","checkpoint","Area accessible"
"checkpoint-status",,"","checkpoint","Edge protection and safety installed"
"checkpoint-status",,"","checkpoint","Substrate complete and ready for SWP"
"checkpoint-group",,"","section","Concrete Substrate"
"checkpoint-status",,"","checkpoint","Substrate clean and dry. Free from dirt/debris contamination and ready for membrane"
"checkpoint-status",,"","checkpoint","All lumps and sharp concrete bits ground/hammered down"
"checkpoint-status",,"","checkpoint","Large holes filled with grout"
"checkpoint-group",,"","section","Fibertite"
"checkpoint-status",,"","checkpoint","Adhesive installed to substrate"
"checkpoint-status",,"","checkpoint","Laying of membrane into adhesive"
"checkpoint-status",,"","checkpoint","Broom/rolling of membrane"
"checkpoint-status",,"","checkpoint","Wipe and clean laps prior to welding"
"checkpoint-status",,"","checkpoint","Test weld with the welding machines"
"checkpoint-status",,"","checkpoint","Probe of seam with QA hook"
"checkpoint-status",,"","checkpoint","Membrane dressed into drains/outlets"
"checkpoint-status",,"","checkpoint","Claps/rings/baskets installed"
"checkpoint-status",,"","checkpoint","Flood/ILD tested"
"checkpoint-group",,"","section","Fiberclad Flashings"
"checkpoint-status",,"","checkpoint","Installed correctly according to specifications (right way around)"
"checkpoint-status",,"","checkpoint","Fixing and welding done according to specifications and details"
"checkpoint-status",,"","checkpoint","Probe of weld with QA hook"
"checkpoint-group",,"","section","Review and Sign Off"
"checkpoint-status",,"","checkpoint","Area left clean and tidy"
"checkpoint-status",,"","checkpoint","All installation work complete, checked and reviewed as per specification"
"checkpoint-status",,"","checkpoint","Client / Main Contractor sign off"

"checklist-sectioned",,"","checklist","SWP - QA - Torch On to Concrete Checklist","",,,0,"Yes","SWP - QA - Torch On to Concrete Checklist","e81a2df6-9802-4924-912a-3c84c38bdf27"
"checkpoint-group",,"","section","Prestart"
"checkpoint-status",,"","checkpoint","Area accessible"
"checkpoint-status",,"","checkpoint","Edge protection and safety installed"
"checkpoint-status",,"","checkpoint","Substrate complete and ready for SWP"
"checkpoint-group",,"","section","Concrete Substrate"
"checkpoint-status",,"","checkpoint","Substrate clean and dry. Free from dirt/debris contamination and ready for membrane"
"checkpoint-status",,"","checkpoint","All lumps and sharp concrete bits ground/hammered down"
"checkpoint-status",,"","checkpoint","Large holes filled with grout"
"checkpoint-group",,"","section","Prime of Substrate"
"checkpoint-status",,"","checkpoint","Substrate clean and free from debris"
"checkpoint-status",,"","checkpoint","Primer installed"
"checkpoint-group",,"","section","Base Sheet"
"checkpoint-status",,"","checkpoint","Install from low to high"
"checkpoint-status",,"","checkpoint","Side laps a minimum of 80mm and end laps 150mm"
"checkpoint-status",,"","checkpoint","Check all welds at the end of the day"
"checkpoint-group",,"","section","Cap Sheet"
"checkpoint-status",,"","checkpoint","Install low to high"
"checkpoint-status",,"","checkpoint","Side laps a minimum of 80mm and end laps 150mm"
"checkpoint-status",,"","checkpoint","Exposed vertical upstands terminated no less than 150mm above the roof and approved termination bar or cap flashing"
"checkpoint-status",,"","checkpoint","Base flange of membrane shall extend onto the horizontal section of the roof a minimum of 100mm"
"checkpoint-status",,"","checkpoint","Membrane dressed into drains/outlets"
"checkpoint-status",,"","checkpoint","Install clamps/rings/baskets"
"checkpoint-status",,"","checkpoint","Flood/ILD test"
"checkpoint-group",,"","section","Review and Sign Off"
"checkpoint-status",,"","checkpoint","Area left clean and tidy"
"checkpoint-status",,"","checkpoint","All installation work complete, checked and reviewed as per specification"
"checkpoint-status",,"","checkpoint","Client / Main Contractor sign off"

"checklist-sectioned",,"","checklist","SWP - QA - Metal Cladding Install Checklist","",,,0,"Yes","SWP - QA - Metal Cladding Install Checklist","e958b085-3726-47b6-ace4-33bbc029a069"
"checkpoint-group",,"","section","Prestart"
"checkpoint-status",,"","checkpoint","Area accessible"
"checkpoint-status",,"","checkpoint","Edge protection and safety installed"
"checkpoint-status",,"","checkpoint","Substrate complete and ready for SWP"
"checkpoint-group",,"","section","Install"
"checkpoint-status",,"","checkpoint","Bottom flashing installed straight/level all the way around"
"checkpoint-status",,"","checkpoint","Building wrap installed"
"checkpoint-status",,"","checkpoint","Flashing tape installed (check plans)"
"checkpoint-status",,"","checkpoint","Soaker flashings installed"
"checkpoint-status",,"","checkpoint","Cladding installed plumb and straight"
"checkpoint-status",,"","checkpoint","Screw pattern according to plan/spec/best practice"
"checkpoint-status",,"","checkpoint","Flashings installed as per specification"
"checkpoint-status",,"","checkpoint","Closure foams installed"
"checkpoint-status",,"","checkpoint","Fixings installed correctly"
"checkpoint-group",,"","section","Review and Sign Off"
"checkpoint-status",,"","checkpoint","Area left clean and tidy"
"checkpoint-status",,"","checkpoint","All installation work complete, checked and reviewed as per specification"
"checkpoint-status",,"","checkpoint","Client / Main Contractor sign off"

"checklist-flat",,"","checklist","Flood Test Area:","",,,0,"Yes","Add Flood Testing Checklist","ea7dbb45-1401-41c6-95cc-ce67e30729b4"
"checkpoint-status",,"","checkpoint","Is area fully finished, QA’d and ready to be tested"
"checkpoint-no-status",,"","checkpoint","Flood test details"
"text","dc968f8f-9cf1-485a-a65f-e4087427ee32","","textbox","Date:",,,
"text","b0fb2bc4-3c3c-47bb-93fe-add4a651804d","","textbox","Area tested:",,,
"text","befd486d-6456-4e39-ba95-1395566ebfda","","textbox","Duration:",,,
"button","3fff6840-5866-4f4c-96c8-494f7e9efd79","","button","Have you checked regularly for leaks","Yes, No, N/A",,
"button","050fef10-15f2-4590-ba62-2a0b1b1b0a29","","button","Is there rain in the forecast","Yes, No, N/A",,
"button","0816c7fc-09ce-4e48-9a88-625c7f8c9a23","","button","Have you eft some outlets/scuppers so that the building doesn't flood","Yes, No, N/A",,
"button","b9de0cd4-9c7a-42cb-89ee-535d7ebdcd00","","button","Have all leaks been repaired","Yes, No, N/A",,
"checkpoint-status",,"","checkpoint","Flood test complete"
"button","5d04628a-e7a1-4bd7-b9ee-92a88ef12e94","","button","Have the plugs been removed from the drains","Yes, No, N/A",,
"button","b74c91b9-0371-4641-ad5b-1c9d76ee0c77","","button","Debris and materials removed from the gutter/membrane/roof","Yes, No, N/A",,
"holdpoint",,"","signoff","Sign Off"

"checklist-flat",,"","checklist","Final inspection","",,,0,"Yes","Add Final Inspection Checklist","f5ececc5-b1ba-4f2e-8d1b-639b4060e469"
"checkpoint-status",,"","checkpoint","Final inspection"
"text","5c48b2f9-7155-5010-a625-9c61273b1f4a","","textbox","Date",,,
"text","cd590b2d-dfd9-5926-aa7f-cbbffee96ba3","","textbox","Area/elevation/grids",,,
"text","f185db39-ef5a-566f-a627-b84ed061402b","","textbox","Description",,,
"label","bc73c8d4-7e08-5fa4-a4f2-97028cc937d1","","note","Attach Photos",,,
"holdpoint",,"","signoff","Request Signature Signoff"

"checklist-sectioned",,"","checklist","SWP - QA - Torch on Warmroof Over Plywood Checklist","",,,0,"Yes","SWP - QA - Torch on Warmroof Over Plywood Checklist","f68d5789-b321-42c9-b580-51f68ec86860"
"checkpoint-group",,"","section","Pre Start"
"checkpoint-status",,"","checkpoint","Area accessible"
"checkpoint-status",,"","checkpoint","Edge protection and safety installed"
"checkpoint-status",,"","checkpoint","Substrate complete and ready for SWP"
"checkpoint-group",,"","section","Plywood"
"checkpoint-status",,"","checkpoint","Plywood clean and dry. Free from dirt/debris and and ready for priming"
"checkpoint-status",,"","checkpoint","No screws/nails/fixings popping up"
"checkpoint-status",,"","checkpoint","Plywood joints flush and even"
"checkpoint-group",,"","section","Vapour Control Layer"
"checkpoint-status",,"","checkpoint","Is the substrate clean, dry and clear of swarf"
"checkpoint-status",,"","checkpoint","All areas covered and sheets lapped 50mm"
"checkpoint-status",,"","checkpoint","All holes/penetrations patched and water tight"
"checkpoint-group",,"","section","Insulation"
"checkpoint-status",,"","checkpoint","Surface is dry prior to install"
"checkpoint-status",,"","checkpoint","Vapour control layer has been checked for no damage"
"checkpoint-status",,"","checkpoint","Insulation board installed"
"checkpoint-status",,"","checkpoint","Joints flush (no gaps between boards on ends)"
"checkpoint-group",,"","section","Securock"
"checkpoint-status",,"","checkpoint","Is the surface dry"
"checkpoint-status",,"","checkpoint","Installed in brick pattern"
"checkpoint-status",,"","checkpoint","Correct length screw with recessed flat plates"
"checkpoint-status",,"","checkpoint","Prime of Securrock"
"checkpoint-status",,"","checkpoint","Installed as per wind uplift fixing plan"
"checkpoint-group",,"","section","Base Sheet"
"checkpoint-status",,"","checkpoint","Install from low to high"
"checkpoint-status",,"","checkpoint","Side laps a minimum of 80mm and end laps 150mm"
"checkpoint-status",,"","checkpoint","Check of all welds at the end of the day"
"checkpoint-group",,"","section","Cap Sheet"
"checkpoint-status",,"","checkpoint","Install from low to high"
"checkpoint-status",,"","checkpoint","Side laps a minimum of 80mm and end laps 150mm"
"checkpoint-status",,"","checkpoint","Exposed vertical upstands terminated no less than 150mm above the roof and approved termination bar or cap flashing"
"checkpoint-status",,"","checkpoint","Base flange of membrane shall extend onto the horizontal section of the roof a minimum of 100mm"
"checkpoint-status",,"","checkpoint","Clamps / rings / baskets installed and press into overflows and outlets"
"checkpoint-status",,"","checkpoint","Flood test / ILD checked"
"checkpoint-group",,"","section","Review and Sign Off"
"checkpoint-status",,"","checkpoint","Area left clean and tidy"
"checkpoint-status",,"","checkpoint","All installation work complete, checked and reviewed as per specification"
"checkpoint-status",,"","checkpoint","Client / Main Contractor sign off"

