"Step Id","Warnings","Rich Type","State","resource","type","addStep","addPost","Tier 1","Tier 2","Tier 3","Tier 4"
"f0cd1ce9-0208-4e58-af89-a4327683c4e4","","folder-normal","work-in-progress","","step","TRUE","FALSE","HDC Site QA"
"f4bd440a-66cb-41df-b03d-f756631ac4d8","","folder-normal","work-in-progress","","step","TRUE","FALSE","HDC Site QA","Conduit installation"
"82a10e7e-57c0-4028-b923-0344bb1a83a6","","checklist-flat","work-in-progress","2770c2c9da5c1556eb0b095fefcaf027f94550cec6a12b8d0894d021846de6de","checklist-flat","FALSE","FALSE","HDC Site QA","Conduit installation","Telecomunications meet up area (south) to CP-02.02"
"7657ce3f-a093-43b5-9105-5497f774b5dc","","checklist-flat","not-started","_RPL - AE-ITCX-007 - Conduit Checklist (Rev 0 +Names)","checklist-flat","FALSE","FALSE","HDC Site QA","Conduit installation","CP-02.02 to CP-02.03"
"5bd25ec2-6d9b-4560-8ac0-1b2c55d53460","","checklist-flat","not-started","_RPL - AE-ITCX-007 - Conduit Checklist (Rev 0 +Names)","checklist-flat","FALSE","FALSE","HDC Site QA","Conduit installation","CP-02.03 to CP-04.02"
"d7df400a-6875-412a-8058-cfe39edfcd8b","","checklist-flat","not-started","_RPL - AE-ITCX-007 - Conduit Checklist (Rev 0 +Names)","checklist-flat","FALSE","FALSE","HDC Site QA","Conduit installation","Telecomunications meet up area (south) to CP-03.06"
"5cc9e48a-0532-455b-8823-7970becc986c","","checklist-flat","not-started","_RPL - AE-ITCX-007 - Conduit Checklist (Rev 0 +Names)","checklist-flat","FALSE","FALSE","HDC Site QA","Conduit installation","CP-03.06 to CP-02.01"
"062d32a6-298f-458f-90ed-2843bd0c5551","","checklist-flat","not-started","_RPL - AE-ITCX-007 - Conduit Checklist (Rev 0 +Names)","checklist-flat","FALSE","FALSE","HDC Site QA","Conduit installation","CP-02.01 to CP-03.07"
"861b8f12-974f-40e1-a6f9-fb745b412549","","checklist-flat","not-started","_RPL - AE-ITCX-007 - Conduit Checklist (Rev 0 +Names)","checklist-flat","FALSE","FALSE","HDC Site QA","Conduit installation","CP-03.07 to CP-03.01"
"9c7b607b-7729-48ce-bb23-399dd6e1a5df","","checklist-flat","not-started","_RPL - AE-ITCX-007 - Conduit Checklist (Rev 0 +Names)","checklist-flat","FALSE","FALSE","HDC Site QA","Conduit installation","CP-03.01 to CP-04.01"
"d905843b-a968-4676-ab02-9956c4a7885b","","checklist-flat","not-started","_RPL - AE-ITCX-007 - Conduit Checklist (Rev 0 +Names)","checklist-flat","FALSE","FALSE","HDC Site QA","Conduit installation","Substation to B2 supplies 1 & 3"
"81192bed-ca57-4029-8b81-022932475c74","","checklist-flat","not-started","_RPL - AE-ITCX-007 - Conduit Checklist (Rev 0 +Names)","checklist-flat","FALSE","FALSE","HDC Site QA","Conduit installation","Substation to B2 supplies 2 & 4"
"fdb9e7d1-6692-4541-a2c8-8c6645d3eeed","","checklist-flat","not-started","_RPL - AE-ITCX-007 - Conduit Checklist (Rev 0 +Names)","checklist-flat","FALSE","FALSE","HDC Site QA","Conduit installation","Substation to B3 supplies 1 & 3"
"ca5ffba7-e008-4e6c-86f2-d717ecdcf830","","checklist-flat","not-started","_RPL - AE-ITCX-007 - Conduit Checklist (Rev 0 +Names)","checklist-flat","FALSE","FALSE","HDC Site QA","Conduit installation","Substation to B3 supplies 2 & 4"
"f30dfe18-70fa-4ccc-ab8f-b6e61d025260","","checklist-flat","not-started","_RPL - AE-ITCX-007 - Conduit Checklist (Rev 0 +Names)","checklist-flat","FALSE","FALSE","HDC Site QA","Conduit installation","Substation to PP-02.01"
"566eba65-84c8-42f6-aa9d-e0cd154c78ad","","checklist-flat","not-started","_RPL - AE-ITCX-007 - Conduit Checklist (Rev 0 +Names)","checklist-flat","FALSE","FALSE","HDC Site QA","Conduit installation","Substation to PP-03.01"
"b1daa342-6d37-46d5-9a65-e23fe4fee1ac","","checklist-flat","not-started","_RPL - AE-ITCX-007 - Conduit Checklist (Rev 0 +Names)","checklist-flat","FALSE","FALSE","HDC Site QA","Conduit installation","PP-02.01 to PP-03.02"
"87ff1807-cc97-44e7-80da-d40bfd22f013","","checklist-flat","work-in-progress","2770c2c9da5c1556eb0b095fefcaf027f94550cec6a12b8d0894d021846de6de","checklist-flat","FALSE","FALSE","HDC Site QA","Conduit installation","Substation to CP-01.03"
"f5fd1880-bdc3-46ce-aeb4-498bf7f37aff","","checklist-flat","not-started","_RPL - AE-ITCX-007 - Conduit Checklist (Rev 0 +Names)","checklist-flat","FALSE","FALSE","HDC Site QA","Conduit installation","CP-01.03 to CP-01.02"
"ce5d2463-4d8d-4d0c-bddc-b22209956a08","","checklist-flat","not-started","_RPL - AE-ITCX-007 - Conduit Checklist (Rev 0 +Names)","checklist-flat","FALSE","FALSE","HDC Site QA","Conduit installation","CP-04.01 to CP-04.02"
"2735dea2-a40b-4af7-8c03-8be7d4a6cabd","","checklist-flat","work-in-progress","2770c2c9da5c1556eb0b095fefcaf027f94550cec6a12b8d0894d021846de6de","checklist-flat","FALSE","FALSE","HDC Site QA","Conduit installation","PP-03.01 to PP-01.01 -"
"e8e14239-235d-4ef8-8da8-71a00d81f917","","checklist-flat","not-started","_RPL - AE-ITCX-007 - Conduit Checklist (Rev 0 +Names)","checklist-flat","FALSE","FALSE","HDC Site QA","Conduit installation","CP-04.01 to Buildin 1 Office"
"6b2bbb26-63e9-4e5f-857d-b379a3030723","","checklist-flat","not-started","_RPL - AE-ITCX-007 - Conduit Checklist (Rev 0 +Names)","checklist-flat","FALSE","FALSE","HDC Site QA","Conduit installation","CP-04.01 to Building 2 office"
"89d81a59-1f06-48f3-8d9a-2a6ee8f410e9","","checklist-flat","not-started","_RPL - AE-ITCX-007 - Conduit Checklist (Rev 0 +Names)","checklist-flat","FALSE","FALSE","HDC Site QA","Conduit installation","CP-04.01 to CP-04.02"
"e9236c55-0f49-49a1-8bba-f6564f5a7fab","","checklist-flat","not-started","_RPL - AE-ITCX-007 - Conduit Checklist (Rev 0 +Names)","checklist-flat","FALSE","FALSE","HDC Site QA","Conduit installation","CP-04.01 to Buildin 1 Comms riser"
"b9750ccd-b56c-421e-adf8-8eba2727ed09","","checklist-flat","not-started","_RPL - AE-ITCX-007 - Conduit Checklist (Rev 0 +Names)","checklist-flat","FALSE","FALSE","HDC Site QA","Conduit installation","CP-04.02 to Buildin 1 Office"
"025e4077-0958-419e-9acc-03fb48217f52","","checklist-flat","not-started","_RPL - AE-ITCX-007 - Conduit Checklist (Rev 0 +Names)","checklist-flat","FALSE","FALSE","HDC Site QA","Conduit installation","CP-04.02 to Building 2 office"
"e44d8d6d-bd03-4312-b52e-ee08d4d871ef","","checklist-flat","not-started","_RPL - AE-ITCX-007 - Conduit Checklist (Rev 0 +Names)","checklist-flat","FALSE","FALSE","HDC Site QA","Conduit installation","CP-04.02 to CP-03.03"
"22f41acd-6401-469b-a990-1131989df91c","","checklist-flat","not-started","_RPL - AE-ITCX-007 - Conduit Checklist (Rev 0 +Names)","checklist-flat","FALSE","FALSE","HDC Site QA","Conduit installation","CP-03.03 - CP-03.05"
"001fa284-f94b-4098-9fbb-a8b2c2abfad8","","checklist-flat","not-started","_RPL - AE-ITCX-007 - Conduit Checklist (Rev 0 +Names)","checklist-flat","FALSE","FALSE","HDC Site QA","Conduit installation","CP-03.05 - Telecomunications meet up area (North)"
"8af0308b-e1ed-4609-801c-9c56bdb8441c","","checklist-flat","not-started","_RPL - AE-ITCX-007 - Conduit Checklist (Rev 0 +Names)","checklist-flat","FALSE","FALSE","HDC Site QA","Conduit installation","LP-02.01 - LP-02.02"
"c44e858f-a000-4175-abbe-e833127a4d2c","","checklist-flat","not-started","_RPL - AE-ITCX-007 - Conduit Checklist (Rev 0 +Names)","checklist-flat","FALSE","FALSE","HDC Site QA","Conduit installation","LP-02.02 - LP-02.03"
"d0347e98-c11b-4b2b-ba39-57a7471bce44","","checklist-flat","not-started","_RPL - AE-ITCX-007 - Conduit Checklist (Rev 0 +Names)","checklist-flat","FALSE","FALSE","HDC Site QA","Conduit installation","LP-02.03 - LP-02.04"
"38422e76-143f-445e-9f4a-29dda77dc07a","","checklist-flat","not-started","_RPL - AE-ITCX-007 - Conduit Checklist (Rev 0 +Names)","checklist-flat","FALSE","FALSE","HDC Site QA","Conduit installation","LP-02.04 - LP-02.05"
"fb5881f3-4c35-40d8-9378-06919b8cda6c","","checklist-flat","not-started","_RPL - AE-ITCX-007 - Conduit Checklist (Rev 0 +Names)","checklist-flat","FALSE","FALSE","HDC Site QA","Conduit installation","LP-02.05 - LP-02.06"
"2bd3f774-3f18-44dc-bea6-38bc735fed05","","checklist-flat","not-started","_RPL - AE-ITCX-007 - Conduit Checklist (Rev 0 +Names)","checklist-flat","FALSE","FALSE","HDC Site QA","Conduit installation","LP-02.05 - LP-02.07"
"3c89cd46-21be-4b74-96ca-3857b48dbc7f","","checklist-flat","not-started","_RPL - AE-ITCX-007 - Conduit Checklist (Rev 0 +Names)","checklist-flat","FALSE","FALSE","HDC Site QA","Conduit installation","LP-02.07 - LP-02.08"
"136c1c95-2eec-4b0e-80b4-2494f6d1070f","","checklist-flat","not-started","_RPL - AE-ITCX-007 - Conduit Checklist (Rev 0 +Names)","checklist-flat","FALSE","FALSE","HDC Site QA","Conduit installation","LP-02.08 - Pumphouse"
"911e944a-540b-4a66-beef-f08ac61b1c66","","checklist-flat","not-started","_RPL - AE-ITCX-007 - Conduit Checklist (Rev 0 +Names)","checklist-flat","FALSE","FALSE","HDC Site QA","Conduit installation","Pumphouse - LP-02.09"
"a87afa18-a9a9-49e4-87b4-576cbc692406","","checklist-flat","not-started","_RPL - AE-ITCX-007 - Conduit Checklist (Rev 0 +Names)","checklist-flat","FALSE","FALSE","HDC Site QA","Conduit installation","LP-02.09 - LP-02.10"
"c69b8a88-b0b6-4c64-b383-d45d938765bc","","checklist-flat","not-started","_RPL - AE-ITCX-007 - Conduit Checklist (Rev 0 +Names)","checklist-flat","FALSE","FALSE","HDC Site QA","Conduit installation","LP-02.10 - LP-02.11"
"c1a2bf5d-f595-4e12-9da8-9599fe00da8e","","checklist-flat","not-started","_RPL - AE-ITCX-007 - Conduit Checklist (Rev 0 +Names)","checklist-flat","FALSE","FALSE","HDC Site QA","Conduit installation","LP-02.10 - LP-02.12"
"8d45cf32-2e68-4ea8-b435-eea296038773","","checklist-flat","not-started","_RPL - AE-ITCX-007 - Conduit Checklist (Rev 0 +Names)","checklist-flat","FALSE","FALSE","HDC Site QA","Conduit installation","LP-02.08 - LP-02.13"
"d0cac10c-b06f-4493-babd-bc8ba5c3efcf","","checklist-flat","not-started","_RPL - AE-ITCX-007 - Conduit Checklist (Rev 0 +Names)","checklist-flat","FALSE","FALSE","HDC Site QA","Conduit installation","LP-02.13 - Building 1"
"59d0aea7-a692-4e2e-b93a-485ec7288827","","checklist-flat","not-started","_RPL - AE-ITCX-007 - Conduit Checklist (Rev 0 +Names)","checklist-flat","FALSE","FALSE","HDC Site QA","Conduit installation","Boundary - CP-03.05"
"071f0dc4-cf20-4cb4-a5c9-9f8f8127a5a7","","checklist-flat","not-started","_RPL - AE-ITCX-007 - Conduit Checklist (Rev 0 +Names)","checklist-flat","FALSE","FALSE","HDC Site QA","Conduit installation","CP-03.05 -"
"feea9280-9ac2-46cc-b0fb-11541412df7f","","checklist-flat","not-started","_RPL - AE-ITCX-007 - Conduit Checklist (Rev 0 +Names)","checklist-flat","FALSE","FALSE","HDC Site QA","Conduit installation","Building 1 - PP-05.02"
"182cc798-c49d-4ee0-b555-f93cc44abd5a","","checklist-flat","not-started","_RPL - AE-ITCX-007 - Conduit Checklist (Rev 0 +Names)","checklist-flat","FALSE","FALSE","HDC Site QA","Conduit installation","Building 1 - PP-05.03"
"0aa61d77-06e7-4fa0-a5df-e6cb075e2748","","checklist-flat","not-started","_RPL - AE-ITCX-007 - Conduit Checklist (Rev 0 +Names)","checklist-flat","FALSE","FALSE","HDC Site QA","Conduit installation","Building 1 - PP-05.04"
"770f968d-bd97-4f24-b694-6aa143744026","","checklist-flat","not-started","_RPL - AE-ITCX-007 - Conduit Checklist (Rev 0 +Names)","checklist-flat","FALSE","FALSE","HDC Site QA","Conduit installation","Building 1 - PP-05.05"
"a1e3ab0e-3690-4c66-86fd-d466efc5284d","","checklist-flat","not-started","_RPL - AE-ITCX-007 - Conduit Checklist (Rev 0 +Names)","checklist-flat","FALSE","FALSE","HDC Site QA","Conduit installation","Building 1 - PP-05.06"
"77bfb4b3-d13d-413a-bb04-ca0198f085b8","","checklist-flat","not-started","_RPL - AE-ITCX-007 - Conduit Checklist (Rev 0 +Names)","checklist-flat","FALSE","FALSE","HDC Site QA","Conduit installation","Building 1 - PP-05.07"
"3c645e08-6edf-4617-86ea-1cfa95a936ba","","checklist-flat","not-started","_RPL - AE-ITCX-007 - Conduit Checklist (Rev 0 +Names)","checklist-flat","FALSE","FALSE","HDC Site QA","Conduit installation","Building 1 - PP-05.08"
"7948a764-060d-451d-8993-74c606a6c6b1","","checklist-flat","not-started","_RPL - AE-ITCX-007 - Conduit Checklist (Rev 0 +Names)","checklist-flat","FALSE","FALSE","HDC Site QA","Conduit installation","Building 1 - PP-05.10"
"3366809d-f351-44d7-bbeb-f010f007d910","","checklist-flat","not-started","_RPL - AE-ITCX-007 - Conduit Checklist (Rev 0 +Names)","checklist-flat","FALSE","FALSE","HDC Site QA","Conduit installation","Building 1 - PP-05.11"
"5e6f2473-cd4d-40ca-89dc-ed5a5f49884f","","checklist-flat","not-started","_RPL - AE-ITCX-007 - Conduit Checklist (Rev 0 +Names)","checklist-flat","FALSE","FALSE","HDC Site QA","Conduit installation","Building 1 - LP-01.01"
"67a14289-821a-466c-8443-cf2763455df7","","checklist-flat","work-in-progress","2770c2c9da5c1556eb0b095fefcaf027f94550cec6a12b8d0894d021846de6de","checklist-flat","FALSE","FALSE","HDC Site QA","Conduit installation","Building 1 - PP-05.09"
"bfcb3f05-6e78-47f2-b0f0-122fa95e2cd4","","checklist-flat","not-started","_RPL - AE-ITCX-007 - Conduit Checklist (Rev 0 +Names)","checklist-flat","FALSE","FALSE","HDC Site QA","Conduit installation","Gen-1B"
"2f1eff23-63ec-4f20-a129-edd1cc2618ca","","checklist-flat","not-started","_RPL - AE-ITCX-007 - Conduit Checklist (Rev 0 +Names)","checklist-flat","FALSE","FALSE","HDC Site QA","Conduit installation","Gen-1C"
"e153d9a2-c7a2-4855-9dbd-65e20b20cb44","","checklist-flat","not-started","_RPL - AE-ITCX-007 - Conduit Checklist (Rev 0 +Names)","checklist-flat","FALSE","FALSE","HDC Site QA","Conduit installation","Gen-2A"
"f5517149-f4c6-4d02-bd5a-1d22500dd070","","checklist-flat","not-started","_RPL - AE-ITCX-007 - Conduit Checklist (Rev 0 +Names)","checklist-flat","FALSE","FALSE","HDC Site QA","Conduit installation","Gen-2B"
"851a81d1-0636-4e28-a3ca-5173d148a89f","","checklist-flat","not-started","_RPL - AE-ITCX-007 - Conduit Checklist (Rev 0 +Names)","checklist-flat","FALSE","FALSE","HDC Site QA","Conduit installation","Gen-2C"
"e7b4cad8-1469-466d-b5f4-10745b5f0487","","checklist-flat","not-started","_RPL - AE-ITCX-007 - Conduit Checklist (Rev 0 +Names)","checklist-flat","FALSE","FALSE","HDC Site QA","Conduit installation","Gen-3A"
"55365e6c-214f-4fbb-930c-65e01f46c592","","checklist-flat","not-started","_RPL - AE-ITCX-007 - Conduit Checklist (Rev 0 +Names)","checklist-flat","FALSE","FALSE","HDC Site QA","Conduit installation","Gen-3B"
"c4c5fa0c-0d93-47d0-b422-a3d851d2d5a7","","checklist-flat","not-started","_RPL - AE-ITCX-007 - Conduit Checklist (Rev 0 +Names)","checklist-flat","FALSE","FALSE","HDC Site QA","Conduit installation","Gen-3C"
"f25f0b01-f62d-4c2d-ba5e-223eb30b4cc6","","checklist-flat","not-started","_RPL - AE-ITCX-007 - Conduit Checklist (Rev 0 +Names)","checklist-flat","FALSE","FALSE","HDC Site QA","Conduit installation","Gen-4A"
"35f6938d-8cb8-48fa-97c6-ce0a964b3843","","checklist-flat","not-started","_RPL - AE-ITCX-007 - Conduit Checklist (Rev 0 +Names)","checklist-flat","FALSE","FALSE","HDC Site QA","Conduit installation","Gen-4B"
"c86dfd06-397d-4c77-937e-7b4f3bb5a22c","","checklist-flat","not-started","_RPL - AE-ITCX-007 - Conduit Checklist (Rev 0 +Names)","checklist-flat","FALSE","FALSE","HDC Site QA","Conduit installation","Gen-5A"
"57068558-b89d-4e6f-ad49-387da2da184e","","checklist-flat","not-started","_RPL - AE-ITCX-007 - Conduit Checklist (Rev 0 +Names)","checklist-flat","FALSE","FALSE","HDC Site QA","Conduit installation","Gen-5B"
"89017735-2908-4c43-b831-54f302afba08","","checklist-flat","not-started","_RPL - AE-ITCX-007 - Conduit Checklist (Rev 0 +Names)","checklist-flat","FALSE","FALSE","HDC Site QA","Conduit installation","Gen-6A"
"3b77c80e-7e52-446c-ad7c-a43f6f8455ac","","checklist-flat","not-started","_RPL - AE-ITCX-007 - Conduit Checklist (Rev 0 +Names)","checklist-flat","FALSE","FALSE","HDC Site QA","Conduit installation","Gen-6B"
"18bbd722-d2b5-479b-8b23-c3e9ac4f3295","","checklist-flat","not-started","_RPL - AE-ITCX-007 - Conduit Checklist (Rev 0 +Names)","checklist-flat","FALSE","FALSE","HDC Site QA","Conduit installation","Gen-7A"
"49cb28b2-7f7c-4ceb-a6cb-1157128e32ab","","checklist-flat","not-started","_RPL - AE-ITCX-007 - Conduit Checklist (Rev 0 +Names)","checklist-flat","FALSE","FALSE","HDC Site QA","Conduit installation","Gen-7B"
"9845f994-9863-4b2f-9ddc-81bc8de96a7c","","checklist-flat","not-started","_RPL - AE-ITCX-007 - Conduit Checklist (Rev 0 +Names)","checklist-flat","FALSE","FALSE","HDC Site QA","Conduit installation","Gen-8A"
"c6e9680f-b1d3-448e-9b81-9257186bf192","","checklist-flat","not-started","_RPL - AE-ITCX-007 - Conduit Checklist (Rev 0 +Names)","checklist-flat","FALSE","FALSE","HDC Site QA","Conduit installation","Gen-8B"
"538722f7-92de-4325-b836-ddacf0d96df7","","checklist-flat","not-started","_RPL - AE-ITCX-007 - Conduit Checklist (Rev 0 +Names)","checklist-flat","FALSE","FALSE","HDC Site QA","Conduit installation","Gen-9A"
"669b2d9e-30d9-4e10-8037-8f5036ee8c63","","checklist-flat","not-started","_RPL - AE-ITCX-007 - Conduit Checklist (Rev 0 +Names)","checklist-flat","FALSE","FALSE","HDC Site QA","Conduit installation","Gen-9B"
"2c070a59-745c-4ee7-85cf-d144d8a2ca14","","checklist-flat","not-started","_RPL - AE-ITCX-007 - Conduit Checklist (Rev 0 +Names)","checklist-flat","FALSE","FALSE","HDC Site QA","Conduit installation","Gen-H"
"339fd1cf-b9e7-4fef-a4b6-71b68da0457a","","checklist-flat","not-started","_RPL - AE-ITCX-007 - Conduit Checklist (Rev 0 +Names)","checklist-flat","FALSE","FALSE","HDC Site QA","Conduit installation","Building 1-PP-01.01"
"12db65cb-8937-45f9-9e9b-4eacbe854683","","folder-normal","work-in-progress","","step","TRUE","FALSE","HDC Site QA","Pit installation"
"c1ea4953-3e64-4d22-ad7e-e10b13fb5ae6","","checklist-flat","work-in-progress","AE-ITCX-036 - Cable pit installation","checklist-flat","FALSE","FALSE","HDC Site QA","Pit installation","PP-01.01 - HV Pit 2150X2150X2500"
"41ef53d6-64ac-40ce-a5eb-2a24da398717","","checklist-flat","not-started","AE-ITCX-036 - Cable pit installation","checklist-flat","FALSE","FALSE","HDC Site QA","Pit installation","PP-03.01 - HV Pit 2250X2250X2950"
"802bda7f-d206-4a5f-a518-0f4b2bac945e","","checklist-flat","not-started","AE-ITCX-036 - Cable pit installation","checklist-flat","FALSE","FALSE","HDC Site QA","Pit installation","CP-02.03 -Comms Pit 1500X1500X1200"
"18c35508-c142-4c1d-bb3b-12553a24c4a2","","checklist-flat","not-started","AE-ITCX-036 - Cable pit installation","checklist-flat","FALSE","FALSE","HDC Site QA","Pit installation","CP-02.04 -Comms Pit 1200 x 1200 X 1650"
"5316886f-d733-44f0-bb76-481188160a90","","checklist-flat","not-started","AE-ITCX-036 - Cable pit installation","checklist-flat","FALSE","FALSE","HDC Site QA","Pit installation","CP-04.01 -Comms Pit 2000X3000X2900"
"fc517393-8acf-4c92-bd12-0c8c4268a0b6","","checklist-flat","work-in-progress","AE-ITCX-036 - Cable pit installation","checklist-flat","FALSE","FALSE","HDC Site QA","Pit installation","CP-04.02 -Comms Pit 2000X3000X1600"
"fef0427d-1327-43f8-9f06-1df00d594ed2","","checklist-flat","not-started","AE-ITCX-036 - Cable pit installation","checklist-flat","FALSE","FALSE","HDC Site QA","Pit installation","PP-01.02 - HV Pit 2150X2150X2600"
"3c801a90-bbe0-4bd5-90a0-a03eb2a076f7","","checklist-flat","not-started","AE-ITCX-036 - Cable pit installation","checklist-flat","FALSE","FALSE","HDC Site QA","Pit installation","PP-02.01 - HV Pit 2300X2300X2000"
"39ba46ce-dc15-435a-9f6c-31c4b3328bd3","","checklist-flat","not-started","AE-ITCX-036 - Cable pit installation","checklist-flat","FALSE","FALSE","HDC Site QA","Pit installation","PP-03.02 - HV Pit 2150X2150X2600"
"cf90d328-6e28-4494-aef9-31ad3cd90260","","checklist-flat","not-started","AE-ITCX-036 - Cable pit installation","checklist-flat","FALSE","FALSE","HDC Site QA","Pit installation","CP-02.01 -Comms Pit 1200 x 1200 X 1650"
"790495de-3df1-4dbf-899b-f63ea9aa8adf","","checklist-flat","not-started","AE-ITCX-036 - Cable pit installation","checklist-flat","FALSE","FALSE","HDC Site QA","Pit installation","CP-02.02 -Comms Pit 1200X1200X1300"
"be24720c-7df2-4456-9d26-b88c6201856b","","checklist-flat","not-started","AE-ITCX-036 - Cable pit installation","checklist-flat","FALSE","FALSE","HDC Site QA","Pit installation","CP-03.01 - Comms Pit 1200 x 1200 X 2150"
"8e6c8805-d24e-4960-9dcd-41c944133735","","checklist-flat","not-started","AE-ITCX-036 - Cable pit installation","checklist-flat","FALSE","FALSE","HDC Site QA","Pit installation","CP-03.02 - Comms Pit 1200 x 1200 x 1800"
"48939607-163d-491e-af35-8affb550c279","","checklist-flat","not-started","AE-ITCX-036 - Cable pit installation","checklist-flat","FALSE","FALSE","HDC Site QA","Pit installation","CP-03.03 - Comms Pit 1200 x 1200 x 1700"
"0c9ceca7-aafe-492a-aa1a-abc462db867f","","checklist-flat","not-started","AE-ITCX-036 - Cable pit installation","checklist-flat","FALSE","FALSE","HDC Site QA","Pit installation","CP-03.04 - Comms Pit 1200 x 1200 x 1701"
"b9d0cf5f-425c-4697-a2d1-3b6153f75bf3","","checklist-flat","not-started","AE-ITCX-036 - Cable pit installation","checklist-flat","FALSE","FALSE","HDC Site QA","Pit installation","CP-03.05 - Comms Pit 1200 x 1200 x 1702"
"428fa737-83fa-47db-a154-34eb5e53e3cc","","checklist-flat","not-started","AE-ITCX-036 - Cable pit installation","checklist-flat","FALSE","FALSE","HDC Site QA","Pit installation","CP-03.06 - Comms Pit 1200 x 1200 x 1703"
"f100d783-63f9-412b-a261-450e6df301b8","","checklist-flat","not-started","AE-ITCX-036 - Cable pit installation","checklist-flat","FALSE","FALSE","HDC Site QA","Pit installation","CP-03.07 - Comms Pit 1200 x 1200 x 1704"
"edb5eea0-6035-4049-b54a-24aee21bef98","","checklist-flat","work-in-progress","AE-ITCX-036 - Cable pit installation","checklist-flat","FALSE","FALSE","HDC Site QA","Pit installation","PP-05.01 - HV Pit 900 X 900 X 1500"
"f6bffe82-43e5-49f5-a774-a5df165f1165","","checklist-flat","work-in-progress","AE-ITCX-036 - Cable pit installation","checklist-flat","FALSE","FALSE","HDC Site QA","Pit installation","PP-05.02 - HV Pit 900 X900 X1500"
"715bef0c-dc13-46ed-8d8d-7a6da6304d98","","checklist-flat","work-in-progress","AE-ITCX-036 - Cable pit installation","checklist-flat","FALSE","FALSE","HDC Site QA","Pit installation","PP-05.03 - HV Pit 900X900X1600"
"8a071157-b68a-4f74-856a-9a943e4d5e54","","checklist-flat","work-in-progress","AE-ITCX-036 - Cable pit installation","checklist-flat","FALSE","FALSE","HDC Site QA","Pit installation","PP-05.04 - HV Pit 900 X 900 X 1600"
"2eba6d6b-99d1-4582-a73b-83347fab4342","","checklist-flat","work-in-progress","AE-ITCX-036 - Cable pit installation","checklist-flat","FALSE","FALSE","HDC Site QA","Pit installation","PP-05.05 - HV Pit 900 X 900 X 1700"
"0a25daf5-1d7c-42d4-8b74-fa3a1a5e333d","","checklist-flat","work-in-progress","AE-ITCX-036 - Cable pit installation","checklist-flat","FALSE","FALSE","HDC Site QA","Pit installation","PP-05.06 - HV Pit 900 X 900 X 1850"
"99cc5e8f-ef5a-4563-bd9e-1ca63eaf708b","","checklist-flat","work-in-progress","AE-ITCX-036 - Cable pit installation","checklist-flat","FALSE","FALSE","HDC Site QA","Pit installation","PP-05.07 - HV Pit 900 X 900 X 1900"
"d19f3d16-d956-4325-a3f3-45e66ff2f5aa","","checklist-flat","work-in-progress","AE-ITCX-036 - Cable pit installation","checklist-flat","FALSE","FALSE","HDC Site QA","Pit installation","PP-04.01 - HV Pit 900 X 900 X 1950"
"32277d1b-1f88-4ec2-a5ba-4f337dac55c5","","checklist-flat","work-in-progress","AE-ITCX-036 - Cable pit installation","checklist-flat","FALSE","FALSE","HDC Site QA","Pit installation","PP-05.08 - HV Pit 900 X 900 X 1800"
"c919f85c-c659-4e79-b2a9-2bac1dd7c1a2","","checklist-flat","work-in-progress","AE-ITCX-036 - Cable pit installation","checklist-flat","FALSE","FALSE","HDC Site QA","Pit installation","PP-05.09 - HV Pit 900 x 900 X 1500"
"589b4f1b-11d0-40f3-8ec9-d92846ea4efb","","checklist-flat","work-in-progress","AE-ITCX-036 - Cable pit installation","checklist-flat","FALSE","FALSE","HDC Site QA","Pit installation","PP-05.10 - HV Pit 900 X 900 X 1500"
"53c7001b-8a57-4140-9ba6-703cff0bc9f1","","checklist-flat","work-in-progress","AE-ITCX-036 - Cable pit installation","checklist-flat","FALSE","FALSE","HDC Site QA","Pit installation","PP-05.11 - HV Pit 900 x 900 x 1500"
"de571f35-889f-41f5-bc9c-d6ad329a0256","","checklist-flat","not-started","AE-ITCX-036 - Cable pit installation","checklist-flat","FALSE","FALSE","HDC Site QA","Pit installation","CP-01.02 - Comms - 600x600x880"
"b190899e-9a1f-4b43-9351-d2ed6578ebf8","","checklist-flat","not-started","AE-ITCX-036 - Cable pit installation","checklist-flat","FALSE","FALSE","HDC Site QA","Pit installation","CP-01.03 - Comms - 600x600x1030"
"e045a75a-a857-491f-9207-e03c88a18ff8","","checklist-flat","not-started","AE-ITCX-036 - Cable pit installation","checklist-flat","FALSE","FALSE","HDC Site QA","Pit installation","CP-01.04 - Comms - 600x600x1030"
"eb353124-8175-4104-bfde-226e8b3e0265","","checklist-flat","not-started","AE-ITCX-036 - Cable pit installation","checklist-flat","FALSE","FALSE","HDC Site QA","Pit installation","CP-01.05 - Comms - 600x600x1030"
"26691554-0c2f-41cb-8c69-2f1f733510a8","","checklist-flat","not-started","AE-ITCX-036 - Cable pit installation","checklist-flat","FALSE","FALSE","HDC Site QA","Pit installation","CP-01.01 - Comms - 600x600x1030"
"e6a02f8b-f74c-4f2e-837d-3324ab6db8d5","","checklist-flat","not-started","AE-ITCX-036 - Cable pit installation","checklist-flat","FALSE","FALSE","HDC Site QA","Pit installation","CP-01.07 - Comms - 600x600x1030"
"8071ada8-0839-4166-9a46-eb695ec7564d","","checklist-flat","not-started","AE-ITCX-036 - Cable pit installation","checklist-flat","FALSE","FALSE","HDC Site QA","Pit installation","LP-02.14 - LV Pit 600x600x880"
"c09a606f-e7ed-4460-9ed7-bc6cf0954982","","checklist-flat","not-started","AE-ITCX-036 - Cable pit installation","checklist-flat","FALSE","FALSE","HDC Site QA","Pit installation","LP-02.15 - LV Pit 600x600x1030"
"ba7f7c20-02b4-43a6-839f-98c16e6ee172","","checklist-flat","not-started","AE-ITCX-036 - Cable pit installation","checklist-flat","FALSE","FALSE","HDC Site QA","Pit installation","CP-01.08 - Comms - 600x600x1030"
"c69cf05f-a206-48f5-828b-4dc1d7ea36b5","","checklist-flat","not-started","AE-ITCX-036 - Cable pit installation","checklist-flat","FALSE","FALSE","HDC Site QA","Pit installation","LP-01.01 - LV Pit 600x600x1000"
"57bdea82-219a-4459-b847-05089b933de8","","checklist-flat","not-started","AE-ITCX-036 - Cable pit installation","checklist-flat","FALSE","FALSE","HDC Site QA","Pit installation","CP-01.06 - Comms - 600x600x1030"
"4f5d4368-183a-43fe-b6f4-f8d022aab107","","checklist-flat","not-started","AE-ITCX-036 - Cable pit installation","checklist-flat","FALSE","FALSE","HDC Site QA","Pit installation","LP-02.01 - LV Pit 600x600x1030"
"d3543f78-5b40-486a-ba94-6b9ca1780694","","checklist-flat","not-started","AE-ITCX-036 - Cable pit installation","checklist-flat","FALSE","FALSE","HDC Site QA","Pit installation","LP-02.02 - LV Pit 600x600x1030"
"c14c1979-0b8f-4d3d-97e6-a1543b06e297","","checklist-flat","not-started","AE-ITCX-036 - Cable pit installation","checklist-flat","FALSE","FALSE","HDC Site QA","Pit installation","LP-02.03 - LV Pit 600x600x1030"
"9e15b9c3-c60e-4c80-952d-cc3b177f9895","","checklist-flat","not-started","AE-ITCX-036 - Cable pit installation","checklist-flat","FALSE","FALSE","HDC Site QA","Pit installation","LP-02.04 - LV Pit 600x600x1030"
"b07011d5-b6c6-4999-9776-c8920b73edfc","","checklist-flat","not-started","AE-ITCX-036 - Cable pit installation","checklist-flat","FALSE","FALSE","HDC Site QA","Pit installation","LP-02.05 - LV Pit 600x600x1030"
"86ff2dbd-1e90-4f9f-8482-d3de985e09e6","","checklist-flat","not-started","AE-ITCX-036 - Cable pit installation","checklist-flat","FALSE","FALSE","HDC Site QA","Pit installation","LP-02.06 - LV Pit 600x600x1030"
"84a318b2-83ed-40df-b90a-d77b0e1c90d7","","checklist-flat","not-started","AE-ITCX-036 - Cable pit installation","checklist-flat","FALSE","FALSE","HDC Site QA","Pit installation","LP-02.07 - LV Pit 600x600x1030"
"fa36a84a-67b1-4765-8f1a-fab238efab34","","checklist-flat","not-started","AE-ITCX-036 - Cable pit installation","checklist-flat","FALSE","FALSE","HDC Site QA","Pit installation","LP-02.08 - LV Pit 600x600x1030"
"76b06557-cb6c-467c-ae4d-260ddeaa2429","","checklist-flat","not-started","AE-ITCX-036 - Cable pit installation","checklist-flat","FALSE","FALSE","HDC Site QA","Pit installation","LP-02.09 - LV Pit 600x600x1030"
"f01ee372-d7e9-45af-8276-0e4f55eeceae","","checklist-flat","not-started","AE-ITCX-036 - Cable pit installation","checklist-flat","FALSE","FALSE","HDC Site QA","Pit installation","LP-02.10 - LV Pit 600x600x1030"
"71fa5201-c7c5-49fa-ab88-3f1b62b9c29b","","checklist-flat","not-started","AE-ITCX-036 - Cable pit installation","checklist-flat","FALSE","FALSE","HDC Site QA","Pit installation","LP-02.11 - LV Pit 600x600x1030"
"b21f29e8-5181-4864-8c77-8c1cf6f24649","","checklist-flat","not-started","AE-ITCX-036 - Cable pit installation","checklist-flat","FALSE","FALSE","HDC Site QA","Pit installation","LP-02.12 - LV Pit 600x600x1030"
"8de4e265-7719-43b7-aecf-cdcd6607579c","","checklist-flat","not-started","AE-ITCX-036 - Cable pit installation","checklist-flat","FALSE","FALSE","HDC Site QA","Pit installation","LP-02.13 - LV Pit 600x600x1030"
"98bd6cf2-ca06-45f5-84df-ec208145f35f","","folder-normal","pass","","step","TRUE","FALSE","HDC Site QA","Conduit L&P Pour"
"f58e620f-617e-4239-88bc-85ad7795e4cb","","folder-normal","pass","","step","TRUE","FALSE","HDC Site QA","Conduit L&P Pour","Building 1 Conduit Pour"
"99c2339c-9852-43b6-86dd-98e6ef6d7553","","folder-normal","pass","","step","TRUE","FALSE","HDC Site QA","Conduit L&P Pour","Building 1 Conduit Pour","Ground floor"
"5b78d7da-18bc-4748-915f-6da274c10c3b","","folder-normal","pass","","step","TRUE","FALSE","HDC Site QA","Conduit L&P Pour","Building 1 Conduit Pour","Ground floor","DH1"
"6a10a67b-4eb2-494b-8838-c1baa0d42087","","checklist-flat","pass","2770c2c9da5c1556eb0b095fefcaf027f94550cec6a12b8d0894d021846de6de","checklist-flat","FALSE","FALSE","HDC Site QA","Conduit L&P Pour","Building 1 Conduit Pour","Ground floor","DH1","Conduit checklist"
"a342034f-62f0-4f6f-9b8a-6dd58352adff","","folder-normal","pass","","step","TRUE","FALSE","HDC Site QA","Conduit L&P Pour","Building 1 Conduit Pour","Ground floor","DH2"
"6523275c-42d9-4f28-87b0-0fa655d70507","","checklist-flat","pass","2770c2c9da5c1556eb0b095fefcaf027f94550cec6a12b8d0894d021846de6de","checklist-flat","FALSE","FALSE","HDC Site QA","Conduit L&P Pour","Building 1 Conduit Pour","Ground floor","DH2","Conduit checklist"
"32898b32-8d8e-4d6a-ac69-25c2029505ff","","folder-normal","pass","","step","TRUE","FALSE","HDC Site QA","Conduit L&P Pour","Building 1 Conduit Pour","Ground floor","DH3"
"93a6e269-e086-459a-90fe-ac98c7f58678","","checklist-flat","pass","2770c2c9da5c1556eb0b095fefcaf027f94550cec6a12b8d0894d021846de6de","checklist-flat","FALSE","FALSE","HDC Site QA","Conduit L&P Pour","Building 1 Conduit Pour","Ground floor","DH3","Conduit checklist"
"05df3318-b0bb-42b0-9392-08be76094693","","folder-normal","pass","","step","TRUE","FALSE","HDC Site QA","Conduit L&P Pour","Building 1 Conduit Pour","Level 1"
"6a85ea8b-e72f-4f7b-93ae-12957028b588","","folder-normal","pass","","step","TRUE","FALSE","HDC Site QA","Conduit L&P Pour","Building 1 Conduit Pour","Level 1","DH4"
"35822791-22fc-421f-a607-e251132c9586","","checklist-flat","pass","2770c2c9da5c1556eb0b095fefcaf027f94550cec6a12b8d0894d021846de6de","checklist-flat","FALSE","FALSE","HDC Site QA","Conduit L&P Pour","Building 1 Conduit Pour","Level 1","DH4","Conduit checklist"
"b12178cc-b6c9-4dc7-8f26-e92b7b9f865b","","folder-normal","pass","","step","TRUE","FALSE","HDC Site QA","Conduit L&P Pour","Building 1 Conduit Pour","Level 1","DH5"
"318ae11b-6273-4203-b730-44734f8dc325","","checklist-flat","pass","2770c2c9da5c1556eb0b095fefcaf027f94550cec6a12b8d0894d021846de6de","checklist-flat","FALSE","FALSE","HDC Site QA","Conduit L&P Pour","Building 1 Conduit Pour","Level 1","DH5","Conduit checklist"
"3cdd0f42-34ec-4911-b9ec-130d66568ec5","","folder-normal","pass","","step","TRUE","FALSE","HDC Site QA","Conduit L&P Pour","Building 1 Conduit Pour","Level 1","DH6"
"fafaf70f-c9d0-421b-8049-4576fbd0b2ff","","checklist-flat","pass","2770c2c9da5c1556eb0b095fefcaf027f94550cec6a12b8d0894d021846de6de","checklist-flat","FALSE","FALSE","HDC Site QA","Conduit L&P Pour","Building 1 Conduit Pour","Level 1","DH6","Conduit checklist"
"d1b67308-7293-486e-96fc-2ef18fcdf587","","folder-normal","pass","","step","TRUE","FALSE","HDC Site QA","Conduit L&P Pour","Building 1 Conduit Pour","Level 2"
"dbe18e13-5b57-4533-9157-1ea6ffe73ff4","","folder-normal","pass","","step","TRUE","FALSE","HDC Site QA","Conduit L&P Pour","Building 1 Conduit Pour","Level 2","DH7"
"797022f7-4b24-4925-9f01-0a4ce1a976ab","","checklist-flat","pass","2770c2c9da5c1556eb0b095fefcaf027f94550cec6a12b8d0894d021846de6de","checklist-flat","FALSE","FALSE","HDC Site QA","Conduit L&P Pour","Building 1 Conduit Pour","Level 2","DH7","Conduit checklist"
"a7c47908-0ea5-424f-bddb-31ca06abc28c","","folder-normal","pass","","step","TRUE","FALSE","HDC Site QA","Conduit L&P Pour","Building 1 Conduit Pour","Level 2","DH8"
"f2fe8e93-7c47-4b01-973f-ad7d9be7a110","","checklist-flat","pass","2770c2c9da5c1556eb0b095fefcaf027f94550cec6a12b8d0894d021846de6de","checklist-flat","FALSE","FALSE","HDC Site QA","Conduit L&P Pour","Building 1 Conduit Pour","Level 2","DH8","Conduit checklist"
"ddb975b6-17f6-42da-87a5-2fbab591f947","","folder-normal","pass","","step","TRUE","FALSE","HDC Site QA","Conduit L&P Pour","Building 1 Conduit Pour","Level 2","DH9"
"93eabbf1-e5bf-4893-975c-7c8e471234aa","","checklist-flat","pass","2770c2c9da5c1556eb0b095fefcaf027f94550cec6a12b8d0894d021846de6de","checklist-flat","FALSE","FALSE","HDC Site QA","Conduit L&P Pour","Building 1 Conduit Pour","Level 2","DH9","AE-ITCX-007 - Conduit Checklist (Rev 0 +Names)"
"f29fd3c1-5246-4c89-a619-e395016f798a","","folder-normal","pass","","step","TRUE","FALSE","HDC Site QA","Conduit L&P Pour","Office"
"5f808e90-7b42-43bd-abed-7ec94415a7fe","","folder-normal","pass","","step","TRUE","FALSE","HDC Site QA","Conduit L&P Pour","Office","Ground floor"
"78b631a6-370f-43ba-89e6-f08fbf007cd4","","checklist-flat","pass","2770c2c9da5c1556eb0b095fefcaf027f94550cec6a12b8d0894d021846de6de","checklist-flat","FALSE","FALSE","HDC Site QA","Conduit L&P Pour","Office","Ground floor","AE-ITCX-007 - Conduit Checklist (Rev 0 +Names)"
"ff50a056-24f0-4935-a838-9b21cf3ed5a3","","folder-normal","no-status-not-started","","step","TRUE","FALSE","HDC Site QA","Conduit L&P Pour","Office","Level 1a"
"1aeb2a4b-1c5d-4fe5-a64b-b24799f7f616","","folder-normal","no-status-not-started","","step","TRUE","FALSE","HDC Site QA","Conduit L&P Pour","Office","Level 2a"
"3f6f580a-1e71-4c77-984a-5f7f93f0e197","","folder-normal","no-status-not-started","","step","TRUE","FALSE","HDC Site QA","Conduit L&P Pour","Office","Level 2b"
"5ddfb75b-18ef-45b6-885b-6973ca16b982","","folder-normal","no-status-not-started","","step","TRUE","FALSE","HDC Site QA","Conduit L&P Pour","Office","Level 3a"
"16d723de-1728-47a8-91b8-dea26316042f","","folder-normal","no-status-not-started","","step","TRUE","FALSE","HDC Site QA","Conduit L&P Pour","Office","Roof"
"c60c4008-5781-4f06-8be8-98d594e10fd7","","folder-normal","pass","","step","TRUE","FALSE","HDC Site QA","Conduit L&P Pour","Substation"
"eb082af3-5863-4df2-8692-4b52238ac0fa","","folder-normal","pass","","step","TRUE","FALSE","HDC Site QA","Conduit L&P Pour","Substation","Ground floor"
"5ecdf03d-ad37-41d0-8bef-32c69d9b284a","","checklist-flat","pass","2770c2c9da5c1556eb0b095fefcaf027f94550cec6a12b8d0894d021846de6de","checklist-flat","FALSE","FALSE","HDC Site QA","Conduit L&P Pour","Substation","Ground floor","AE-ITCX-007 - Conduit Checklist (Rev 0 +Names)"
"62e2b5ee-4583-43cd-9977-0dcbbe28d4ec","","folder-normal","work-in-progress","","step","TRUE","FALSE","HDC Site QA","Common Area Process"
"95ddd193-8977-4062-acec-d5a15d377232","","folder-normal","work-in-progress","","step","TRUE","FALSE","HDC Site QA","Common Area Process","Distribution board & sub circuit zone"
"27feb59d-5b78-497c-b02e-80c28daea9b7","","folder-normal","work-in-progress","","step","TRUE","FALSE","HDC Site QA","Common Area Process","Distribution board & sub circuit zone","LP-1A"
"5dbe49a6-c713-4843-b9ef-ba58e9c6ba0b","","checklist-flat","pass","d67088165c4526858b5eb155c32056c12aa0dc7ba855077b64ba063617a991ce","checklist-flat","FALSE","FALSE","HDC Site QA","Common Area Process","Distribution board & sub circuit zone","LP-1A","Roughin"
"f3527984-a5b8-4aee-a7f0-5fb915d90bbd","","checklist-flat","work-in-progress","f41a8482c36a2254357ae12836fa98869af3ce684c1404562d5a55e61955360e","checklist-flat","FALSE","FALSE","HDC Site QA","Common Area Process","Distribution board & sub circuit zone","LP-1A","Cut out"
"edcfe077-cf9b-4382-856c-0ea152efac5a","","checklist-flat","work-in-progress","91b2e1be8ed4518bb61b0d4674b63d1a8d4a1dcc475461f29067578f4608f6c5","checklist-flat","FALSE","FALSE","HDC Site QA","Common Area Process","Distribution board & sub circuit zone","LP-1A","Fit off"
"f0126091-cbbc-46ea-9c71-d994be2fe016","","checklist-flat","not-started","e2e9f5864b9cd14fb78dd1541cf6cc62c34224e3ba28ca382f369c05778c8d01","checklist-flat","FALSE","FALSE","HDC Site QA","Common Area Process","Distribution board & sub circuit zone","LP-1A","DB Fit off"
"58c0250a-ffc6-4080-a811-efade35ec1a7","","checklist-flat","not-started","AE-ITCX-032 - Electrical Commissioning Checklist (Rev 0 +Names)","checklist-flat","FALSE","FALSE","HDC Site QA","Common Area Process","Distribution board & sub circuit zone","LP-1A","Commissioning"
"bec98e31-ac21-43fe-ab18-85f87c2f9a5a","","folder-normal","work-in-progress","","step","TRUE","FALSE","HDC Site QA","Common Area Process","Distribution board & sub circuit zone","LP-1B"
"5ad3e68b-8a0a-4388-b850-92747fc41795","","checklist-flat","pass","d67088165c4526858b5eb155c32056c12aa0dc7ba855077b64ba063617a991ce","checklist-flat","FALSE","FALSE","HDC Site QA","Common Area Process","Distribution board & sub circuit zone","LP-1B","Roughin"
"3b04654a-9239-4bb0-a76d-773c17dcaf93","","checklist-flat","not-applicable","f41a8482c36a2254357ae12836fa98869af3ce684c1404562d5a55e61955360e","checklist-flat","FALSE","FALSE","HDC Site QA","Common Area Process","Distribution board & sub circuit zone","LP-1B","Cut out"
"3d0611d4-b1f6-49dd-a779-c91f55802323","","checklist-flat","work-in-progress","91b2e1be8ed4518bb61b0d4674b63d1a8d4a1dcc475461f29067578f4608f6c5","checklist-flat","FALSE","FALSE","HDC Site QA","Common Area Process","Distribution board & sub circuit zone","LP-1B","Fit off"
"532df120-c629-406c-9e62-4360d34bf1f5","","checklist-flat","not-started","e2e9f5864b9cd14fb78dd1541cf6cc62c34224e3ba28ca382f369c05778c8d01","checklist-flat","FALSE","FALSE","HDC Site QA","Common Area Process","Distribution board & sub circuit zone","LP-1B","DB Fit off"
"35642674-da83-4c7f-8012-152466bcdc3b","","checklist-flat","not-started","AE-ITCX-032 - Electrical Commissioning Checklist (Rev 0 +Names)","checklist-flat","FALSE","FALSE","HDC Site QA","Common Area Process","Distribution board & sub circuit zone","LP-1B","Commissioning"
"c9e5c5d0-cf2e-4796-bd73-134bdde96f6c","","folder-normal","work-in-progress","","step","TRUE","FALSE","HDC Site QA","Common Area Process","Distribution board & sub circuit zone","LP-2A"
"a90a5ae3-ea31-403f-b70f-254e52b395a4","","checklist-flat","pass","d67088165c4526858b5eb155c32056c12aa0dc7ba855077b64ba063617a991ce","checklist-flat","FALSE","FALSE","HDC Site QA","Common Area Process","Distribution board & sub circuit zone","LP-2A","Roughin"
"b007a6b6-f03e-4df1-9155-f2bad24d2ce5","","checklist-flat","not-applicable","f41a8482c36a2254357ae12836fa98869af3ce684c1404562d5a55e61955360e","checklist-flat","FALSE","FALSE","HDC Site QA","Common Area Process","Distribution board & sub circuit zone","LP-2A","Cut out"
"934c5c90-5b40-4e1b-a2c6-a5f2db2383d2","","checklist-flat","not-started","AE-ITCX-031 - Fit-Off General Checklist (Rev 1 +Names)","checklist-flat","FALSE","FALSE","HDC Site QA","Common Area Process","Distribution board & sub circuit zone","LP-2A","Fit off"
"745d1133-d451-4860-b801-fc833c58f363","","checklist-flat","not-started","e2e9f5864b9cd14fb78dd1541cf6cc62c34224e3ba28ca382f369c05778c8d01","checklist-flat","FALSE","FALSE","HDC Site QA","Common Area Process","Distribution board & sub circuit zone","LP-2A","DB Fit off"
"da2b600d-f51c-49e1-b8c7-cd25ffaab973","","checklist-flat","not-started","AE-ITCX-032 - Electrical Commissioning Checklist (Rev 0 +Names)","checklist-flat","FALSE","FALSE","HDC Site QA","Common Area Process","Distribution board & sub circuit zone","LP-2A","Commissioning"
"7b4b92de-772d-4305-b9eb-98066be2fa9f","","folder-normal","work-in-progress","","step","TRUE","FALSE","HDC Site QA","Common Area Process","Distribution board & sub circuit zone","LP-2B"
"6728d1db-5148-40e3-8351-d5b8bd55c00a","","checklist-flat","pass","d67088165c4526858b5eb155c32056c12aa0dc7ba855077b64ba063617a991ce","checklist-flat","FALSE","FALSE","HDC Site QA","Common Area Process","Distribution board & sub circuit zone","LP-2B","Roughin"
"e33d2662-e627-436f-b7aa-2a5a19cec4fe","","checklist-flat","not-applicable","f41a8482c36a2254357ae12836fa98869af3ce684c1404562d5a55e61955360e","checklist-flat","FALSE","FALSE","HDC Site QA","Common Area Process","Distribution board & sub circuit zone","LP-2B","Cut out"
"bc3f698f-8b91-47f2-b76a-519d0d6a1571","","checklist-flat","not-started","AE-ITCX-031 - Fit-Off General Checklist (Rev 1 +Names)","checklist-flat","FALSE","FALSE","HDC Site QA","Common Area Process","Distribution board & sub circuit zone","LP-2B","Fit off"
"fcb12450-6b6c-4d21-9644-b7d57d57e474","","checklist-flat","not-started","e2e9f5864b9cd14fb78dd1541cf6cc62c34224e3ba28ca382f369c05778c8d01","checklist-flat","FALSE","FALSE","HDC Site QA","Common Area Process","Distribution board & sub circuit zone","LP-2B","DB Fit off"
"b0e67c5c-2031-4322-a70c-27f997d52895","","checklist-flat","not-started","AE-ITCX-032 - Electrical Commissioning Checklist (Rev 0 +Names)","checklist-flat","FALSE","FALSE","HDC Site QA","Common Area Process","Distribution board & sub circuit zone","LP-2B","Commissioning"
"e858b94a-b60c-45c3-9b93-706fc88c505d","","folder-normal","not-started","","step","TRUE","FALSE","HDC Site QA","Common Area Process","Distribution board & sub circuit zone","LP-FPR"
"e569640c-6478-4d02-a4d4-7702eee705f4","","checklist-flat","not-started","AE-ITCX-029 - Rough-In Checklist (Rev 1 +Names)","checklist-flat","FALSE","FALSE","HDC Site QA","Common Area Process","Distribution board & sub circuit zone","LP-FPR","Roughin"
"c666acd4-72ed-4fe9-801d-993fbf9af84f","","checklist-flat","not-started","AE-ITCX-030 - Cut-Out Sheet (Rev 1 +Names)","checklist-flat","FALSE","FALSE","HDC Site QA","Common Area Process","Distribution board & sub circuit zone","LP-FPR","Cut out"
"b10e3355-158e-4ea5-b297-a41d83b050a8","","checklist-flat","not-started","AE-ITCX-031 - Fit-Off General Checklist (Rev 1 +Names)","checklist-flat","FALSE","FALSE","HDC Site QA","Common Area Process","Distribution board & sub circuit zone","LP-FPR","Fit off"
"5781f322-cfc9-4ed2-a630-1af30691190f","","checklist-flat","not-started","AE-ITCX-031 - Fit-Off General Checklist (Rev 1 +Names)","checklist-flat","FALSE","FALSE","HDC Site QA","Common Area Process","Distribution board & sub circuit zone","LP-FPR","DB Fit off"
"621eacf3-2051-4496-b29c-67ed2c52b277","","checklist-flat","not-started","AE-ITCX-032 - Electrical Commissioning Checklist (Rev 0 +Names)","checklist-flat","FALSE","FALSE","HDC Site QA","Common Area Process","Distribution board & sub circuit zone","LP-FPR","Commissioining"
"edf262a5-3abd-4e52-a874-9b4c4032f3fe","","folder-normal","not-started","","step","TRUE","FALSE","HDC Site QA","Common Area Process","Distribution board & sub circuit zone","LP-GLB"
"e9b6c219-c992-4061-8af7-fb0ddac1df24","","checklist-flat","not-started","AE-ITCX-029 - Rough-In Checklist (Rev 1 +Names)","checklist-flat","FALSE","FALSE","HDC Site QA","Common Area Process","Distribution board & sub circuit zone","LP-GLB","Roughin"
"da84cc32-2ba6-414c-bde7-d199528f9e75","","checklist-flat","not-started","AE-ITCX-030 - Cut-Out Sheet (Rev 1 +Names)","checklist-flat","FALSE","FALSE","HDC Site QA","Common Area Process","Distribution board & sub circuit zone","LP-GLB","Cut out"
"4e76a4e7-4802-4df4-8515-96ee22c17f6b","","checklist-flat","not-started","AE-ITCX-031 - Fit-Off General Checklist (Rev 1 +Names)","checklist-flat","FALSE","FALSE","HDC Site QA","Common Area Process","Distribution board & sub circuit zone","LP-GLB","Fit off"
"902f2511-0dab-40f6-838a-5ec6cd85e846","","checklist-flat","not-started","AE-ITCX-031 - Fit-Off General Checklist (Rev 1 +Names)","checklist-flat","FALSE","FALSE","HDC Site QA","Common Area Process","Distribution board & sub circuit zone","LP-GLB","DB Fit off"
"a5f7394a-7723-49a3-8c6c-c7919648b4a9","","checklist-flat","not-started","AE-ITCX-032 - Electrical Commissioning Checklist (Rev 0 +Names)","checklist-flat","FALSE","FALSE","HDC Site QA","Common Area Process","Distribution board & sub circuit zone","LP-GLB","Commissioining"
"4efa9c0a-1f62-4bd0-baf5-2ee319d82b49","","folder-normal","not-started","","step","TRUE","FALSE","HDC Site QA","Common Area Process","Distribution board & sub circuit zone","LP-H-1"
"c793f191-fdc8-4edd-92b0-05ec8bc075af","","checklist-flat","not-started","AE-ITCX-029 - Rough-In Checklist (Rev 1 +Names)","checklist-flat","FALSE","FALSE","HDC Site QA","Common Area Process","Distribution board & sub circuit zone","LP-H-1","Roughin"
"4c140a9e-47d6-44e1-9a36-abee486cc09e","","checklist-flat","not-started","AE-ITCX-030 - Cut-Out Sheet (Rev 1 +Names)","checklist-flat","FALSE","FALSE","HDC Site QA","Common Area Process","Distribution board & sub circuit zone","LP-H-1","Cut out"
"950f409e-967d-4edc-ae51-0369a5a65045","","checklist-flat","not-started","AE-ITCX-031 - Fit-Off General Checklist (Rev 1 +Names)","checklist-flat","FALSE","FALSE","HDC Site QA","Common Area Process","Distribution board & sub circuit zone","LP-H-1","Fit off"
"51623725-cc33-47ea-bef2-67fd41439faa","","checklist-flat","not-started","AE-ITCX-031 - Fit-Off General Checklist (Rev 1 +Names)","checklist-flat","FALSE","FALSE","HDC Site QA","Common Area Process","Distribution board & sub circuit zone","LP-H-1","DB Fit off"
"33f53fe6-a373-4dae-9b4a-9725112afb57","","checklist-flat","not-started","AE-ITCX-032 - Electrical Commissioning Checklist (Rev 0 +Names)","checklist-flat","FALSE","FALSE","HDC Site QA","Common Area Process","Distribution board & sub circuit zone","LP-H-1","Commissioining"
"45e2c554-9385-406a-abbf-490c4feb6bfe","","folder-normal","not-started","","step","TRUE","FALSE","HDC Site QA","Common Area Process","Distribution board & sub circuit zone","LP-H-2"
"78e96657-076f-458f-83ad-8dc577365f3b","","checklist-flat","not-started","AE-ITCX-029 - Rough-In Checklist (Rev 1 +Names)","checklist-flat","FALSE","FALSE","HDC Site QA","Common Area Process","Distribution board & sub circuit zone","LP-H-2","Roughin"
"4060c3b0-92fc-4f5a-8d8a-fc97d43bdb49","","checklist-flat","not-started","AE-ITCX-030 - Cut-Out Sheet (Rev 1 +Names)","checklist-flat","FALSE","FALSE","HDC Site QA","Common Area Process","Distribution board & sub circuit zone","LP-H-2","Cut out"
"5cfc3206-5596-4ce8-b3c4-f4d5e9a2cd21","","checklist-flat","not-started","AE-ITCX-031 - Fit-Off General Checklist (Rev 1 +Names)","checklist-flat","FALSE","FALSE","HDC Site QA","Common Area Process","Distribution board & sub circuit zone","LP-H-2","Fit off"
"5e9aa303-f6fe-4205-9312-cffa541515fd","","checklist-flat","not-started","AE-ITCX-031 - Fit-Off General Checklist (Rev 1 +Names)","checklist-flat","FALSE","FALSE","HDC Site QA","Common Area Process","Distribution board & sub circuit zone","LP-H-2","DB Fit off"
"704d2294-53f3-4326-a14b-99036773659c","","checklist-flat","not-started","AE-ITCX-032 - Electrical Commissioning Checklist (Rev 0 +Names)","checklist-flat","FALSE","FALSE","HDC Site QA","Common Area Process","Distribution board & sub circuit zone","LP-H-2","Commissioining"
"93bba490-4e3a-4a64-9a10-055434bf3323","","folder-normal","not-started","","step","TRUE","FALSE","HDC Site QA","Common Area Process","Distribution board & sub circuit zone","LP-H-2B"
"e62397c9-ad50-404b-8f2c-496acc22a2e3","","checklist-flat","not-started","AE-ITCX-029 - Rough-In Checklist (Rev 1 +Names)","checklist-flat","FALSE","FALSE","HDC Site QA","Common Area Process","Distribution board & sub circuit zone","LP-H-2B","Roughin"
"c607df82-6d1e-4771-abef-1a1a67b931b9","","checklist-flat","not-started","AE-ITCX-030 - Cut-Out Sheet (Rev 1 +Names)","checklist-flat","FALSE","FALSE","HDC Site QA","Common Area Process","Distribution board & sub circuit zone","LP-H-2B","Cut out"
"d38c736b-30c5-435c-8c5e-0a43c094253f","","checklist-flat","not-started","AE-ITCX-031 - Fit-Off General Checklist (Rev 1 +Names)","checklist-flat","FALSE","FALSE","HDC Site QA","Common Area Process","Distribution board & sub circuit zone","LP-H-2B","Fit off"
"7082a50b-7424-41b3-a1a1-aef7de4401ab","","checklist-flat","not-started","AE-ITCX-031 - Fit-Off General Checklist (Rev 1 +Names)","checklist-flat","FALSE","FALSE","HDC Site QA","Common Area Process","Distribution board & sub circuit zone","LP-H-2B","DB Fit off"
"b7853d68-4673-4b2a-859e-ac376eb5d75e","","checklist-flat","not-started","AE-ITCX-032 - Electrical Commissioning Checklist (Rev 0 +Names)","checklist-flat","FALSE","FALSE","HDC Site QA","Common Area Process","Distribution board & sub circuit zone","LP-H-2B","Commissioining"
"33bc4019-263c-49ed-a72b-2397e91ea521","","folder-normal","not-started","","step","TRUE","FALSE","HDC Site QA","Common Area Process","Distribution board & sub circuit zone","LP-H-3"
"22e513a5-fe46-4449-a8ba-0932f731eaaf","","checklist-flat","not-started","AE-ITCX-029 - Rough-In Checklist (Rev 1 +Names)","checklist-flat","FALSE","FALSE","HDC Site QA","Common Area Process","Distribution board & sub circuit zone","LP-H-3","Roughin"
"641b2077-962f-4619-9a88-2fbb0df06e84","","checklist-flat","not-started","AE-ITCX-030 - Cut-Out Sheet (Rev 1 +Names)","checklist-flat","FALSE","FALSE","HDC Site QA","Common Area Process","Distribution board & sub circuit zone","LP-H-3","Cut out"
"6ffeba30-dbb0-43da-9482-781858a7a613","","checklist-flat","not-started","AE-ITCX-031 - Fit-Off General Checklist (Rev 1 +Names)","checklist-flat","FALSE","FALSE","HDC Site QA","Common Area Process","Distribution board & sub circuit zone","LP-H-3","Fit off"
"e361723f-3bfa-4bb7-8189-ff235bbd9b67","","checklist-flat","not-started","AE-ITCX-031 - Fit-Off General Checklist (Rev 1 +Names)","checklist-flat","FALSE","FALSE","HDC Site QA","Common Area Process","Distribution board & sub circuit zone","LP-H-3","DB Fit off"
"5c535c79-c508-4ad1-8574-9da69613d82c","","checklist-flat","not-started","AE-ITCX-032 - Electrical Commissioning Checklist (Rev 0 +Names)","checklist-flat","FALSE","FALSE","HDC Site QA","Common Area Process","Distribution board & sub circuit zone","LP-H-3","Commissioining"
"81ad45ae-0c7a-43d8-b8cb-45c0609e1e63","","folder-normal","not-started","","step","TRUE","FALSE","HDC Site QA","Common Area Process","Distribution board & sub circuit zone","LP-H-G"
"141cda3d-ccec-408c-a2e5-6c90538d578e","","checklist-flat","not-started","AE-ITCX-029 - Rough-In Checklist (Rev 1 +Names)","checklist-flat","FALSE","FALSE","HDC Site QA","Common Area Process","Distribution board & sub circuit zone","LP-H-G","Roughin"
"2863dcd9-ed2a-43df-bf18-9cb162aa59c0","","checklist-flat","not-started","AE-ITCX-030 - Cut-Out Sheet (Rev 1 +Names)","checklist-flat","FALSE","FALSE","HDC Site QA","Common Area Process","Distribution board & sub circuit zone","LP-H-G","Cut out"
"c29a80c1-263f-4947-bcba-8886bfc8b056","","checklist-flat","not-started","AE-ITCX-031 - Fit-Off General Checklist (Rev 1 +Names)","checklist-flat","FALSE","FALSE","HDC Site QA","Common Area Process","Distribution board & sub circuit zone","LP-H-G","Fit off"
"769c116e-a858-4097-a693-cfd535b246b8","","checklist-flat","not-started","AE-ITCX-031 - Fit-Off General Checklist (Rev 1 +Names)","checklist-flat","FALSE","FALSE","HDC Site QA","Common Area Process","Distribution board & sub circuit zone","LP-H-G","DB Fit off"
"fdab0b81-493d-4687-b476-9b1a45a8b77f","","checklist-flat","not-started","AE-ITCX-032 - Electrical Commissioning Checklist (Rev 0 +Names)","checklist-flat","FALSE","FALSE","HDC Site QA","Common Area Process","Distribution board & sub circuit zone","LP-H-G","Commissioining"
"1726f2ed-492b-45af-8bb3-300b7b52ca79","","folder-normal","not-started","","step","TRUE","FALSE","HDC Site QA","Common Area Process","Distribution board & sub circuit zone","LP-H-RF"
"1ab78c13-357e-4b43-bde8-c96d95631f02","","checklist-flat","not-started","AE-ITCX-029 - Rough-In Checklist (Rev 1 +Names)","checklist-flat","FALSE","FALSE","HDC Site QA","Common Area Process","Distribution board & sub circuit zone","LP-H-RF","Roughin"
"9050fac8-f223-4b9d-9ed5-ce2ca46899f4","","checklist-flat","not-started","AE-ITCX-030 - Cut-Out Sheet (Rev 1 +Names)","checklist-flat","FALSE","FALSE","HDC Site QA","Common Area Process","Distribution board & sub circuit zone","LP-H-RF","Cut out"
"57b05160-afc7-4e0b-be51-a323778fbadb","","checklist-flat","not-started","AE-ITCX-031 - Fit-Off General Checklist (Rev 1 +Names)","checklist-flat","FALSE","FALSE","HDC Site QA","Common Area Process","Distribution board & sub circuit zone","LP-H-RF","Fit off"
"cf93e117-136f-411a-bac1-a1b6d8a03c96","","checklist-flat","not-started","AE-ITCX-031 - Fit-Off General Checklist (Rev 1 +Names)","checklist-flat","FALSE","FALSE","HDC Site QA","Common Area Process","Distribution board & sub circuit zone","LP-H-RF","DB Fit off"
"e73a868b-2c66-491c-baf9-be60d036161f","","checklist-flat","not-started","AE-ITCX-032 - Electrical Commissioning Checklist (Rev 0 +Names)","checklist-flat","FALSE","FALSE","HDC Site QA","Common Area Process","Distribution board & sub circuit zone","LP-H-RF","Commissioining"
"0b263c5f-e8ed-4d54-b5fe-d4b47ff77d3d","","folder-normal","work-in-progress","","step","TRUE","FALSE","HDC Site QA","Common Area Process","Distribution board & sub circuit zone","U-LP-1A"
"aaaf7ead-09aa-49ab-befe-f39e3cf2fe96","","checklist-flat","pass","d67088165c4526858b5eb155c32056c12aa0dc7ba855077b64ba063617a991ce","checklist-flat","FALSE","FALSE","HDC Site QA","Common Area Process","Distribution board & sub circuit zone","U-LP-1A","Roughin"
"38f091bb-394e-4660-beab-45a49b9ee25e","","checklist-flat","not-applicable","f41a8482c36a2254357ae12836fa98869af3ce684c1404562d5a55e61955360e","checklist-flat","FALSE","FALSE","HDC Site QA","Common Area Process","Distribution board & sub circuit zone","U-LP-1A","Cut out"
"93156bd3-066c-4a41-b7d7-134282d6cfe0","","checklist-flat","not-started","AE-ITCX-031 - Fit-Off General Checklist (Rev 1 +Names)","checklist-flat","FALSE","FALSE","HDC Site QA","Common Area Process","Distribution board & sub circuit zone","U-LP-1A","Fit off"
"ca82442a-d874-49e4-86e1-3f5ae6d53c45","","checklist-flat","not-started","AE-ITCX-032 - Electrical Commissioning Checklist (Rev 0 +Names)","checklist-flat","FALSE","FALSE","HDC Site QA","Common Area Process","Distribution board & sub circuit zone","U-LP-1A","Commissioning"
"660e69e8-10a2-4072-9773-fdd5ed512ce9","","checklist-flat","not-started","e2e9f5864b9cd14fb78dd1541cf6cc62c34224e3ba28ca382f369c05778c8d01","checklist-flat","FALSE","FALSE","HDC Site QA","Common Area Process","Distribution board & sub circuit zone","U-LP-1A","DB Fit off"
"2333fb85-21e5-49cd-92e8-751b0a4d80ca","","folder-normal","work-in-progress","","step","TRUE","FALSE","HDC Site QA","Common Area Process","Distribution board & sub circuit zone","U-LP-1B"
"f13c8db9-0a12-4c85-b434-4c49a303d3bf","","checklist-flat","pass","d67088165c4526858b5eb155c32056c12aa0dc7ba855077b64ba063617a991ce","checklist-flat","FALSE","FALSE","HDC Site QA","Common Area Process","Distribution board & sub circuit zone","U-LP-1B","Roughin"
"3526e18d-bad3-40c2-8ab7-f75ca016866f","","checklist-flat","not-started","AE-ITCX-030 - Cut-Out Sheet (Rev 1 +Names)","checklist-flat","FALSE","FALSE","HDC Site QA","Common Area Process","Distribution board & sub circuit zone","U-LP-1B","Cut out"
"95cc84e0-1b38-4374-8c2e-49bb17229c22","","checklist-flat","not-started","AE-ITCX-031 - Fit-Off General Checklist (Rev 1 +Names)","checklist-flat","FALSE","FALSE","HDC Site QA","Common Area Process","Distribution board & sub circuit zone","U-LP-1B","Fit off"
"7bfc450b-0fc7-4c3d-bce5-ec66bff101a3","","checklist-flat","not-started","e2e9f5864b9cd14fb78dd1541cf6cc62c34224e3ba28ca382f369c05778c8d01","checklist-flat","FALSE","FALSE","HDC Site QA","Common Area Process","Distribution board & sub circuit zone","U-LP-1B","DB Fit off"
"e961b6dc-81aa-46bb-ac46-9509a96c7368","","checklist-flat","not-started","AE-ITCX-032 - Electrical Commissioning Checklist (Rev 0 +Names)","checklist-flat","FALSE","FALSE","HDC Site QA","Common Area Process","Distribution board & sub circuit zone","U-LP-1B","Commissioning"
"2863ccf0-33c4-47d2-8b77-10a3061be91e","","folder-normal","work-in-progress","","step","TRUE","FALSE","HDC Site QA","Common Area Process","Distribution board & sub circuit zone","U-LP-2A"
"c0540549-ee1d-44f9-a574-56891bb9f620","","checklist-flat","pass","d67088165c4526858b5eb155c32056c12aa0dc7ba855077b64ba063617a991ce","checklist-flat","FALSE","FALSE","HDC Site QA","Common Area Process","Distribution board & sub circuit zone","U-LP-2A","Roughin"
"27907a3d-a51d-4f60-801d-01c60e4caf46","","checklist-flat","not-applicable","f41a8482c36a2254357ae12836fa98869af3ce684c1404562d5a55e61955360e","checklist-flat","FALSE","FALSE","HDC Site QA","Common Area Process","Distribution board & sub circuit zone","U-LP-2A","Cut out"
"984d3c92-51e5-4fbc-9b82-1c078a5bc8af","","checklist-flat","not-started","AE-ITCX-031 - Fit-Off General Checklist (Rev 1 +Names)","checklist-flat","FALSE","FALSE","HDC Site QA","Common Area Process","Distribution board & sub circuit zone","U-LP-2A","Fit off"
"6fd4ae09-7cc5-4276-a34b-546c849e98bd","","checklist-flat","not-started","e2e9f5864b9cd14fb78dd1541cf6cc62c34224e3ba28ca382f369c05778c8d01","checklist-flat","FALSE","FALSE","HDC Site QA","Common Area Process","Distribution board & sub circuit zone","U-LP-2A","DB Fit off"
"b05b5c98-8753-4532-990a-4d4395cc3232","","checklist-flat","not-started","AE-ITCX-032 - Electrical Commissioning Checklist (Rev 0 +Names)","checklist-flat","FALSE","FALSE","HDC Site QA","Common Area Process","Distribution board & sub circuit zone","U-LP-2A","Commissioning"
"87d434a0-5293-441a-a14b-1af5152e21eb","","folder-normal","work-in-progress","","step","TRUE","FALSE","HDC Site QA","Common Area Process","Distribution board & sub circuit zone","U-LP-2B"
"0f33414a-90ee-4ea9-aec3-a6186a179372","","checklist-flat","pass","d67088165c4526858b5eb155c32056c12aa0dc7ba855077b64ba063617a991ce","checklist-flat","FALSE","FALSE","HDC Site QA","Common Area Process","Distribution board & sub circuit zone","U-LP-2B","Roughin"
"a2005b16-1c7a-4998-a92b-9d56d94bd703","","checklist-flat","not-applicable","f41a8482c36a2254357ae12836fa98869af3ce684c1404562d5a55e61955360e","checklist-flat","FALSE","FALSE","HDC Site QA","Common Area Process","Distribution board & sub circuit zone","U-LP-2B","Cut out"
"f6f8b723-a00b-42ad-b084-a520125d7a2f","","checklist-flat","not-started","AE-ITCX-031 - Fit-Off General Checklist (Rev 1 +Names)","checklist-flat","FALSE","FALSE","HDC Site QA","Common Area Process","Distribution board & sub circuit zone","U-LP-2B","Fit off"
"7bd4e205-37f3-4e73-bf64-7878649768a8","","checklist-flat","not-started","e2e9f5864b9cd14fb78dd1541cf6cc62c34224e3ba28ca382f369c05778c8d01","checklist-flat","FALSE","FALSE","HDC Site QA","Common Area Process","Distribution board & sub circuit zone","U-LP-2B","DB Fit off"
"304e957b-eacb-4c1d-838a-c0db7f2b058c","","checklist-flat","not-started","AE-ITCX-032 - Electrical Commissioning Checklist (Rev 0 +Names)","checklist-flat","FALSE","FALSE","HDC Site QA","Common Area Process","Distribution board & sub circuit zone","U-LP-2B","Commissioning"
"1c0b6096-738e-467d-ada5-fb280312e4c5","","folder-normal","not-started","","step","TRUE","FALSE","HDC Site QA","Common Area Process","Distribution board & sub circuit zone","U-LP-H-G"
"296bf6e1-bd89-43b0-810c-81eab4b6da57","","checklist-flat","not-started","AE-ITCX-029 - Rough-In Checklist (Rev 1 +Names)","checklist-flat","FALSE","FALSE","HDC Site QA","Common Area Process","Distribution board & sub circuit zone","U-LP-H-G","Roughin"
"29a45f4e-d00e-4726-a8ae-af92033ef98d","","checklist-flat","not-started","AE-ITCX-030 - Cut-Out Sheet (Rev 1 +Names)","checklist-flat","FALSE","FALSE","HDC Site QA","Common Area Process","Distribution board & sub circuit zone","U-LP-H-G","Cut out"
"d897c6a2-17dd-4bae-8a95-fb14b2049103","","checklist-flat","not-started","AE-ITCX-031 - Fit-Off General Checklist (Rev 1 +Names)","checklist-flat","FALSE","FALSE","HDC Site QA","Common Area Process","Distribution board & sub circuit zone","U-LP-H-G","Fit off"
"d4926d9a-738a-4ac0-b0a7-207416ec4838","","checklist-flat","not-started","AE-ITCX-031 - Fit-Off General Checklist (Rev 1 +Names)","checklist-flat","FALSE","FALSE","HDC Site QA","Common Area Process","Distribution board & sub circuit zone","U-LP-H-G","DB Fit off"
"7f506a6c-2f2f-4d0d-9211-2ac2da3ab97a","","checklist-flat","not-started","AE-ITCX-032 - Electrical Commissioning Checklist (Rev 0 +Names)","checklist-flat","FALSE","FALSE","HDC Site QA","Common Area Process","Distribution board & sub circuit zone","U-LP-H-G","Commissioining"
"64ca3730-06d1-4dc5-8c6d-b000f5c70bf5","","folder-normal","not-started","","step","TRUE","FALSE","HDC Site QA","Common Area Process","Distribution board & sub circuit zone","U-LP-H-1"
"9c124450-66c5-45e6-9b0d-c24ec025f929","","checklist-flat","not-started","AE-ITCX-029 - Rough-In Checklist (Rev 1 +Names)","checklist-flat","FALSE","FALSE","HDC Site QA","Common Area Process","Distribution board & sub circuit zone","U-LP-H-1","Roughin"
"ff411a71-237a-4fe6-9ad5-6853fd6eb8e8","","checklist-flat","not-started","AE-ITCX-030 - Cut-Out Sheet (Rev 1 +Names)","checklist-flat","FALSE","FALSE","HDC Site QA","Common Area Process","Distribution board & sub circuit zone","U-LP-H-1","Cut out"
"b43216c6-9825-4c88-a3cc-892cd6ca7a4e","","checklist-flat","not-started","AE-ITCX-031 - Fit-Off General Checklist (Rev 1 +Names)","checklist-flat","FALSE","FALSE","HDC Site QA","Common Area Process","Distribution board & sub circuit zone","U-LP-H-1","Fit off"
"1ae2ca71-2c44-4895-8693-a3c6fe4ae671","","checklist-flat","not-started","AE-ITCX-031 - Fit-Off General Checklist (Rev 1 +Names)","checklist-flat","FALSE","FALSE","HDC Site QA","Common Area Process","Distribution board & sub circuit zone","U-LP-H-1","DB Fit off"
"5285afce-c2f4-4e9a-be7e-5fdca24cba82","","checklist-flat","not-started","AE-ITCX-032 - Electrical Commissioning Checklist (Rev 0 +Names)","checklist-flat","FALSE","FALSE","HDC Site QA","Common Area Process","Distribution board & sub circuit zone","U-LP-H-1","Commissioining"
"93dfb4f0-d328-4279-a875-62870f65c753","","folder-normal","not-started","","step","TRUE","FALSE","HDC Site QA","Common Area Process","Distribution board & sub circuit zone","U-LP-H-2"
"0a92a44b-ac4b-4c69-b76c-72e2b4a50d20","","checklist-flat","not-started","AE-ITCX-029 - Rough-In Checklist (Rev 1 +Names)","checklist-flat","FALSE","FALSE","HDC Site QA","Common Area Process","Distribution board & sub circuit zone","U-LP-H-2","Roughin"
"d91c1a66-c95b-4a97-80bd-a2920cf3350f","","checklist-flat","not-started","AE-ITCX-030 - Cut-Out Sheet (Rev 1 +Names)","checklist-flat","FALSE","FALSE","HDC Site QA","Common Area Process","Distribution board & sub circuit zone","U-LP-H-2","Cut out"
"88d39fb7-f11e-4340-869e-0347133194a5","","checklist-flat","not-started","AE-ITCX-031 - Fit-Off General Checklist (Rev 1 +Names)","checklist-flat","FALSE","FALSE","HDC Site QA","Common Area Process","Distribution board & sub circuit zone","U-LP-H-2","Fit off"
"245e9cf6-445d-4718-abfb-06d8746d8256","","checklist-flat","not-started","AE-ITCX-031 - Fit-Off General Checklist (Rev 1 +Names)","checklist-flat","FALSE","FALSE","HDC Site QA","Common Area Process","Distribution board & sub circuit zone","U-LP-H-2","DB Fit off"
"2802c6d4-75fd-4ca3-9356-2b94b41527a7","","checklist-flat","not-started","AE-ITCX-032 - Electrical Commissioning Checklist (Rev 0 +Names)","checklist-flat","FALSE","FALSE","HDC Site QA","Common Area Process","Distribution board & sub circuit zone","U-LP-H-2","Commissioining"
"456507dd-2f32-4cb7-905e-ec2d3d82c28f","","folder-normal","not-started","","step","TRUE","FALSE","HDC Site QA","Common Area Process","Distribution board & sub circuit zone","U-LP-H-2B"
"1cac11b3-e9fd-4d10-b225-d4729d47ca17","","checklist-flat","not-started","AE-ITCX-029 - Rough-In Checklist (Rev 1 +Names)","checklist-flat","FALSE","FALSE","HDC Site QA","Common Area Process","Distribution board & sub circuit zone","U-LP-H-2B","Roughin"
"98120847-4633-4f99-b94e-5f2d9cadd202","","checklist-flat","not-started","AE-ITCX-030 - Cut-Out Sheet (Rev 1 +Names)","checklist-flat","FALSE","FALSE","HDC Site QA","Common Area Process","Distribution board & sub circuit zone","U-LP-H-2B","Cut out"
"603490ec-0fb2-4c4b-accb-76e4a344f7ae","","checklist-flat","not-started","AE-ITCX-031 - Fit-Off General Checklist (Rev 1 +Names)","checklist-flat","FALSE","FALSE","HDC Site QA","Common Area Process","Distribution board & sub circuit zone","U-LP-H-2B","Fit off"
"b187e65c-59a0-4c66-b2f1-50c27cdad315","","checklist-flat","not-started","AE-ITCX-031 - Fit-Off General Checklist (Rev 1 +Names)","checklist-flat","FALSE","FALSE","HDC Site QA","Common Area Process","Distribution board & sub circuit zone","U-LP-H-2B","DB Fit off"
"ae228301-4d0d-4505-a30c-b20a4960bc03","","checklist-flat","not-started","AE-ITCX-032 - Electrical Commissioning Checklist (Rev 0 +Names)","checklist-flat","FALSE","FALSE","HDC Site QA","Common Area Process","Distribution board & sub circuit zone","U-LP-H-2B","Commissioining"
"33fd7bca-063b-4b40-814d-ae810a32d3bd","","folder-normal","not-started","","step","TRUE","FALSE","HDC Site QA","Common Area Process","Distribution board & sub circuit zone","U-LP-H-3"
"d07a8447-1a31-4051-8f65-487639f48825","","checklist-flat","not-started","AE-ITCX-029 - Rough-In Checklist (Rev 1 +Names)","checklist-flat","FALSE","FALSE","HDC Site QA","Common Area Process","Distribution board & sub circuit zone","U-LP-H-3","Roughin"
"5c85b538-b613-4b80-a213-9732e5d3f939","","checklist-flat","not-started","AE-ITCX-030 - Cut-Out Sheet (Rev 1 +Names)","checklist-flat","FALSE","FALSE","HDC Site QA","Common Area Process","Distribution board & sub circuit zone","U-LP-H-3","Cut out"
"f1ffba51-e2b2-45e0-863e-a9c0885d8b2f","","checklist-flat","not-started","AE-ITCX-031 - Fit-Off General Checklist (Rev 1 +Names)","checklist-flat","FALSE","FALSE","HDC Site QA","Common Area Process","Distribution board & sub circuit zone","U-LP-H-3","Fit off"
"25a209b2-b7ec-4191-abda-ecfd060b14d0","","checklist-flat","not-started","AE-ITCX-031 - Fit-Off General Checklist (Rev 1 +Names)","checklist-flat","FALSE","FALSE","HDC Site QA","Common Area Process","Distribution board & sub circuit zone","U-LP-H-3","DB Fit off"
"21b8555f-c0d6-44d4-a627-b6e002a7583a","","checklist-flat","not-started","AE-ITCX-032 - Electrical Commissioning Checklist (Rev 0 +Names)","checklist-flat","FALSE","FALSE","HDC Site QA","Common Area Process","Distribution board & sub circuit zone","U-LP-H-3","Commissioining"
"00c2fe3d-ead9-4985-9701-a4162d6e9072","","folder-normal","not-started","","step","TRUE","FALSE","HDC Site QA","Common Area Process","Distribution board & sub circuit zone","U-LP-H-RF"
"5a4b56e0-8a92-4447-9c6c-7ef0bb9dea18","","checklist-flat","not-started","AE-ITCX-029 - Rough-In Checklist (Rev 1 +Names)","checklist-flat","FALSE","FALSE","HDC Site QA","Common Area Process","Distribution board & sub circuit zone","U-LP-H-RF","Roughin"
"52820402-59f2-4075-a732-b1993b5c9b30","","checklist-flat","not-started","AE-ITCX-030 - Cut-Out Sheet (Rev 1 +Names)","checklist-flat","FALSE","FALSE","HDC Site QA","Common Area Process","Distribution board & sub circuit zone","U-LP-H-RF","Cut out"
"56088cef-5cd1-4790-a1b5-490700ae9034","","checklist-flat","not-started","AE-ITCX-031 - Fit-Off General Checklist (Rev 1 +Names)","checklist-flat","FALSE","FALSE","HDC Site QA","Common Area Process","Distribution board & sub circuit zone","U-LP-H-RF","Fit off"
"8c2035d7-b67a-4b0b-b958-d9d3e53c6ee0","","checklist-flat","not-started","AE-ITCX-031 - Fit-Off General Checklist (Rev 1 +Names)","checklist-flat","FALSE","FALSE","HDC Site QA","Common Area Process","Distribution board & sub circuit zone","U-LP-H-RF","DB Fit off"
"1691f90c-7783-436b-9c04-43b76da401f3","","checklist-flat","not-started","AE-ITCX-032 - Electrical Commissioning Checklist (Rev 0 +Names)","checklist-flat","FALSE","FALSE","HDC Site QA","Common Area Process","Distribution board & sub circuit zone","U-LP-H-RF","Commissioining"
"79885da6-5f75-4ba2-8265-f345f936651e","","folder-normal","work-in-progress","","step","TRUE","FALSE","HDC Site QA","Main Reticulation"
"13e14dee-8a96-4ed9-888f-079ffacf0848","","folder-normal","work-in-progress","","step","TRUE","FALSE","HDC Site QA","Main Reticulation","MSB Installation"
"649a5959-1b24-40fb-91f1-c5ae348474e9","","checklist-flat","work-in-progress","240f2a97eca9eeabb762c5c96fddde7064b7fa0fdd6be59ef7d6e675aa540ce2","checklist-flat","FALSE","FALSE","HDC Site QA","Main Reticulation","MSB Installation","MVSB1-1"
"851db483-115d-4854-8b3c-b76d4b33e6aa","","checklist-flat","not-started","_RPL - AE-ITCX-011 - Main Switchboard Inspection Sheet (Rev 0 +Names)","checklist-flat","FALSE","FALSE","HDC Site QA","Main Reticulation","MSB Installation","MVSB1-2"
"97855e36-0508-47c8-9baa-2be1cd2d80a2","","checklist-flat","not-started","_RPL - AE-ITCX-011 - Main Switchboard Inspection Sheet (Rev 0 +Names)","checklist-flat","FALSE","FALSE","HDC Site QA","Main Reticulation","MSB Installation","MVSB1-3"
"043a273b-122d-446a-84aa-0fe43f0fde99","","checklist-flat","not-started","_RPL - AE-ITCX-011 - Main Switchboard Inspection Sheet (Rev 0 +Names)","checklist-flat","FALSE","FALSE","HDC Site QA","Main Reticulation","MSB Installation","MVSB1-4"
"d2e6a353-3366-4918-822d-4dc5d1395a6b","","folder-normal","not-started","","step","TRUE","FALSE","HDC Site QA","Main Reticulation","MEN and MSB CT & Meter Panel Installation"
"6946e9a7-9c78-4fa9-a8cd-cdc4a338d924","","checklist-flat","not-started","_RPL - AE-ITCX-011 - Main Switchboard Inspection Sheet (Rev 0 +Names)","checklist-flat","FALSE","FALSE","HDC Site QA","Main Reticulation","MEN and MSB CT & Meter Panel Installation","MVSB1-1"
"03854901-4a5c-4e31-8f9b-c804fadea2cc","","checklist-flat","not-started","_RPL - AE-ITCX-011 - Main Switchboard Inspection Sheet (Rev 0 +Names)","checklist-flat","FALSE","FALSE","HDC Site QA","Main Reticulation","MEN and MSB CT & Meter Panel Installation","MVSB1-2"
"ae0c7bc6-b390-4268-8a0b-a8e79b1b3c0a","","checklist-flat","not-started","_RPL - AE-ITCX-011 - Main Switchboard Inspection Sheet (Rev 0 +Names)","checklist-flat","FALSE","FALSE","HDC Site QA","Main Reticulation","MEN and MSB CT & Meter Panel Installation","MVSB1-3"
"f9341c92-4a23-4318-af79-367a8e09180f","","checklist-flat","not-started","_RPL - AE-ITCX-011 - Main Switchboard Inspection Sheet (Rev 0 +Names)","checklist-flat","FALSE","FALSE","HDC Site QA","Main Reticulation","MEN and MSB CT & Meter Panel Installation","MVSB1-4"
"cb266109-4768-4ec6-8909-bceba6a9f5d9","","folder-normal","not-started","","step","TRUE","FALSE","HDC Site QA","Main Reticulation","TOB Installation"
"cab47fe2-4e21-4818-b167-46f846688b1d","","folder-normal","not-started","","step","TRUE","FALSE","HDC Site QA","Main Reticulation","TOB Installation","C-TOB-1A-01"
"dd24eee3-ae53-4e58-8563-b5cc72d6564a","","checklist-flat","not-started","_RPL - AE-ITCX-013 - T-Off Visual Inspection Test (Rev 0 +Names)","checklist-flat","FALSE","FALSE","HDC Site QA","Main Reticulation","TOB Installation","C-TOB-1A-01","Visual Inspection"
"c95a22f9-fc31-46ae-913e-51fc7c1ef06c","","checklist-sectioned","not-started","_RPL - AE-ITCX-010 - Torque Settings for Bolts (Rev 0 +Names)","checklist","FALSE","FALSE","HDC Site QA","Main Reticulation","TOB Installation","C-TOB-1A-01","Torque Settings"
"35ec857d-c94d-4e40-966e-279273d47541","","folder-normal","not-started","","step","TRUE","FALSE","HDC Site QA","Main Reticulation","TOB Installation","C-TOB-1A-02"
"1628443e-0d5b-48f6-8fe6-f3b349e5e3c5","","checklist-flat","not-started","_RPL - AE-ITCX-013 - T-Off Visual Inspection Test (Rev 0 +Names)","checklist-flat","FALSE","FALSE","HDC Site QA","Main Reticulation","TOB Installation","C-TOB-1A-02","Visual Inspection"
"1725bea3-000f-4cd7-a3db-7a13db9180fb","","checklist-sectioned","not-started","_RPL - AE-ITCX-010 - Torque Settings for Bolts (Rev 0 +Names)","checklist","FALSE","FALSE","HDC Site QA","Main Reticulation","TOB Installation","C-TOB-1A-02","Torque Settings"
"bb83e8ff-d051-41d1-8f68-b7e0c87d8b50","","folder-normal","not-started","","step","TRUE","FALSE","HDC Site QA","Main Reticulation","TOB Installation","C-TOB-1A-03"
"34fe1de3-0a72-493b-8c2a-91fdd670ac9a","","checklist-flat","not-started","_RPL - AE-ITCX-013 - T-Off Visual Inspection Test (Rev 0 +Names)","checklist-flat","FALSE","FALSE","HDC Site QA","Main Reticulation","TOB Installation","C-TOB-1A-03","Visual Inspection"
"2c03e42c-a010-4b31-bc44-df2bf086c63f","","checklist-sectioned","not-started","_RPL - AE-ITCX-010 - Torque Settings for Bolts (Rev 0 +Names)","checklist","FALSE","FALSE","HDC Site QA","Main Reticulation","TOB Installation","C-TOB-1A-03","Torque Settings"
"f773043d-540d-4792-bc33-4adf8ff11edf","","folder-normal","not-started","","step","TRUE","FALSE","HDC Site QA","Main Reticulation","TOB Installation","C-TOB-1A-04"
"d745e9a2-6558-407a-9668-fa8828d25bfb","","checklist-flat","not-started","_RPL - AE-ITCX-013 - T-Off Visual Inspection Test (Rev 0 +Names)","checklist-flat","FALSE","FALSE","HDC Site QA","Main Reticulation","TOB Installation","C-TOB-1A-04","Visual Inspection"
"1549eb49-6594-489d-8758-e330c0469817","","checklist-sectioned","not-started","_RPL - AE-ITCX-010 - Torque Settings for Bolts (Rev 0 +Names)","checklist","FALSE","FALSE","HDC Site QA","Main Reticulation","TOB Installation","C-TOB-1A-04","Torque Settings"
"10a090b5-a173-4efc-a7b7-25681fe77e08","","folder-normal","not-started","","step","TRUE","FALSE","HDC Site QA","Main Reticulation","TOB Installation","C-TOB-1A-05"
"e03389b2-05e2-4265-93ea-38ab44ca601b","","checklist-flat","not-started","_RPL - AE-ITCX-013 - T-Off Visual Inspection Test (Rev 0 +Names)","checklist-flat","FALSE","FALSE","HDC Site QA","Main Reticulation","TOB Installation","C-TOB-1A-05","Visual Inspection"
"b5925912-8ea0-4b2a-92cf-959f4503d747","","checklist-sectioned","not-started","_RPL - AE-ITCX-010 - Torque Settings for Bolts (Rev 0 +Names)","checklist","FALSE","FALSE","HDC Site QA","Main Reticulation","TOB Installation","C-TOB-1A-05","Torque Settings"
"5619f681-9a69-439e-8467-0e2f6c9ae1be","","folder-normal","not-started","","step","TRUE","FALSE","HDC Site QA","Main Reticulation","TOB Installation","C-TOB-1A-06"
"9018643d-e8b5-48ee-90d2-8705cc449b66","","checklist-flat","not-started","_RPL - AE-ITCX-013 - T-Off Visual Inspection Test (Rev 0 +Names)","checklist-flat","FALSE","FALSE","HDC Site QA","Main Reticulation","TOB Installation","C-TOB-1A-06","Visual Inspection"
"ff79f912-7c31-4225-bee7-611d01c0b9f8","","checklist-sectioned","not-started","_RPL - AE-ITCX-010 - Torque Settings for Bolts (Rev 0 +Names)","checklist","FALSE","FALSE","HDC Site QA","Main Reticulation","TOB Installation","C-TOB-1A-06","Torque Settings"
"594a0df0-b075-4cb8-8087-c41c1fc9f8b3","","folder-normal","not-started","","step","TRUE","FALSE","HDC Site QA","Main Reticulation","TOB Installation","C-TOB-1A-07"
"229f7a64-b0cf-46a4-8eed-57a97db08e87","","checklist-flat","not-started","_RPL - AE-ITCX-013 - T-Off Visual Inspection Test (Rev 0 +Names)","checklist-flat","FALSE","FALSE","HDC Site QA","Main Reticulation","TOB Installation","C-TOB-1A-07","Visual Inspection"
"34541665-dfb7-4e3e-bcb2-bf0e2e58f1c2","","checklist-sectioned","not-started","_RPL - AE-ITCX-010 - Torque Settings for Bolts (Rev 0 +Names)","checklist","FALSE","FALSE","HDC Site QA","Main Reticulation","TOB Installation","C-TOB-1A-07","Torque Settings"
"9dc3670d-a571-4ffe-a8d9-2d60949abe0a","","folder-normal","not-started","","step","TRUE","FALSE","HDC Site QA","Main Reticulation","TOB Installation","C-TOB-1A-08"
"bab401dd-0fec-43db-8ddd-cd734d813da3","","checklist-flat","not-started","_RPL - AE-ITCX-013 - T-Off Visual Inspection Test (Rev 0 +Names)","checklist-flat","FALSE","FALSE","HDC Site QA","Main Reticulation","TOB Installation","C-TOB-1A-08","Visual Inspection"
"02ec6e29-260e-4887-9795-8c97a42a8ae2","","checklist-sectioned","not-started","_RPL - AE-ITCX-010 - Torque Settings for Bolts (Rev 0 +Names)","checklist","FALSE","FALSE","HDC Site QA","Main Reticulation","TOB Installation","C-TOB-1A-08","Torque Settings"
"d4298e0b-7cc7-46e8-b811-27f73a7c576c","","folder-normal","not-started","","step","TRUE","FALSE","HDC Site QA","Main Reticulation","TOB Installation","C-TOB-1B-01"
"e368e1a7-9f3d-4333-a6a7-ec32d22c4803","","checklist-flat","not-started","_RPL - AE-ITCX-013 - T-Off Visual Inspection Test (Rev 0 +Names)","checklist-flat","FALSE","FALSE","HDC Site QA","Main Reticulation","TOB Installation","C-TOB-1B-01","Visual Inspection"
"d4a41dcf-b974-4d95-ac0d-957e557114bc","","checklist-sectioned","not-started","_RPL - AE-ITCX-010 - Torque Settings for Bolts (Rev 0 +Names)","checklist","FALSE","FALSE","HDC Site QA","Main Reticulation","TOB Installation","C-TOB-1B-01","Torque Settings"
"72bea462-64cd-478c-b004-b5a0282f81c9","","folder-normal","not-started","","step","TRUE","FALSE","HDC Site QA","Main Reticulation","TOB Installation","C-TOB-1B-02"
"597b601c-8ce0-4d5a-be77-de85e366c7cc","","checklist-flat","not-started","_RPL - AE-ITCX-013 - T-Off Visual Inspection Test (Rev 0 +Names)","checklist-flat","FALSE","FALSE","HDC Site QA","Main Reticulation","TOB Installation","C-TOB-1B-02","Visual Inspection"
"423f0d50-ff23-4c77-8643-a74f7d473cb7","","checklist-sectioned","not-started","_RPL - AE-ITCX-010 - Torque Settings for Bolts (Rev 0 +Names)","checklist","FALSE","FALSE","HDC Site QA","Main Reticulation","TOB Installation","C-TOB-1B-02","Torque Settings"
"883b8711-d54b-4869-83ea-eea52ce9b277","","folder-normal","not-started","","step","TRUE","FALSE","HDC Site QA","Main Reticulation","TOB Installation","C-TOB-1B-03"
"4655edeb-2310-430b-acf8-900151628573","","checklist-flat","not-started","_RPL - AE-ITCX-013 - T-Off Visual Inspection Test (Rev 0 +Names)","checklist-flat","FALSE","FALSE","HDC Site QA","Main Reticulation","TOB Installation","C-TOB-1B-03","Visual Inspection"
"48e1a0ad-164a-4070-a809-fde7e5120a73","","checklist-sectioned","not-started","_RPL - AE-ITCX-010 - Torque Settings for Bolts (Rev 0 +Names)","checklist","FALSE","FALSE","HDC Site QA","Main Reticulation","TOB Installation","C-TOB-1B-03","Torque Settings"
"b1313f3a-e187-4f20-9c00-f66d51d23296","","folder-normal","not-started","","step","TRUE","FALSE","HDC Site QA","Main Reticulation","TOB Installation","C-TOB-1B-04"
"18b96048-45c2-468e-92bb-6001dc44b62b","","checklist-flat","not-started","_RPL - AE-ITCX-013 - T-Off Visual Inspection Test (Rev 0 +Names)","checklist-flat","FALSE","FALSE","HDC Site QA","Main Reticulation","TOB Installation","C-TOB-1B-04","Visual Inspection"
"d55f61cd-7a81-45d6-ac0d-199b37964c85","","checklist-sectioned","not-started","_RPL - AE-ITCX-010 - Torque Settings for Bolts (Rev 0 +Names)","checklist","FALSE","FALSE","HDC Site QA","Main Reticulation","TOB Installation","C-TOB-1B-04","Torque Settings"
"97d6377e-6ed5-4270-a234-567db63e6b64","","folder-normal","not-started","","step","TRUE","FALSE","HDC Site QA","Main Reticulation","TOB Installation","C-TOB-1B-05"
"278d9549-6089-4f14-be64-c17211638790","","checklist-flat","not-started","_RPL - AE-ITCX-013 - T-Off Visual Inspection Test (Rev 0 +Names)","checklist-flat","FALSE","FALSE","HDC Site QA","Main Reticulation","TOB Installation","C-TOB-1B-05","Visual Inspection"
"364bebcf-5481-41d3-9981-9bba762606c8","","checklist-sectioned","not-started","_RPL - AE-ITCX-010 - Torque Settings for Bolts (Rev 0 +Names)","checklist","FALSE","FALSE","HDC Site QA","Main Reticulation","TOB Installation","C-TOB-1B-05","Torque Settings"
"42f6d589-60d2-499d-a946-707e73d974bd","","folder-normal","not-started","","step","TRUE","FALSE","HDC Site QA","Main Reticulation","TOB Installation","C-TOB-1B-06"
"a0ea0075-663f-4205-9282-bc8f80189aed","","checklist-flat","not-started","_RPL - AE-ITCX-013 - T-Off Visual Inspection Test (Rev 0 +Names)","checklist-flat","FALSE","FALSE","HDC Site QA","Main Reticulation","TOB Installation","C-TOB-1B-06","Visual Inspection"
"58525600-2643-44fd-ab26-ccd5b6bd7235","","checklist-sectioned","not-started","_RPL - AE-ITCX-010 - Torque Settings for Bolts (Rev 0 +Names)","checklist","FALSE","FALSE","HDC Site QA","Main Reticulation","TOB Installation","C-TOB-1B-06","Torque Settings"
"905ba7c2-4461-41f5-a421-8addef17e4bd","","folder-normal","not-started","","step","TRUE","FALSE","HDC Site QA","Main Reticulation","TOB Installation","C-TOB-1B-07"
"fe6f3423-4b81-4b9d-98b0-8abbc2705193","","checklist-flat","not-started","_RPL - AE-ITCX-013 - T-Off Visual Inspection Test (Rev 0 +Names)","checklist-flat","FALSE","FALSE","HDC Site QA","Main Reticulation","TOB Installation","C-TOB-1B-07","Visual Inspection"
"33f9d589-56ac-4699-baad-e2bb5f132fb8","","checklist-sectioned","not-started","_RPL - AE-ITCX-010 - Torque Settings for Bolts (Rev 0 +Names)","checklist","FALSE","FALSE","HDC Site QA","Main Reticulation","TOB Installation","C-TOB-1B-07","Torque Settings"
"81941e07-128d-4c92-996f-efd8a702d71e","","folder-normal","not-started","","step","TRUE","FALSE","HDC Site QA","Main Reticulation","TOB Installation","C-TOB-1B-08"
"7284b7ad-9d7d-4f93-aef9-8a1e0c55e018","","checklist-flat","not-started","_RPL - AE-ITCX-013 - T-Off Visual Inspection Test (Rev 0 +Names)","checklist-flat","FALSE","FALSE","HDC Site QA","Main Reticulation","TOB Installation","C-TOB-1B-08","Visual Inspection"
"f561dcd4-cc54-4586-a501-bda77ebd7405","","checklist-sectioned","not-started","_RPL - AE-ITCX-010 - Torque Settings for Bolts (Rev 0 +Names)","checklist","FALSE","FALSE","HDC Site QA","Main Reticulation","TOB Installation","C-TOB-1B-08","Torque Settings"
"44637771-2f82-48db-809e-aad3d7cca9b2","","folder-normal","not-started","","step","TRUE","FALSE","HDC Site QA","Main Reticulation","TOB Installation","C-TOB-2A-01"
"f953014f-ba4c-457b-83ee-2582b45b4174","","checklist-flat","not-started","_RPL - AE-ITCX-013 - T-Off Visual Inspection Test (Rev 0 +Names)","checklist-flat","FALSE","FALSE","HDC Site QA","Main Reticulation","TOB Installation","C-TOB-2A-01","Visual Inspection"
"e5724e54-b5b6-4731-8ecc-ab440571b208","","checklist-sectioned","not-started","_RPL - AE-ITCX-010 - Torque Settings for Bolts (Rev 0 +Names)","checklist","FALSE","FALSE","HDC Site QA","Main Reticulation","TOB Installation","C-TOB-2A-01","Torque Settings"
"8b27f21a-42fb-4676-8efb-1944924b2321","","folder-normal","not-started","","step","TRUE","FALSE","HDC Site QA","Main Reticulation","TOB Installation","C-TOB-2A-02"
"5be376c4-7ab2-4bd8-b6fa-10b1207d3bb9","","checklist-flat","not-started","_RPL - AE-ITCX-013 - T-Off Visual Inspection Test (Rev 0 +Names)","checklist-flat","FALSE","FALSE","HDC Site QA","Main Reticulation","TOB Installation","C-TOB-2A-02","Visual Inspection"
"db0180bd-2dd1-46da-9f7f-cbc5eff1f8dc","","checklist-sectioned","not-started","_RPL - AE-ITCX-010 - Torque Settings for Bolts (Rev 0 +Names)","checklist","FALSE","FALSE","HDC Site QA","Main Reticulation","TOB Installation","C-TOB-2A-02","Torque Settings"
"03a39fe5-5d5f-434f-8273-1217a3493bbb","","folder-normal","not-started","","step","TRUE","FALSE","HDC Site QA","Main Reticulation","TOB Installation","C-TOB-2A-03"
"50868e39-f4e3-41e5-83ec-e79b8652f8df","","checklist-flat","not-started","_RPL - AE-ITCX-013 - T-Off Visual Inspection Test (Rev 0 +Names)","checklist-flat","FALSE","FALSE","HDC Site QA","Main Reticulation","TOB Installation","C-TOB-2A-03","Visual Inspection"
"5049e84c-57b7-4053-bacf-b631abb3cb4e","","checklist-sectioned","not-started","_RPL - AE-ITCX-010 - Torque Settings for Bolts (Rev 0 +Names)","checklist","FALSE","FALSE","HDC Site QA","Main Reticulation","TOB Installation","C-TOB-2A-03","Torque Settings"
"620d7b02-b1df-427a-a62d-b7f396bdffed","","folder-normal","not-started","","step","TRUE","FALSE","HDC Site QA","Main Reticulation","TOB Installation","C-TOB-2A-04"
"6ae9be03-f2c5-46d3-aa9d-22e6a6e5d7b0","","checklist-flat","not-started","_RPL - AE-ITCX-013 - T-Off Visual Inspection Test (Rev 0 +Names)","checklist-flat","FALSE","FALSE","HDC Site QA","Main Reticulation","TOB Installation","C-TOB-2A-04","Visual Inspection"
"ca79a41d-1b42-4cb3-84f1-077cd34b083d","","checklist-sectioned","not-started","_RPL - AE-ITCX-010 - Torque Settings for Bolts (Rev 0 +Names)","checklist","FALSE","FALSE","HDC Site QA","Main Reticulation","TOB Installation","C-TOB-2A-04","Torque Settings"
"b1f4578d-9b82-4e6b-aa38-071e47daa855","","folder-normal","not-started","","step","TRUE","FALSE","HDC Site QA","Main Reticulation","TOB Installation","C-TOB-2A-05"
"cbaaa756-e9e3-4e8f-873f-be5d142ca058","","checklist-flat","not-started","_RPL - AE-ITCX-013 - T-Off Visual Inspection Test (Rev 0 +Names)","checklist-flat","FALSE","FALSE","HDC Site QA","Main Reticulation","TOB Installation","C-TOB-2A-05","Visual Inspection"
"ba85c183-8ea7-4652-93db-ad38afb6076b","","checklist-sectioned","not-started","_RPL - AE-ITCX-010 - Torque Settings for Bolts (Rev 0 +Names)","checklist","FALSE","FALSE","HDC Site QA","Main Reticulation","TOB Installation","C-TOB-2A-05","Torque Settings"
"95f0c4b4-4391-466d-a0cb-e49f15a0adbd","","folder-normal","not-started","","step","TRUE","FALSE","HDC Site QA","Main Reticulation","TOB Installation","C-TOB-2A-06"
"a5982aeb-72b3-455b-85c2-8f366a468f86","","checklist-flat","not-started","_RPL - AE-ITCX-013 - T-Off Visual Inspection Test (Rev 0 +Names)","checklist-flat","FALSE","FALSE","HDC Site QA","Main Reticulation","TOB Installation","C-TOB-2A-06","Visual Inspection"
"9be4dd41-8f79-43a9-aa3d-94a68ba48c0a","","checklist-sectioned","not-started","_RPL - AE-ITCX-010 - Torque Settings for Bolts (Rev 0 +Names)","checklist","FALSE","FALSE","HDC Site QA","Main Reticulation","TOB Installation","C-TOB-2A-06","Torque Settings"
"ff93dce4-e09a-4ec4-8085-6fc80735ce78","","folder-normal","not-started","","step","TRUE","FALSE","HDC Site QA","Main Reticulation","TOB Installation","C-TOB-2A-07"
"ad3bae30-813b-4f9c-9da6-eba05ab949eb","","checklist-flat","not-started","_RPL - AE-ITCX-013 - T-Off Visual Inspection Test (Rev 0 +Names)","checklist-flat","FALSE","FALSE","HDC Site QA","Main Reticulation","TOB Installation","C-TOB-2A-07","Visual Inspection"
"078c39fd-65cf-4b2f-bcf6-14c1d9dbccb1","","checklist-sectioned","not-started","_RPL - AE-ITCX-010 - Torque Settings for Bolts (Rev 0 +Names)","checklist","FALSE","FALSE","HDC Site QA","Main Reticulation","TOB Installation","C-TOB-2A-07","Torque Settings"
"3f1323f9-a62d-4350-97c1-cd7582e2366a","","folder-normal","not-started","","step","TRUE","FALSE","HDC Site QA","Main Reticulation","TOB Installation","C-TOB-2A-08"
"b6e16a92-5d36-4deb-a9e7-bc3da9ba3fd5","","checklist-flat","not-started","_RPL - AE-ITCX-013 - T-Off Visual Inspection Test (Rev 0 +Names)","checklist-flat","FALSE","FALSE","HDC Site QA","Main Reticulation","TOB Installation","C-TOB-2A-08","Visual Inspection"
"0a12c048-0b76-437d-8b00-c6dc02d711f3","","checklist-sectioned","not-started","_RPL - AE-ITCX-010 - Torque Settings for Bolts (Rev 0 +Names)","checklist","FALSE","FALSE","HDC Site QA","Main Reticulation","TOB Installation","C-TOB-2A-08","Torque Settings"
"70612ea3-ea4c-427b-a68e-a2c6148ec21e","","folder-normal","not-started","","step","TRUE","FALSE","HDC Site QA","Main Reticulation","TOB Installation","C-TOB-2B-01"
"ab735c4b-40b0-4456-867f-dc364f515aac","","checklist-flat","not-started","_RPL - AE-ITCX-013 - T-Off Visual Inspection Test (Rev 0 +Names)","checklist-flat","FALSE","FALSE","HDC Site QA","Main Reticulation","TOB Installation","C-TOB-2B-01","Visual Inspection"
"474648ca-4c06-43dc-8a52-5f56fb57dd79","","checklist-sectioned","not-started","_RPL - AE-ITCX-010 - Torque Settings for Bolts (Rev 0 +Names)","checklist","FALSE","FALSE","HDC Site QA","Main Reticulation","TOB Installation","C-TOB-2B-01","Torque Settings"
"d80c9eb6-f6ae-454f-8406-014ecb54a104","","folder-normal","not-started","","step","TRUE","FALSE","HDC Site QA","Main Reticulation","TOB Installation","C-TOB-2B-02"
"957729ab-dcfb-4067-b7d3-f83fa63cd38d","","checklist-flat","not-started","_RPL - AE-ITCX-013 - T-Off Visual Inspection Test (Rev 0 +Names)","checklist-flat","FALSE","FALSE","HDC Site QA","Main Reticulation","TOB Installation","C-TOB-2B-02","Visual Inspection"
"8bdbf528-8c19-4600-89eb-1588d4c8efd9","","checklist-sectioned","not-started","_RPL - AE-ITCX-010 - Torque Settings for Bolts (Rev 0 +Names)","checklist","FALSE","FALSE","HDC Site QA","Main Reticulation","TOB Installation","C-TOB-2B-02","Torque Settings"
"6fe940b0-6c91-4911-979b-468332c8f79d","","folder-normal","not-started","","step","TRUE","FALSE","HDC Site QA","Main Reticulation","TOB Installation","C-TOB-2B-03"
"14a56aa3-c37a-435c-9887-e28bac7758f6","","checklist-flat","not-started","_RPL - AE-ITCX-013 - T-Off Visual Inspection Test (Rev 0 +Names)","checklist-flat","FALSE","FALSE","HDC Site QA","Main Reticulation","TOB Installation","C-TOB-2B-03","Visual Inspection"
"9e5b8f08-d20b-4c5f-be8d-6b0d1e20570e","","checklist-sectioned","not-started","_RPL - AE-ITCX-010 - Torque Settings for Bolts (Rev 0 +Names)","checklist","FALSE","FALSE","HDC Site QA","Main Reticulation","TOB Installation","C-TOB-2B-03","Torque Settings"
"f0d418ab-482c-452b-98b7-28c025120b00","","folder-normal","not-started","","step","TRUE","FALSE","HDC Site QA","Main Reticulation","TOB Installation","C-TOB-2B-04"
"cc33e737-5d41-4cfb-924c-9c5cc60cbe18","","checklist-flat","not-started","_RPL - AE-ITCX-013 - T-Off Visual Inspection Test (Rev 0 +Names)","checklist-flat","FALSE","FALSE","HDC Site QA","Main Reticulation","TOB Installation","C-TOB-2B-04","Visual Inspection"
"0c161c93-c65e-4c52-bd40-31206db8c788","","checklist-sectioned","not-started","_RPL - AE-ITCX-010 - Torque Settings for Bolts (Rev 0 +Names)","checklist","FALSE","FALSE","HDC Site QA","Main Reticulation","TOB Installation","C-TOB-2B-04","Torque Settings"
"b39dcd2c-7313-498e-8203-dee86b36a25c","","folder-normal","not-started","","step","TRUE","FALSE","HDC Site QA","Main Reticulation","TOB Installation","C-TOB-2B-05"
"04a3fd84-d42a-4e9d-8d39-3e2931d79abd","","checklist-flat","not-started","_RPL - AE-ITCX-013 - T-Off Visual Inspection Test (Rev 0 +Names)","checklist-flat","FALSE","FALSE","HDC Site QA","Main Reticulation","TOB Installation","C-TOB-2B-05","Visual Inspection"
"e13f9b2b-f9a5-400a-af1e-91da9970b8ca","","checklist-sectioned","not-started","_RPL - AE-ITCX-010 - Torque Settings for Bolts (Rev 0 +Names)","checklist","FALSE","FALSE","HDC Site QA","Main Reticulation","TOB Installation","C-TOB-2B-05","Torque Settings"
"bc80f6c5-d177-48de-bede-fe76b3a94125","","folder-normal","not-started","","step","TRUE","FALSE","HDC Site QA","Main Reticulation","TOB Installation","C-TOB-2B-06"
"fdd8473f-2a35-404e-b05d-a7a0ce271708","","checklist-flat","not-started","_RPL - AE-ITCX-013 - T-Off Visual Inspection Test (Rev 0 +Names)","checklist-flat","FALSE","FALSE","HDC Site QA","Main Reticulation","TOB Installation","C-TOB-2B-06","Visual Inspection"
"587fcc8f-01d5-43cb-954e-3196b406cc10","","checklist-sectioned","not-started","_RPL - AE-ITCX-010 - Torque Settings for Bolts (Rev 0 +Names)","checklist","FALSE","FALSE","HDC Site QA","Main Reticulation","TOB Installation","C-TOB-2B-06","Torque Settings"
"f4b463fd-a027-4f37-8907-2e3ec181337a","","folder-normal","not-started","","step","TRUE","FALSE","HDC Site QA","Main Reticulation","TOB Installation","C-TOB-2B-07"
"afd51250-39ba-4a92-a9b1-5f2d20b09638","","checklist-flat","not-started","_RPL - AE-ITCX-013 - T-Off Visual Inspection Test (Rev 0 +Names)","checklist-flat","FALSE","FALSE","HDC Site QA","Main Reticulation","TOB Installation","C-TOB-2B-07","Visual Inspection"
"bb5641f3-b304-4f48-bb25-22d36117d83d","","checklist-sectioned","not-started","_RPL - AE-ITCX-010 - Torque Settings for Bolts (Rev 0 +Names)","checklist","FALSE","FALSE","HDC Site QA","Main Reticulation","TOB Installation","C-TOB-2B-07","Torque Settings"
"6ea41174-5cc2-4255-a8ca-f8c7acc5b83b","","folder-normal","not-started","","step","TRUE","FALSE","HDC Site QA","Main Reticulation","TOB Installation","C-TOB-2B-08"
"7d8c7087-4208-4e2d-b86a-a49410c76fef","","checklist-flat","not-started","_RPL - AE-ITCX-013 - T-Off Visual Inspection Test (Rev 0 +Names)","checklist-flat","FALSE","FALSE","HDC Site QA","Main Reticulation","TOB Installation","C-TOB-2B-08","Visual Inspection"
"cca356de-2dbb-4d20-91e3-10c51d68255e","","checklist-sectioned","not-started","_RPL - AE-ITCX-010 - Torque Settings for Bolts (Rev 0 +Names)","checklist","FALSE","FALSE","HDC Site QA","Main Reticulation","TOB Installation","C-TOB-2B-08","Torque Settings"
"9694f95e-ec57-45ae-bf36-6982b29494d1","","folder-normal","not-started","","step","TRUE","FALSE","HDC Site QA","Main Reticulation","TOB Installation","TOB-1A-01"
"0c091efe-6a91-4f66-bc0b-9e856f333eba","","checklist-flat","not-started","_RPL - AE-ITCX-013 - T-Off Visual Inspection Test (Rev 0 +Names)","checklist-flat","FALSE","FALSE","HDC Site QA","Main Reticulation","TOB Installation","TOB-1A-01","Visual Inspection"
"d627e71a-118a-44a5-b139-8ef6262f1671","","checklist-sectioned","not-started","_RPL - AE-ITCX-010 - Torque Settings for Bolts (Rev 0 +Names)","checklist","FALSE","FALSE","HDC Site QA","Main Reticulation","TOB Installation","TOB-1A-01","Torque Settings"
"bc6e6107-87c4-4e2c-909e-a6465eda72fb","","folder-normal","not-started","","step","TRUE","FALSE","HDC Site QA","Main Reticulation","TOB Installation","TOB-1A-02"
"352e5256-891c-4ade-a22b-19f51ffffaf2","","checklist-flat","not-started","_RPL - AE-ITCX-013 - T-Off Visual Inspection Test (Rev 0 +Names)","checklist-flat","FALSE","FALSE","HDC Site QA","Main Reticulation","TOB Installation","TOB-1A-02","Visual Inspection"
"4dbe2bb9-5dc0-41fe-a653-5fe02184b874","","checklist-sectioned","not-started","_RPL - AE-ITCX-010 - Torque Settings for Bolts (Rev 0 +Names)","checklist","FALSE","FALSE","HDC Site QA","Main Reticulation","TOB Installation","TOB-1A-02","Torque Settings"
"8f058d29-c765-4156-b9c5-4d7367c3fec5","","folder-normal","not-started","","step","TRUE","FALSE","HDC Site QA","Main Reticulation","TOB Installation","TOB-1A-03"
"36b602f9-cebf-4f53-bae6-7984ccde3bd6","","checklist-flat","not-started","_RPL - AE-ITCX-013 - T-Off Visual Inspection Test (Rev 0 +Names)","checklist-flat","FALSE","FALSE","HDC Site QA","Main Reticulation","TOB Installation","TOB-1A-03","Visual Inspection"
"7542052f-17c3-47a2-99fb-967144b33436","","checklist-sectioned","not-started","_RPL - AE-ITCX-010 - Torque Settings for Bolts (Rev 0 +Names)","checklist","FALSE","FALSE","HDC Site QA","Main Reticulation","TOB Installation","TOB-1A-03","Torque Settings"
"dbb14daf-85f4-4570-8f44-283678b1425b","","folder-normal","not-started","","step","TRUE","FALSE","HDC Site QA","Main Reticulation","TOB Installation","TOB-1A-04"
"4a052251-16f4-4715-bc2c-a0efd5c5bdfe","","checklist-flat","not-started","_RPL - AE-ITCX-013 - T-Off Visual Inspection Test (Rev 0 +Names)","checklist-flat","FALSE","FALSE","HDC Site QA","Main Reticulation","TOB Installation","TOB-1A-04","Visual Inspection"
"bc00c687-f841-4036-a65c-9c40f9fc2be8","","checklist-sectioned","not-started","_RPL - AE-ITCX-010 - Torque Settings for Bolts (Rev 0 +Names)","checklist","FALSE","FALSE","HDC Site QA","Main Reticulation","TOB Installation","TOB-1A-04","Torque Settings"
"e4285a1b-a077-46e7-a46d-d176e3aa4d22","","folder-normal","not-started","","step","TRUE","FALSE","HDC Site QA","Main Reticulation","TOB Installation","TOB-1A-05"
"db7c5f4d-3fab-4deb-8f61-047870e95009","","checklist-flat","not-started","_RPL - AE-ITCX-013 - T-Off Visual Inspection Test (Rev 0 +Names)","checklist-flat","FALSE","FALSE","HDC Site QA","Main Reticulation","TOB Installation","TOB-1A-05","Visual Inspection"
"712a2c1c-6f28-4334-a579-58b015c8617f","","checklist-sectioned","not-started","_RPL - AE-ITCX-010 - Torque Settings for Bolts (Rev 0 +Names)","checklist","FALSE","FALSE","HDC Site QA","Main Reticulation","TOB Installation","TOB-1A-05","Torque Settings"
"f0610f90-7d3b-4df2-8168-39616d12fb31","","folder-normal","not-started","","step","TRUE","FALSE","HDC Site QA","Main Reticulation","TOB Installation","TOB-1A-06"
"72aefc32-d53b-4fcd-8ae3-d0ac4739c52b","","checklist-flat","not-started","_RPL - AE-ITCX-013 - T-Off Visual Inspection Test (Rev 0 +Names)","checklist-flat","FALSE","FALSE","HDC Site QA","Main Reticulation","TOB Installation","TOB-1A-06","Visual Inspection"
"8b186786-16c0-48f2-80ac-d9c05180a377","","checklist-sectioned","not-started","_RPL - AE-ITCX-010 - Torque Settings for Bolts (Rev 0 +Names)","checklist","FALSE","FALSE","HDC Site QA","Main Reticulation","TOB Installation","TOB-1A-06","Torque Settings"
"409e2b33-a576-4412-b03e-59609be32849","","folder-normal","not-started","","step","TRUE","FALSE","HDC Site QA","Main Reticulation","TOB Installation","TOB-1A-07"
"cc5e235e-fd22-472f-8991-cb4fdbc8d594","","checklist-flat","not-started","_RPL - AE-ITCX-013 - T-Off Visual Inspection Test (Rev 0 +Names)","checklist-flat","FALSE","FALSE","HDC Site QA","Main Reticulation","TOB Installation","TOB-1A-07","Visual Inspection"
"eb3eddf5-eaf9-492a-88d4-a26902904111","","checklist-sectioned","not-started","_RPL - AE-ITCX-010 - Torque Settings for Bolts (Rev 0 +Names)","checklist","FALSE","FALSE","HDC Site QA","Main Reticulation","TOB Installation","TOB-1A-07","Torque Settings"
"f7c1a2c3-1ea0-4a71-a999-9484d1ce9770","","folder-normal","not-started","","step","TRUE","FALSE","HDC Site QA","Main Reticulation","TOB Installation","TOB-1A-08"
"8afdcae0-9e0c-471e-88be-dd44856b7c1c","","checklist-flat","not-started","_RPL - AE-ITCX-013 - T-Off Visual Inspection Test (Rev 0 +Names)","checklist-flat","FALSE","FALSE","HDC Site QA","Main Reticulation","TOB Installation","TOB-1A-08","Visual Inspection"
"65c6f716-c41d-443a-8289-96940220b837","","checklist-sectioned","not-started","_RPL - AE-ITCX-010 - Torque Settings for Bolts (Rev 0 +Names)","checklist","FALSE","FALSE","HDC Site QA","Main Reticulation","TOB Installation","TOB-1A-08","Torque Settings"
"29f9672e-8d52-4371-8af8-daba8b34691f","","folder-normal","not-started","","step","TRUE","FALSE","HDC Site QA","Main Reticulation","TOB Installation","TOB-1B-01"
"60962e75-7ada-4349-91a5-f808d10f599b","","checklist-flat","not-started","_RPL - AE-ITCX-013 - T-Off Visual Inspection Test (Rev 0 +Names)","checklist-flat","FALSE","FALSE","HDC Site QA","Main Reticulation","TOB Installation","TOB-1B-01","Visual Inspection"
"1752e26d-6803-40b6-8444-cdfd045deab7","","checklist-sectioned","not-started","_RPL - AE-ITCX-010 - Torque Settings for Bolts (Rev 0 +Names)","checklist","FALSE","FALSE","HDC Site QA","Main Reticulation","TOB Installation","TOB-1B-01","Torque Settings"
"0f7057b3-bc25-44e3-8068-a2cce8ef1bd8","","folder-normal","not-started","","step","TRUE","FALSE","HDC Site QA","Main Reticulation","TOB Installation","TOB-1B-02"
"5a8f2cb3-6fd5-4b45-acec-b5482e35a503","","checklist-flat","not-started","_RPL - AE-ITCX-013 - T-Off Visual Inspection Test (Rev 0 +Names)","checklist-flat","FALSE","FALSE","HDC Site QA","Main Reticulation","TOB Installation","TOB-1B-02","Visual Inspection"
"cad761ed-2509-4b21-8ac2-f1df3788cf0c","","checklist-sectioned","not-started","_RPL - AE-ITCX-010 - Torque Settings for Bolts (Rev 0 +Names)","checklist","FALSE","FALSE","HDC Site QA","Main Reticulation","TOB Installation","TOB-1B-02","Torque Settings"
"ce08f073-fca6-43c9-8f44-c74565f24671","","folder-normal","not-started","","step","TRUE","FALSE","HDC Site QA","Main Reticulation","TOB Installation","TOB-1B-03"
"815c622b-42cf-46c6-ba41-a279f4e40c1c","","checklist-flat","not-started","_RPL - AE-ITCX-013 - T-Off Visual Inspection Test (Rev 0 +Names)","checklist-flat","FALSE","FALSE","HDC Site QA","Main Reticulation","TOB Installation","TOB-1B-03","Visual Inspection"
"57e848cf-0a19-443a-be02-59e4f1375782","","checklist-sectioned","not-started","_RPL - AE-ITCX-010 - Torque Settings for Bolts (Rev 0 +Names)","checklist","FALSE","FALSE","HDC Site QA","Main Reticulation","TOB Installation","TOB-1B-03","Torque Settings"
"0c9f0d79-4863-43a1-8cdc-b4910cfbb0f2","","folder-normal","not-started","","step","TRUE","FALSE","HDC Site QA","Main Reticulation","TOB Installation","TOB-1B-04"
"c184866f-0853-462b-bb27-d8f6607421f5","","checklist-flat","not-started","_RPL - AE-ITCX-013 - T-Off Visual Inspection Test (Rev 0 +Names)","checklist-flat","FALSE","FALSE","HDC Site QA","Main Reticulation","TOB Installation","TOB-1B-04","Visual Inspection"
"6d30b713-d2e2-4576-b958-3b469915a1b8","","checklist-sectioned","not-started","_RPL - AE-ITCX-010 - Torque Settings for Bolts (Rev 0 +Names)","checklist","FALSE","FALSE","HDC Site QA","Main Reticulation","TOB Installation","TOB-1B-04","Torque Settings"
"067c185c-bf87-47c9-80c3-7c59ea53c8d0","","folder-normal","not-started","","step","TRUE","FALSE","HDC Site QA","Main Reticulation","TOB Installation","TOB-1B-05"
"cbd862c1-5674-4cba-9e37-bbfa099ad523","","checklist-flat","not-started","_RPL - AE-ITCX-013 - T-Off Visual Inspection Test (Rev 0 +Names)","checklist-flat","FALSE","FALSE","HDC Site QA","Main Reticulation","TOB Installation","TOB-1B-05","Visual Inspection"
"98ed5ebc-32f1-48c6-a0e5-62c209ab5157","","checklist-sectioned","not-started","_RPL - AE-ITCX-010 - Torque Settings for Bolts (Rev 0 +Names)","checklist","FALSE","FALSE","HDC Site QA","Main Reticulation","TOB Installation","TOB-1B-05","Torque Settings"
"72949c45-d249-43ae-ba59-6f4b31814237","","folder-normal","not-started","","step","TRUE","FALSE","HDC Site QA","Main Reticulation","TOB Installation","TOB-1B-06"
"5dced7c6-027b-4b83-88a3-2b4123decdb9","","checklist-flat","not-started","_RPL - AE-ITCX-013 - T-Off Visual Inspection Test (Rev 0 +Names)","checklist-flat","FALSE","FALSE","HDC Site QA","Main Reticulation","TOB Installation","TOB-1B-06","Visual Inspection"
"71355eba-5407-4b39-9860-73e42107f49c","","checklist-sectioned","not-started","_RPL - AE-ITCX-010 - Torque Settings for Bolts (Rev 0 +Names)","checklist","FALSE","FALSE","HDC Site QA","Main Reticulation","TOB Installation","TOB-1B-06","Torque Settings"
"76de1a38-c8fb-4fd5-9c8e-fd36534a8f79","","folder-normal","not-started","","step","TRUE","FALSE","HDC Site QA","Main Reticulation","TOB Installation","TOB-1B-07"
"7712b017-7eaa-4d4b-a65b-8b859cadb754","","checklist-flat","not-started","_RPL - AE-ITCX-013 - T-Off Visual Inspection Test (Rev 0 +Names)","checklist-flat","FALSE","FALSE","HDC Site QA","Main Reticulation","TOB Installation","TOB-1B-07","Visual Inspection"
"e06fed8a-b547-4b10-912d-0c2c11e8e1a5","","checklist-sectioned","not-started","_RPL - AE-ITCX-010 - Torque Settings for Bolts (Rev 0 +Names)","checklist","FALSE","FALSE","HDC Site QA","Main Reticulation","TOB Installation","TOB-1B-07","Torque Settings"
"9618b175-f75f-4b38-8ae4-86972a34dffb","","folder-normal","not-started","","step","TRUE","FALSE","HDC Site QA","Main Reticulation","TOB Installation","TOB-1B-08"
"a42ec069-8df1-4e36-9b44-6beb6a617637","","checklist-flat","not-started","_RPL - AE-ITCX-013 - T-Off Visual Inspection Test (Rev 0 +Names)","checklist-flat","FALSE","FALSE","HDC Site QA","Main Reticulation","TOB Installation","TOB-1B-08","Visual Inspection"
"66eb1018-038b-4b64-85a5-69ed7e7eadac","","checklist-sectioned","not-started","_RPL - AE-ITCX-010 - Torque Settings for Bolts (Rev 0 +Names)","checklist","FALSE","FALSE","HDC Site QA","Main Reticulation","TOB Installation","TOB-1B-08","Torque Settings"
"15b495d6-ffe9-41c9-9a93-974afdec281f","","folder-normal","not-started","","step","TRUE","FALSE","HDC Site QA","Main Reticulation","TOB Installation","TOB-2A-01"
"9e4c951f-cbe5-463e-a36f-3d5f44dab62e","","checklist-flat","not-started","_RPL - AE-ITCX-013 - T-Off Visual Inspection Test (Rev 0 +Names)","checklist-flat","FALSE","FALSE","HDC Site QA","Main Reticulation","TOB Installation","TOB-2A-01","Visual Inspection"
"5f57dea9-4d70-4197-bbeb-f003998e11ab","","checklist-sectioned","not-started","_RPL - AE-ITCX-010 - Torque Settings for Bolts (Rev 0 +Names)","checklist","FALSE","FALSE","HDC Site QA","Main Reticulation","TOB Installation","TOB-2A-01","Torque Settings"
"401f5944-e06c-4b05-83c6-2dd025cec236","","folder-normal","not-started","","step","TRUE","FALSE","HDC Site QA","Main Reticulation","TOB Installation","TOB-2A-02"
"d32c477f-b9b9-4fce-8e8b-0a2b37c25887","","checklist-flat","not-started","_RPL - AE-ITCX-013 - T-Off Visual Inspection Test (Rev 0 +Names)","checklist-flat","FALSE","FALSE","HDC Site QA","Main Reticulation","TOB Installation","TOB-2A-02","Visual Inspection"
"558a7591-f4d4-46b7-b61a-9384107657d4","","checklist-sectioned","not-started","_RPL - AE-ITCX-010 - Torque Settings for Bolts (Rev 0 +Names)","checklist","FALSE","FALSE","HDC Site QA","Main Reticulation","TOB Installation","TOB-2A-02","Torque Settings"
"8eacd288-10df-4711-b182-999f8552103e","","folder-normal","not-started","","step","TRUE","FALSE","HDC Site QA","Main Reticulation","TOB Installation","TOB-2A-03"
"f7f70231-aa0f-48ff-9144-979bd13297cc","","checklist-flat","not-started","_RPL - AE-ITCX-013 - T-Off Visual Inspection Test (Rev 0 +Names)","checklist-flat","FALSE","FALSE","HDC Site QA","Main Reticulation","TOB Installation","TOB-2A-03","Visual Inspection"
"d78339b3-4a8a-4d8c-90d9-0e1bdcd26c58","","checklist-sectioned","not-started","_RPL - AE-ITCX-010 - Torque Settings for Bolts (Rev 0 +Names)","checklist","FALSE","FALSE","HDC Site QA","Main Reticulation","TOB Installation","TOB-2A-03","Torque Settings"
"43c7ad3e-12ba-45ce-ad7b-7765700721b9","","folder-normal","not-started","","step","TRUE","FALSE","HDC Site QA","Main Reticulation","TOB Installation","TOB-2A-04"
"5949a088-c262-4150-bc27-c6fd3ce50ae9","","checklist-flat","not-started","_RPL - AE-ITCX-013 - T-Off Visual Inspection Test (Rev 0 +Names)","checklist-flat","FALSE","FALSE","HDC Site QA","Main Reticulation","TOB Installation","TOB-2A-04","Visual Inspection"
"2187e780-7326-4ac4-bd6b-b93f261d3cbe","","checklist-sectioned","not-started","_RPL - AE-ITCX-010 - Torque Settings for Bolts (Rev 0 +Names)","checklist","FALSE","FALSE","HDC Site QA","Main Reticulation","TOB Installation","TOB-2A-04","Torque Settings"
"b1ba42d7-1566-4415-988b-a99155465893","","folder-normal","not-started","","step","TRUE","FALSE","HDC Site QA","Main Reticulation","TOB Installation","TOB-2A-05"
"1cf453b0-edbf-46f8-a90e-815e5d8ef256","","checklist-flat","not-started","_RPL - AE-ITCX-013 - T-Off Visual Inspection Test (Rev 0 +Names)","checklist-flat","FALSE","FALSE","HDC Site QA","Main Reticulation","TOB Installation","TOB-2A-05","Visual Inspection"
"31248844-8790-48a7-a03c-6a07464b085b","","checklist-sectioned","not-started","_RPL - AE-ITCX-010 - Torque Settings for Bolts (Rev 0 +Names)","checklist","FALSE","FALSE","HDC Site QA","Main Reticulation","TOB Installation","TOB-2A-05","Torque Settings"
"06f47dfc-ac0b-456b-93f9-6bc911a37464","","folder-normal","not-started","","step","TRUE","FALSE","HDC Site QA","Main Reticulation","TOB Installation","TOB-2A-06"
"c488be14-56b5-41ae-91ec-b2190b5b04f3","","checklist-flat","not-started","_RPL - AE-ITCX-013 - T-Off Visual Inspection Test (Rev 0 +Names)","checklist-flat","FALSE","FALSE","HDC Site QA","Main Reticulation","TOB Installation","TOB-2A-06","Visual Inspection"
"0b757bf6-7298-4555-8be6-fddf8cb5d8f9","","checklist-sectioned","not-started","_RPL - AE-ITCX-010 - Torque Settings for Bolts (Rev 0 +Names)","checklist","FALSE","FALSE","HDC Site QA","Main Reticulation","TOB Installation","TOB-2A-06","Torque Settings"
"70df1ef0-c9f0-48e8-b272-c9db51593b65","","folder-normal","not-started","","step","TRUE","FALSE","HDC Site QA","Main Reticulation","TOB Installation","TOB-2A-07"
"a375b54c-06d5-4d53-9d50-778df5e4e8be","","checklist-flat","not-started","_RPL - AE-ITCX-013 - T-Off Visual Inspection Test (Rev 0 +Names)","checklist-flat","FALSE","FALSE","HDC Site QA","Main Reticulation","TOB Installation","TOB-2A-07","Visual Inspection"
"d648de24-aa26-4855-8e21-13bfc1f8ea2b","","checklist-sectioned","not-started","_RPL - AE-ITCX-010 - Torque Settings for Bolts (Rev 0 +Names)","checklist","FALSE","FALSE","HDC Site QA","Main Reticulation","TOB Installation","TOB-2A-07","Torque Settings"
"cf58ef35-272e-43fc-8a6b-10377fec6e28","","folder-normal","not-started","","step","TRUE","FALSE","HDC Site QA","Main Reticulation","TOB Installation","TOB-2A-08"
"2b8829a9-f720-4fd6-ad54-a811d03d5ba8","","checklist-flat","not-started","_RPL - AE-ITCX-013 - T-Off Visual Inspection Test (Rev 0 +Names)","checklist-flat","FALSE","FALSE","HDC Site QA","Main Reticulation","TOB Installation","TOB-2A-08","Visual Inspection"
"3bbad34a-f23b-4aed-bc18-de0258ee0e6e","","checklist-sectioned","not-started","_RPL - AE-ITCX-010 - Torque Settings for Bolts (Rev 0 +Names)","checklist","FALSE","FALSE","HDC Site QA","Main Reticulation","TOB Installation","TOB-2A-08","Torque Settings"
"f2bcd6b4-dd0d-4ffc-b049-8edd851fcf76","","folder-normal","not-started","","step","TRUE","FALSE","HDC Site QA","Main Reticulation","TOB Installation","TOB-2B-01"
"e9557736-99e5-4481-92af-a57a607a8c85","","checklist-flat","not-started","_RPL - AE-ITCX-013 - T-Off Visual Inspection Test (Rev 0 +Names)","checklist-flat","FALSE","FALSE","HDC Site QA","Main Reticulation","TOB Installation","TOB-2B-01","Visual Inspection"
"c5b67059-f5bf-4a7d-a95c-0de1e03b9575","","checklist-sectioned","not-started","_RPL - AE-ITCX-010 - Torque Settings for Bolts (Rev 0 +Names)","checklist","FALSE","FALSE","HDC Site QA","Main Reticulation","TOB Installation","TOB-2B-01","Torque Settings"
"1ee4d0c5-a5e7-4a02-a1df-8749bf91bfd6","","folder-normal","not-started","","step","TRUE","FALSE","HDC Site QA","Main Reticulation","TOB Installation","TOB-2B-02"
"8f556674-b71f-4e92-b443-57a75d6e342e","","checklist-flat","not-started","_RPL - AE-ITCX-013 - T-Off Visual Inspection Test (Rev 0 +Names)","checklist-flat","FALSE","FALSE","HDC Site QA","Main Reticulation","TOB Installation","TOB-2B-02","Visual Inspection"
"b8d61999-3620-45bd-8f3c-e7a5f953dbf9","","checklist-sectioned","not-started","_RPL - AE-ITCX-010 - Torque Settings for Bolts (Rev 0 +Names)","checklist","FALSE","FALSE","HDC Site QA","Main Reticulation","TOB Installation","TOB-2B-02","Torque Settings"
"59a008b0-fa41-421e-9575-adcd6ff00d5c","","folder-normal","not-started","","step","TRUE","FALSE","HDC Site QA","Main Reticulation","TOB Installation","TOB-2B-03"
"995c54d0-55ea-4860-a080-862ccb422ebf","","checklist-flat","not-started","_RPL - AE-ITCX-013 - T-Off Visual Inspection Test (Rev 0 +Names)","checklist-flat","FALSE","FALSE","HDC Site QA","Main Reticulation","TOB Installation","TOB-2B-03","Visual Inspection"
"1a81cb5d-086a-4c9f-82b8-66ef11e9ea4e","","checklist-sectioned","not-started","_RPL - AE-ITCX-010 - Torque Settings for Bolts (Rev 0 +Names)","checklist","FALSE","FALSE","HDC Site QA","Main Reticulation","TOB Installation","TOB-2B-03","Torque Settings"
"6e09e791-e0f1-44f2-8c30-938be0a1eb1e","","folder-normal","not-started","","step","TRUE","FALSE","HDC Site QA","Main Reticulation","TOB Installation","TOB-2B-04"
"c7c00412-4257-4756-858a-c528148c4bcb","","checklist-flat","not-started","_RPL - AE-ITCX-013 - T-Off Visual Inspection Test (Rev 0 +Names)","checklist-flat","FALSE","FALSE","HDC Site QA","Main Reticulation","TOB Installation","TOB-2B-04","Visual Inspection"
"f8ddb2c9-4a25-45bd-ad01-247c8ba5cc8f","","checklist-sectioned","not-started","_RPL - AE-ITCX-010 - Torque Settings for Bolts (Rev 0 +Names)","checklist","FALSE","FALSE","HDC Site QA","Main Reticulation","TOB Installation","TOB-2B-04","Torque Settings"
"d8a9bc6b-8552-481f-bc09-369ec9ee4c94","","folder-normal","not-started","","step","TRUE","FALSE","HDC Site QA","Main Reticulation","TOB Installation","TOB-2B-05"
"75b77e9c-8dea-4f2f-b2f9-6fc1a792123f","","checklist-flat","not-started","_RPL - AE-ITCX-013 - T-Off Visual Inspection Test (Rev 0 +Names)","checklist-flat","FALSE","FALSE","HDC Site QA","Main Reticulation","TOB Installation","TOB-2B-05","Visual Inspection"
"068422ad-f5e5-47e7-ac25-808369ea573d","","checklist-sectioned","not-started","_RPL - AE-ITCX-010 - Torque Settings for Bolts (Rev 0 +Names)","checklist","FALSE","FALSE","HDC Site QA","Main Reticulation","TOB Installation","TOB-2B-05","Torque Settings"
"720560db-d63e-4131-bd5e-2bc650755b03","","folder-normal","not-started","","step","TRUE","FALSE","HDC Site QA","Main Reticulation","TOB Installation","TOB-2B-06"
"fd2906a0-1c4f-4278-9a20-90369db94566","","checklist-flat","not-started","_RPL - AE-ITCX-013 - T-Off Visual Inspection Test (Rev 0 +Names)","checklist-flat","FALSE","FALSE","HDC Site QA","Main Reticulation","TOB Installation","TOB-2B-06","Visual Inspection"
"afa1c920-d929-4320-bfaa-fd5a5fe7ec02","","checklist-sectioned","not-started","_RPL - AE-ITCX-010 - Torque Settings for Bolts (Rev 0 +Names)","checklist","FALSE","FALSE","HDC Site QA","Main Reticulation","TOB Installation","TOB-2B-06","Torque Settings"
"8d5186a4-74c9-4bbb-8d08-2e3b28f12d50","","folder-normal","not-started","","step","TRUE","FALSE","HDC Site QA","Main Reticulation","TOB Installation","TOB-2B-07"
"07cd5cdb-cdc0-405d-ad0a-ede604bda5fb","","checklist-flat","not-started","_RPL - AE-ITCX-013 - T-Off Visual Inspection Test (Rev 0 +Names)","checklist-flat","FALSE","FALSE","HDC Site QA","Main Reticulation","TOB Installation","TOB-2B-07","Visual Inspection"
"985bc3a0-34e7-4abe-aa61-a35309546bc0","","checklist-sectioned","not-started","_RPL - AE-ITCX-010 - Torque Settings for Bolts (Rev 0 +Names)","checklist","FALSE","FALSE","HDC Site QA","Main Reticulation","TOB Installation","TOB-2B-07","Torque Settings"
"a02b3d19-3f56-49bc-8999-1ad09b84b428","","folder-normal","not-started","","step","TRUE","FALSE","HDC Site QA","Main Reticulation","TOB Installation","TOB-2B-08"
"4926ca09-f36d-4092-808f-83813dc6e859","","checklist-flat","not-started","_RPL - AE-ITCX-013 - T-Off Visual Inspection Test (Rev 0 +Names)","checklist-flat","FALSE","FALSE","HDC Site QA","Main Reticulation","TOB Installation","TOB-2B-08","Visual Inspection"
"3e5a3a16-93f5-496a-a681-2ce72b474134","","checklist-sectioned","not-started","_RPL - AE-ITCX-010 - Torque Settings for Bolts (Rev 0 +Names)","checklist","FALSE","FALSE","HDC Site QA","Main Reticulation","TOB Installation","TOB-2B-08","Torque Settings"
"d7e0e420-7124-42a0-84c0-0b2e76f6666c","","folder-normal","not-started","","step","TRUE","FALSE","HDC Site QA","Main Reticulation","Submain Install"
"6f599901-2ad8-44ef-a749-293956d0d625","","folder-normal","not-started","","step","TRUE","FALSE","HDC Site QA","Main Reticulation","Submain Install","HV-01 - UT1.1 to MVSB-1-1"
"8af3475c-9794-42e7-94ac-55671097504a","","checklist-sectioned","not-started","_RPL - AE-ITCX-010 - Torque Settings for Bolts (Rev 0 +Names)","checklist","FALSE","FALSE","HDC Site QA","Main Reticulation","Submain Install","HV-01 - UT1.1 to MVSB-1-1","Torque settings"
"92db6318-fbcf-4485-93c4-57918969c413","","folder-normal","not-started","","step","TRUE","FALSE","HDC Site QA","Main Reticulation","Submain Install","HV-02 - UT1.3 to MVSB-1-3"
"2c1b710e-bef4-48b8-bc38-6482aad532cd","","checklist-sectioned","not-started","_RPL - AE-ITCX-010 - Torque Settings for Bolts (Rev 0 +Names)","checklist","FALSE","FALSE","HDC Site QA","Main Reticulation","Submain Install","HV-02 - UT1.3 to MVSB-1-3","Torque settings"
"12f27a4c-0e7f-4efd-835f-02800582546b","","folder-normal","not-started","","step","TRUE","FALSE","HDC Site QA","Main Reticulation","Submain Install","HV-03 - UT1.2 to MVSB-1-2"
"8ec5593f-bcf9-4c93-9423-c7fd5000d8f2","","checklist-sectioned","not-started","_RPL - AE-ITCX-010 - Torque Settings for Bolts (Rev 0 +Names)","checklist","FALSE","FALSE","HDC Site QA","Main Reticulation","Submain Install","HV-03 - UT1.2 to MVSB-1-2","Torque settings"
"70d81a75-d951-4ad2-8f06-7ce096b480c3","","folder-normal","not-started","","step","TRUE","FALSE","HDC Site QA","Main Reticulation","Submain Install","HV-04 - UT1.2 to MVSB-1-4"
"feb7df92-6810-42dc-9e32-1eb09dfa638f","","checklist-sectioned","not-started","_RPL - AE-ITCX-010 - Torque Settings for Bolts (Rev 0 +Names)","checklist","FALSE","FALSE","HDC Site QA","Main Reticulation","Submain Install","HV-04 - UT1.2 to MVSB-1-4","Torque settings"
"c67d87e1-8303-4dd0-8ba9-a0c6ead5e3dd","","folder-normal","not-started","","step","TRUE","FALSE","HDC Site QA","Main Reticulation","Submain Install","HV-05 - MVSB-1-1 to MVSB-1-2"
"27f36043-5767-474c-b16c-60024c5595bc","","checklist-sectioned","not-started","_RPL - AE-ITCX-010 - Torque Settings for Bolts (Rev 0 +Names)","checklist","FALSE","FALSE","HDC Site QA","Main Reticulation","Submain Install","HV-05 - MVSB-1-1 to MVSB-1-2","Torque settings"
"7db18b5f-8fdf-4182-bb1c-abee19f7afba","","folder-normal","not-started","","step","TRUE","FALSE","HDC Site QA","Main Reticulation","Submain Install","HV-06 - MVSB-1-3 to MVSB-1-4"
"f15cdfb1-8936-4cda-8d85-fe0ee005e91b","","checklist-sectioned","not-started","_RPL - AE-ITCX-010 - Torque Settings for Bolts (Rev 0 +Names)","checklist","FALSE","FALSE","HDC Site QA","Main Reticulation","Submain Install","HV-06 - MVSB-1-3 to MVSB-1-4","Torque settings"
"9b7309d8-1d64-4061-b8dc-6a364a57373b","","folder-normal","not-started","","step","TRUE","FALSE","HDC Site QA","Main Reticulation","Submain Install","HV-07 - MVSB-1-1 to MVSSB-1A"
"a755304c-7645-403e-88d0-80c8206c4b83","","checklist-sectioned","not-started","_RPL - AE-ITCX-010 - Torque Settings for Bolts (Rev 0 +Names)","checklist","FALSE","FALSE","HDC Site QA","Main Reticulation","Submain Install","HV-07 - MVSB-1-1 to MVSSB-1A","Torque settings"
"61d62eee-228d-40d1-9e86-1d45130bb994","","folder-normal","not-started","","step","TRUE","FALSE","HDC Site QA","Main Reticulation","Submain Install","HV-08 - MVSB-1-1 to MVSSB-2A"
"35cfdd14-60c3-4e3b-a5d1-0eff7c81d038","","checklist-sectioned","not-started","_RPL - AE-ITCX-010 - Torque Settings for Bolts (Rev 0 +Names)","checklist","FALSE","FALSE","HDC Site QA","Main Reticulation","Submain Install","HV-08 - MVSB-1-1 to MVSSB-2A","Torque settings"
"cf9f3fc5-9070-47e2-bd6b-29873725e094","","folder-normal","not-started","","step","TRUE","FALSE","HDC Site QA","Main Reticulation","Submain Install","HV-09 - MVSB-1-2 to MVSSB-2C"
"211ae481-eb2e-44dc-8cbc-ce580c3cc04c","","checklist-sectioned","not-started","_RPL - AE-ITCX-010 - Torque Settings for Bolts (Rev 0 +Names)","checklist","FALSE","FALSE","HDC Site QA","Main Reticulation","Submain Install","HV-09 - MVSB-1-2 to MVSSB-2C","Torque settings"
"35ad71b5-9409-4a5c-8fe9-3ffdcd988e84","","folder-normal","not-started","","step","TRUE","FALSE","HDC Site QA","Main Reticulation","Submain Install","HV-10 - MVSB-1-3 to MVSSB-3C"
"f0f053dd-397e-4781-afc6-1bf1e396621b","","checklist-sectioned","not-started","_RPL - AE-ITCX-010 - Torque Settings for Bolts (Rev 0 +Names)","checklist","FALSE","FALSE","HDC Site QA","Main Reticulation","Submain Install","HV-10 - MVSB-1-3 to MVSSB-3C","Torque settings"
"bf9ac246-066a-4a24-bb19-2d23fa84069b","","folder-normal","not-started","","step","TRUE","FALSE","HDC Site QA","Main Reticulation","Submain Install","HV-11 - MVSB-1-3 to MVSSB-1B"
"93e82c49-104a-4baf-91d9-1817fcaa6946","","checklist-sectioned","not-started","_RPL - AE-ITCX-010 - Torque Settings for Bolts (Rev 0 +Names)","checklist","FALSE","FALSE","HDC Site QA","Main Reticulation","Submain Install","HV-11 - MVSB-1-3 to MVSSB-1B","Torque settings"
"3ea2cacf-a582-4f3a-b9f1-83115cd1eadb","","folder-normal","not-started","","step","TRUE","FALSE","HDC Site QA","Main Reticulation","Submain Install","HV-12 - MVSB-1-4 to MVSSB-2B"
"f951f42a-c07a-4dc5-83b5-553a89aad21f","","checklist-sectioned","not-started","_RPL - AE-ITCX-010 - Torque Settings for Bolts (Rev 0 +Names)","checklist","FALSE","FALSE","HDC Site QA","Main Reticulation","Submain Install","HV-12 - MVSB-1-4 to MVSSB-2B","Torque settings"
"a1ca6740-a427-49ab-b59c-6e477a2e4ff5","","folder-normal","not-started","","step","TRUE","FALSE","HDC Site QA","Main Reticulation","Submain Install","HV-13 - MVSB-1-4 to MVSSB-H"
"0698dd84-0b25-42d2-b128-b36020a114aa","","checklist-sectioned","not-started","_RPL - AE-ITCX-010 - Torque Settings for Bolts (Rev 0 +Names)","checklist","FALSE","FALSE","HDC Site QA","Main Reticulation","Submain Install","HV-13 - MVSB-1-4 to MVSSB-H","Torque settings"
"0fe21f6a-5cbb-4b82-a21a-abeadc096fda","","folder-normal","not-started","","step","TRUE","FALSE","HDC Site QA","Main Reticulation","Submain Install","HV-14 - GEN-1A to GSB-1A"
"671e9b04-b86f-43b4-8f84-7f459131488e","","checklist-sectioned","not-started","_RPL - AE-ITCX-010 - Torque Settings for Bolts (Rev 0 +Names)","checklist","FALSE","FALSE","HDC Site QA","Main Reticulation","Submain Install","HV-14 - GEN-1A to GSB-1A","Torque settings"
"cafe8c34-9cb8-49b3-ae60-2162b543f638","","folder-normal","not-started","","step","TRUE","FALSE","HDC Site QA","Main Reticulation","Submain Install","HV-15 - GSB-1A to MVSSB-1A"
"d20591c8-50b9-47df-9869-6b024792563b","","checklist-sectioned","not-started","_RPL - AE-ITCX-010 - Torque Settings for Bolts (Rev 0 +Names)","checklist","FALSE","FALSE","HDC Site QA","Main Reticulation","Submain Install","HV-15 - GSB-1A to MVSSB-1A","Torque settings"
"939fba43-04eb-49f2-ac8e-6971e85faf1b","","folder-normal","not-started","","step","TRUE","FALSE","HDC Site QA","Main Reticulation","Submain Install","HV-16 - MVSSB-1A to TX-1A"
"c53a2884-2dae-4eb2-8d8a-1670a8d58663","","checklist-sectioned","not-started","_RPL - AE-ITCX-010 - Torque Settings for Bolts (Rev 0 +Names)","checklist","FALSE","FALSE","HDC Site QA","Main Reticulation","Submain Install","HV-16 - MVSSB-1A to TX-1A","Torque settings"
"31d5b968-605a-4a29-a2c2-2e8493501ae3","","folder-normal","not-started","","step","TRUE","FALSE","HDC Site QA","Main Reticulation","Submain Install","HV-17 - GEN-2A to GSB-2A"
"3ebd2638-7c10-45eb-896b-13650dd6bfff","","checklist-sectioned","not-started","_RPL - AE-ITCX-010 - Torque Settings for Bolts (Rev 0 +Names)","checklist","FALSE","FALSE","HDC Site QA","Main Reticulation","Submain Install","HV-17 - GEN-2A to GSB-2A","Torque settings"
"878c3ffa-ec34-4f59-a966-c8baca0e7979","","folder-normal","not-started","","step","TRUE","FALSE","HDC Site QA","Main Reticulation","Submain Install","HV-18 - GSB-2A to MVSSB-2A"
"1b826116-4344-4661-923d-89bfb0790c13","","checklist-sectioned","not-started","_RPL - AE-ITCX-010 - Torque Settings for Bolts (Rev 0 +Names)","checklist","FALSE","FALSE","HDC Site QA","Main Reticulation","Submain Install","HV-18 - GSB-2A to MVSSB-2A","Torque settings"
"3975f07d-4867-41d4-aa94-6d3e888d4323","","folder-normal","not-started","","step","TRUE","FALSE","HDC Site QA","Main Reticulation","Submain Install","HV-19 - MVSSB-2A to TX-2A"
"e2cddf4d-1277-4c0f-85f0-af3d3f270bb1","","checklist-sectioned","not-started","_RPL - AE-ITCX-010 - Torque Settings for Bolts (Rev 0 +Names)","checklist","FALSE","FALSE","HDC Site QA","Main Reticulation","Submain Install","HV-19 - MVSSB-2A to TX-2A","Torque settings"
"8fceee6f-71f7-4a5f-b635-34e580c33ef7","","folder-normal","not-started","","step","TRUE","FALSE","HDC Site QA","Main Reticulation","Submain Install","HV-20 - GEN-2C to GSB-2C"
"89a666ea-3b41-4602-b6dc-15dceddc812a","","checklist-sectioned","not-started","_RPL - AE-ITCX-010 - Torque Settings for Bolts (Rev 0 +Names)","checklist","FALSE","FALSE","HDC Site QA","Main Reticulation","Submain Install","HV-20 - GEN-2C to GSB-2C","Torque settings"
"51c96afe-3d8d-4ffd-b954-b0df4a8b7ba6","","folder-normal","not-started","","step","TRUE","FALSE","HDC Site QA","Main Reticulation","Submain Install","HV-21 - GSB-2C to MVSSB-2C"
"99b8fb8f-492f-4018-ba62-f1334978e21e","","checklist-sectioned","not-started","_RPL - AE-ITCX-010 - Torque Settings for Bolts (Rev 0 +Names)","checklist","FALSE","FALSE","HDC Site QA","Main Reticulation","Submain Install","HV-21 - GSB-2C to MVSSB-2C","Torque settings"
"27dcada8-1056-4997-a28d-4f7f02505fda","","folder-normal","not-started","","step","TRUE","FALSE","HDC Site QA","Main Reticulation","Submain Install","HV-22 - MVSSB-2C to TX-2C"
"1fc6fd28-bfa9-436d-b30b-4fbf416ce3f3","","checklist-sectioned","not-started","_RPL - AE-ITCX-010 - Torque Settings for Bolts (Rev 0 +Names)","checklist","FALSE","FALSE","HDC Site QA","Main Reticulation","Submain Install","HV-22 - MVSSB-2C to TX-2C","Torque settings"
"a73fb346-918a-4b33-9d5e-0030998a24df","","folder-normal","not-started","","step","TRUE","FALSE","HDC Site QA","Main Reticulation","Submain Install","HV-23 - GEN-3C to GSB-3C"
"c3a9c7c4-ac58-454d-a75a-78ba232602d4","","checklist-sectioned","not-started","_RPL - AE-ITCX-010 - Torque Settings for Bolts (Rev 0 +Names)","checklist","FALSE","FALSE","HDC Site QA","Main Reticulation","Submain Install","HV-23 - GEN-3C to GSB-3C","Torque settings"
"90222b90-6670-43fe-86d9-657f62bdf4e0","","folder-normal","not-started","","step","TRUE","FALSE","HDC Site QA","Main Reticulation","Submain Install","HV-24 - GSB-3C to MVSSB-3C"
"c8423ca7-2e08-4d6d-9462-0bcde8487d1e","","checklist-sectioned","not-started","_RPL - AE-ITCX-010 - Torque Settings for Bolts (Rev 0 +Names)","checklist","FALSE","FALSE","HDC Site QA","Main Reticulation","Submain Install","HV-24 - GSB-3C to MVSSB-3C","Torque settings"
"3aaa6973-38f0-4520-8edd-230ff54afd32","","folder-normal","not-started","","step","TRUE","FALSE","HDC Site QA","Main Reticulation","Submain Install","HV-25 - MVSSB-3C to TX-3C"
"432bdd10-c75f-43bd-a8e2-5d7698b010b7","","checklist-sectioned","not-started","_RPL - AE-ITCX-010 - Torque Settings for Bolts (Rev 0 +Names)","checklist","FALSE","FALSE","HDC Site QA","Main Reticulation","Submain Install","HV-25 - MVSSB-3C to TX-3C","Torque settings"
"74b2172e-1b53-4907-9aff-4ebff01ba286","","folder-normal","not-started","","step","TRUE","FALSE","HDC Site QA","Main Reticulation","Submain Install","HV-26 - GEN-1B to GSB-1B"
"45b706cb-4983-4b9c-9e2e-84e8597f439c","","checklist-sectioned","not-started","_RPL - AE-ITCX-010 - Torque Settings for Bolts (Rev 0 +Names)","checklist","FALSE","FALSE","HDC Site QA","Main Reticulation","Submain Install","HV-26 - GEN-1B to GSB-1B","Torque settings"
"041dca62-e9af-4b76-a84a-4b077e567002","","folder-normal","not-started","","step","TRUE","FALSE","HDC Site QA","Main Reticulation","Submain Install","HV-27 - GSB-1B to MVSSB-1B"
"e2eb64d6-2a02-4aed-b605-bc330d900976","","checklist-sectioned","not-started","_RPL - AE-ITCX-010 - Torque Settings for Bolts (Rev 0 +Names)","checklist","FALSE","FALSE","HDC Site QA","Main Reticulation","Submain Install","HV-27 - GSB-1B to MVSSB-1B","Torque settings"
"3c594cb9-01f2-4786-9d2b-faa104c17928","","folder-normal","not-started","","step","TRUE","FALSE","HDC Site QA","Main Reticulation","Submain Install","HV-28 - MVSSB-1B to TX-1B"
"6bc13cdd-11e9-4d1d-ae14-f890243d4ce5","","checklist-sectioned","not-started","_RPL - AE-ITCX-010 - Torque Settings for Bolts (Rev 0 +Names)","checklist","FALSE","FALSE","HDC Site QA","Main Reticulation","Submain Install","HV-28 - MVSSB-1B to TX-1B","Torque settings"
"791b87db-1f80-4e7c-b316-c0f4d737e45b","","folder-normal","not-started","","step","TRUE","FALSE","HDC Site QA","Main Reticulation","Submain Install","HV-29 - GEN-2B to GSB-2B"
"2854cfd0-181d-4496-8144-7a9d82555253","","checklist-sectioned","not-started","_RPL - AE-ITCX-010 - Torque Settings for Bolts (Rev 0 +Names)","checklist","FALSE","FALSE","HDC Site QA","Main Reticulation","Submain Install","HV-29 - GEN-2B to GSB-2B","Torque settings"
"ddb2afa9-fa27-4153-93ce-bf49ec3c2923","","folder-normal","not-started","","step","TRUE","FALSE","HDC Site QA","Main Reticulation","Submain Install","HV-30 - GSB-2B to MVSSB-2B"
"53588bd5-b225-434d-afbd-e3fb15285f36","","checklist-sectioned","not-started","_RPL - AE-ITCX-010 - Torque Settings for Bolts (Rev 0 +Names)","checklist","FALSE","FALSE","HDC Site QA","Main Reticulation","Submain Install","HV-30 - GSB-2B to MVSSB-2B","Torque settings"
"da031d72-d360-4e40-a860-aa46f249c090","","folder-normal","not-started","","step","TRUE","FALSE","HDC Site QA","Main Reticulation","Submain Install","HV-31 - MVSSB-2B to TX-2B"
"11442bbd-fbaf-4eac-90de-a5f343959cbf","","checklist-sectioned","not-started","_RPL - AE-ITCX-010 - Torque Settings for Bolts (Rev 0 +Names)","checklist","FALSE","FALSE","HDC Site QA","Main Reticulation","Submain Install","HV-31 - MVSSB-2B to TX-2B","Torque settings"
"206cbb27-5aed-4867-b9ac-a204978fb430","","folder-normal","not-started","","step","TRUE","FALSE","HDC Site QA","Main Reticulation","Submain Install","HV-32 - GEN-H to GSB-H"
"a179f016-ff68-4351-a39b-f22a9fda1290","","checklist-sectioned","not-started","_RPL - AE-ITCX-010 - Torque Settings for Bolts (Rev 0 +Names)","checklist","FALSE","FALSE","HDC Site QA","Main Reticulation","Submain Install","HV-32 - GEN-H to GSB-H","Torque settings"
"f61f8bb3-befa-4df7-9c14-2b770798afc2","","folder-normal","not-started","","step","TRUE","FALSE","HDC Site QA","Main Reticulation","Submain Install","HV-33 - GSB-H to MVSSB-H"
"5246e447-d1a6-42d0-80ff-dac5cd63703a","","checklist-sectioned","not-started","_RPL - AE-ITCX-010 - Torque Settings for Bolts (Rev 0 +Names)","checklist","FALSE","FALSE","HDC Site QA","Main Reticulation","Submain Install","HV-33 - GSB-H to MVSSB-H","Torque settings"
"5808dfb6-b4be-441a-83da-8eb29b5f4c7b","","folder-normal","not-started","","step","TRUE","FALSE","HDC Site QA","Main Reticulation","Submain Install","HV-34 - MVSSB-H to TX-H"
"00e60d20-0e39-4cc7-84bc-34baf38ee140","","checklist-sectioned","not-started","_RPL - AE-ITCX-010 - Torque Settings for Bolts (Rev 0 +Names)","checklist","FALSE","FALSE","HDC Site QA","Main Reticulation","Submain Install","HV-34 - MVSSB-H to TX-H","Torque settings"
"7b9b3b05-63f7-4ec8-a0da-3bc1ba9fb0f5","","folder-normal","not-started","","step","TRUE","FALSE","HDC Site QA","Main Reticulation","Submain Install","HV-35 - GSA-1A to GSB-1B"
"95da7dc6-94f7-4d1d-89bd-d06091f16b41","","checklist-sectioned","not-started","_RPL - AE-ITCX-010 - Torque Settings for Bolts (Rev 0 +Names)","checklist","FALSE","FALSE","HDC Site QA","Main Reticulation","Submain Install","HV-35 - GSA-1A to GSB-1B","Torque settings"
"c18794d8-6c35-4c08-8b89-33fb7988a0de","","folder-normal","not-started","","step","TRUE","FALSE","HDC Site QA","Main Reticulation","Submain Install","HV-36 - GSB-3C to GSB-1B"
"c636deff-fa62-4f67-b659-6a8038c24e8d","","checklist-sectioned","not-started","_RPL - AE-ITCX-010 - Torque Settings for Bolts (Rev 0 +Names)","checklist","FALSE","FALSE","HDC Site QA","Main Reticulation","Submain Install","HV-36 - GSB-3C to GSB-1B","Torque settings"
"57a5b2f9-ebe6-4cc3-b63b-9be5c42c5de4","","folder-normal","not-started","","step","TRUE","FALSE","HDC Site QA","Main Reticulation","Submain Install","HV-37 - GSB-2A to GSB-3C"
"6e4902f5-aaaf-4521-b2d6-c58ba46f9920","","checklist-sectioned","not-started","_RPL - AE-ITCX-010 - Torque Settings for Bolts (Rev 0 +Names)","checklist","FALSE","FALSE","HDC Site QA","Main Reticulation","Submain Install","HV-37 - GSB-2A to GSB-3C","Torque settings"
"4467b73b-59ff-41a1-bf59-5b7d8277d2db","","folder-normal","not-started","","step","TRUE","FALSE","HDC Site QA","Main Reticulation","Submain Install","HV-38 - GSB-2A to GSB-2B"
"60968652-0546-4d4b-8b4e-af656715b739","","checklist-sectioned","not-started","_RPL - AE-ITCX-010 - Torque Settings for Bolts (Rev 0 +Names)","checklist","FALSE","FALSE","HDC Site QA","Main Reticulation","Submain Install","HV-38 - GSB-2A to GSB-2B","Torque settings"
"d6d40f7f-f9f3-402d-951c-0a50c60241c9","","folder-normal","not-started","","step","TRUE","FALSE","HDC Site QA","Main Reticulation","Submain Install","HV-39 - GSB-2B to GLB"
"04b95f75-0e5b-40b4-82be-5f86b833d645","","checklist-sectioned","not-started","_RPL - AE-ITCX-010 - Torque Settings for Bolts (Rev 0 +Names)","checklist","FALSE","FALSE","HDC Site QA","Main Reticulation","Submain Install","HV-39 - GSB-2B to GLB","Torque settings"
"31c59362-8f61-4d82-9145-2b452efce8f1","","folder-normal","not-started","","step","TRUE","FALSE","HDC Site QA","Main Reticulation","Submain Install","HV-40 - GSB-2C to GLB"
"8f3572ca-0c8a-4493-8b12-9d27ffdb006e","","checklist-sectioned","not-started","_RPL - AE-ITCX-010 - Torque Settings for Bolts (Rev 0 +Names)","checklist","FALSE","FALSE","HDC Site QA","Main Reticulation","Submain Install","HV-40 - GSB-2C to GLB","Torque settings"
"80e0256a-f781-420a-a5d4-aa97878a6fc0","","folder-normal","not-started","","step","TRUE","FALSE","HDC Site QA","Main Reticulation","Submain Install","HV-41 - GSB-H to GLB"
"60555985-21c4-44ab-9aa3-6f10fcc7cde7","","checklist-sectioned","not-started","_RPL - AE-ITCX-010 - Torque Settings for Bolts (Rev 0 +Names)","checklist","FALSE","FALSE","HDC Site QA","Main Reticulation","Submain Install","HV-41 - GSB-H to GLB","Torque settings"
"71877f8f-bca9-48d1-8bd7-9b8e535d1d3c","","folder-normal","not-started","","step","TRUE","FALSE","HDC Site QA","Main Reticulation","Submain Install","HV-42 - GLB to TX-LB"
"4250803f-26cf-4f14-815f-fdbf787404b5","","checklist-sectioned","not-started","_RPL - AE-ITCX-010 - Torque Settings for Bolts (Rev 0 +Names)","checklist","FALSE","FALSE","HDC Site QA","Main Reticulation","Submain Install","HV-42 - GLB to TX-LB","Torque settings"
"440fa5b7-2abe-4cd1-afea-e0e8dd8dc7c8","","folder-normal","not-started","","step","TRUE","FALSE","HDC Site QA","Main Reticulation","Submain Install","LV-1A-001 - C-MUPS-1A to FWU-1-0-DH1-01"
"7bd9a9d1-5f1e-48a4-9885-6adfde814e8c","","checklist-sectioned","not-started","_RPL - AE-ITCX-010 - Torque Settings for Bolts (Rev 0 +Names)","checklist","FALSE","FALSE","HDC Site QA","Main Reticulation","Submain Install","LV-1A-001 - C-MUPS-1A to FWU-1-0-DH1-01","Torque settings"
"2d1cb361-9e15-43eb-bde4-d4bd1da7ca6f","","folder-normal","not-started","","step","TRUE","FALSE","HDC Site QA","Main Reticulation","Submain Install","LV-1A-002 - C-MUPS-1A to FWU-1-0-DH1-02"
"660eb75d-44b7-41a9-8234-82709a6581aa","","checklist-sectioned","not-started","_RPL - AE-ITCX-010 - Torque Settings for Bolts (Rev 0 +Names)","checklist","FALSE","FALSE","HDC Site QA","Main Reticulation","Submain Install","LV-1A-002 - C-MUPS-1A to FWU-1-0-DH1-02","Torque settings"
"c5cfa725-c411-4d95-a1ed-6b856f59a5f4","","folder-normal","not-started","","step","TRUE","FALSE","HDC Site QA","Main Reticulation","Submain Install","LV-1A-003 - C-MUPS-1A to FWU-1-0-DH1-03"
"eea588c4-eb46-48ec-83ff-f7164daf77d0","","checklist-sectioned","not-started","_RPL - AE-ITCX-010 - Torque Settings for Bolts (Rev 0 +Names)","checklist","FALSE","FALSE","HDC Site QA","Main Reticulation","Submain Install","LV-1A-003 - C-MUPS-1A to FWU-1-0-DH1-03","Torque settings"
"7fe61e71-7bad-4ca3-8033-e5e2d77034c7","","folder-normal","not-started","","step","TRUE","FALSE","HDC Site QA","Main Reticulation","Submain Install","LV-1A-004 - C-MUPS-1A to FWU-1-0-DH1-04"
"a5818f0c-c0d0-4806-8e29-9b96b3800ccd","","checklist-sectioned","not-started","_RPL - AE-ITCX-010 - Torque Settings for Bolts (Rev 0 +Names)","checklist","FALSE","FALSE","HDC Site QA","Main Reticulation","Submain Install","LV-1A-004 - C-MUPS-1A to FWU-1-0-DH1-04","Torque settings"
"a811381e-910a-44b1-85e1-6b11358f232b","","folder-normal","not-started","","step","TRUE","FALSE","HDC Site QA","Main Reticulation","Submain Install","LV-1A-005 - C-MUPS-1A to FWU-1-0-DH1-05"
"acf330be-6771-4ad7-847f-a9f83af15319","","checklist-sectioned","not-started","_RPL - AE-ITCX-010 - Torque Settings for Bolts (Rev 0 +Names)","checklist","FALSE","FALSE","HDC Site QA","Main Reticulation","Submain Install","LV-1A-005 - C-MUPS-1A to FWU-1-0-DH1-05","Torque settings"
"ae317302-846e-4df1-a864-b5c29fa42b41","","folder-normal","not-started","","step","TRUE","FALSE","HDC Site QA","Main Reticulation","Submain Install","LV-1A-006 - C-MUPS-1A to FWU-1-0-DH1-06"
"c524cb74-128d-4a0b-a451-a0c73c5b31b3","","checklist-sectioned","not-started","_RPL - AE-ITCX-010 - Torque Settings for Bolts (Rev 0 +Names)","checklist","FALSE","FALSE","HDC Site QA","Main Reticulation","Submain Install","LV-1A-006 - C-MUPS-1A to FWU-1-0-DH1-06","Torque settings"
"c28f0246-932f-4b09-bbc8-2c5479fba6ca","","folder-normal","not-started","","step","TRUE","FALSE","HDC Site QA","Main Reticulation","Submain Install","LV-1A-007 - C-MUPS-1A to FWU-1-0-DH1-07"
"121d5044-5bf1-4e9c-93ff-297895dc4f0f","","checklist-sectioned","not-started","_RPL - AE-ITCX-010 - Torque Settings for Bolts (Rev 0 +Names)","checklist","FALSE","FALSE","HDC Site QA","Main Reticulation","Submain Install","LV-1A-007 - C-MUPS-1A to FWU-1-0-DH1-07","Torque settings"
"4b6c5e5b-cf0d-419c-ae2b-c7cfcbb4546e","","folder-normal","not-started","","step","TRUE","FALSE","HDC Site QA","Main Reticulation","Submain Install","LV-1A-008 - C-MUPS-1A to FWU-1-0-DH1-08"
"849d129c-294c-4c5b-9f8b-fb96ee28906c","","checklist-sectioned","not-started","_RPL - AE-ITCX-010 - Torque Settings for Bolts (Rev 0 +Names)","checklist","FALSE","FALSE","HDC Site QA","Main Reticulation","Submain Install","LV-1A-008 - C-MUPS-1A to FWU-1-0-DH1-08","Torque settings"
"530a6653-699d-44d4-8121-42efcc71b596","","folder-normal","not-started","","step","TRUE","FALSE","HDC Site QA","Main Reticulation","Submain Install","LV-1A-009 - C-MUPS-1A to FWU-1-0-DH1-09"
"855048f6-0e18-4062-afcc-a1b923f1dd1f","","checklist-sectioned","not-started","_RPL - AE-ITCX-010 - Torque Settings for Bolts (Rev 0 +Names)","checklist","FALSE","FALSE","HDC Site QA","Main Reticulation","Submain Install","LV-1A-009 - C-MUPS-1A to FWU-1-0-DH1-09","Torque settings"
"030e6e16-d5b3-4700-b3ad-dfeddee03eda","","folder-normal","not-started","","step","TRUE","FALSE","HDC Site QA","Main Reticulation","Submain Install","LV-1A-010 - C-MUPS-1A to CHW PUMP 2 CHWP-1-3-02"
"6e9c6f3a-931b-47a8-8df3-37a3718b121f","","checklist-sectioned","not-started","_RPL - AE-ITCX-010 - Torque Settings for Bolts (Rev 0 +Names)","checklist","FALSE","FALSE","HDC Site QA","Main Reticulation","Submain Install","LV-1A-010 - C-MUPS-1A to CHW PUMP 2 CHWP-1-3-02","Torque settings"
"c2e54c18-e935-40c5-b44e-12b7d5e962cc","","folder-normal","not-started","","step","TRUE","FALSE","HDC Site QA","Main Reticulation","Submain Install","LV-1A-011 - C-MUPS-1A to CHW PUMP 1 CHWP-1-3-01"
"07e55885-ec5c-40e9-b2df-c2d217f44f93","","checklist-sectioned","not-started","_RPL - AE-ITCX-010 - Torque Settings for Bolts (Rev 0 +Names)","checklist","FALSE","FALSE","HDC Site QA","Main Reticulation","Submain Install","LV-1A-011 - C-MUPS-1A to CHW PUMP 1 CHWP-1-3-01","Torque settings"
"9f4b4c08-18b2-41ce-ae3b-e84475819455","","folder-normal","not-started","","step","TRUE","FALSE","HDC Site QA","Main Reticulation","Submain Install","LV-1A-012 - C-SSB-1A to Chiller 1 ACCH-1-01"
"3e912771-7cbc-4add-b16a-3ba2d9c54812","","checklist-sectioned","not-started","_RPL - AE-ITCX-010 - Torque Settings for Bolts (Rev 0 +Names)","checklist","FALSE","FALSE","HDC Site QA","Main Reticulation","Submain Install","LV-1A-012 - C-SSB-1A to Chiller 1 ACCH-1-01","Torque settings"
"dc205ff9-e7bf-4fe8-8846-f47dc86b20b1","","folder-normal","not-started","","step","TRUE","FALSE","HDC Site QA","Main Reticulation","Submain Install","LV-1A-014 - C-SSB-1A to Chiller 2 ACCH-1-02"
"be4b8637-b908-4b3b-866b-8656adc6bd1a","","checklist-sectioned","not-started","_RPL - AE-ITCX-010 - Torque Settings for Bolts (Rev 0 +Names)","checklist","FALSE","FALSE","HDC Site QA","Main Reticulation","Submain Install","LV-1A-014 - C-SSB-1A to Chiller 2 ACCH-1-02","Torque settings"
"2d02934e-8713-4444-895e-91ea9c1a1063","","folder-normal","not-started","","step","TRUE","FALSE","HDC Site QA","Main Reticulation","Submain Install","LV-1A-016 - C-SSB-1A to PAHU-1-3-DHX-01"
"180fed5c-25ec-4970-82bf-c109b8f780ad","","checklist-sectioned","not-started","_RPL - AE-ITCX-010 - Torque Settings for Bolts (Rev 0 +Names)","checklist","FALSE","FALSE","HDC Site QA","Main Reticulation","Submain Install","LV-1A-016 - C-SSB-1A to PAHU-1-3-DHX-01","Torque settings"
"181b04a2-0ebf-4657-9b95-1517a2edff08","","folder-normal","not-started","","step","TRUE","FALSE","HDC Site QA","Main Reticulation","Submain Install","LV-1A-017 - C-SSB-1A to CU-1-RF-MVSB3-02"
"94910f13-335c-40fc-a30f-a1ed6069980d","","checklist-sectioned","not-started","_RPL - AE-ITCX-010 - Torque Settings for Bolts (Rev 0 +Names)","checklist","FALSE","FALSE","HDC Site QA","Main Reticulation","Submain Install","LV-1A-017 - C-SSB-1A to CU-1-RF-MVSB3-02","Torque settings"
"eafa16fa-7673-4806-974e-d88acc2d7a03","","folder-normal","not-started","","step","TRUE","FALSE","HDC Site QA","Main Reticulation","Submain Install","LV-1A-018 - C-SSB-1A to CU-1-RF-MVSB1-01"
"c6d25e7d-6b7c-4492-8ed6-8ca4ca428507","","checklist-sectioned","not-started","_RPL - AE-ITCX-010 - Torque Settings for Bolts (Rev 0 +Names)","checklist","FALSE","FALSE","HDC Site QA","Main Reticulation","Submain Install","LV-1A-018 - C-SSB-1A to CU-1-RF-MVSB1-01","Torque settings"
"45bd8914-85ae-4a39-aa13-8bf8313bbf3b","","folder-normal","not-started","","step","TRUE","FALSE","HDC Site QA","Main Reticulation","Submain Install","LV-1A-019 - C-SSB-1A to CRAC-1-0-LV1-04"
"009f2f21-9fd9-4576-8d22-a1f574b9307a","","checklist-sectioned","not-started","_RPL - AE-ITCX-010 - Torque Settings for Bolts (Rev 0 +Names)","checklist","FALSE","FALSE","HDC Site QA","Main Reticulation","Submain Install","LV-1A-019 - C-SSB-1A to CRAC-1-0-LV1-04","Torque settings"
"70798572-be6a-458b-b5e0-5aac92d41a18","","folder-normal","not-started","","step","TRUE","FALSE","HDC Site QA","Main Reticulation","Submain Install","LV-1A-020 - C-SSB-1A to CRAC-1-0-LV1-03"
"c762ebad-e984-46c3-a839-18a9c47c8584","","checklist-sectioned","not-started","_RPL - AE-ITCX-010 - Torque Settings for Bolts (Rev 0 +Names)","checklist","FALSE","FALSE","HDC Site QA","Main Reticulation","Submain Install","LV-1A-020 - C-SSB-1A to CRAC-1-0-LV1-03","Torque settings"
"9015961c-ae34-4d4f-b7ee-20f62c51a456","","folder-normal","not-started","","step","TRUE","FALSE","HDC Site QA","Main Reticulation","Submain Install","LV-1A-021 - C-SSB-1A to CRAH-MV1B-02"
"83ae3efc-b07a-463e-a580-1d5eca07682d","","checklist-sectioned","not-started","_RPL - AE-ITCX-010 - Torque Settings for Bolts (Rev 0 +Names)","checklist","FALSE","FALSE","HDC Site QA","Main Reticulation","Submain Install","LV-1A-021 - C-SSB-1A to CRAH-MV1B-02","Torque settings"
"05dc98f5-a7b8-4ea8-ab21-af0b5d3c9663","","folder-normal","not-started","","step","TRUE","FALSE","HDC Site QA","Main Reticulation","Submain Install","LV-1A-022 - C-SSB-1A to CRAH-MV1A-01"
"486964b9-0a50-48d7-be2a-cfbf9fe68c74","","checklist-sectioned","not-started","_RPL - AE-ITCX-010 - Torque Settings for Bolts (Rev 0 +Names)","checklist","FALSE","FALSE","HDC Site QA","Main Reticulation","Submain Install","LV-1A-022 - C-SSB-1A to CRAH-MV1A-01","Torque settings"
"af901280-b89a-4610-be76-b06bd6fce881","","folder-normal","not-started","","step","TRUE","FALSE","HDC Site QA","Main Reticulation","Submain Install","LV-1A-023 - C-SSB-1A to CRAH-1-0-CA3-01"
"cd58831c-9aa1-41a9-a769-f44aaa62a596","","checklist-sectioned","not-started","_RPL - AE-ITCX-010 - Torque Settings for Bolts (Rev 0 +Names)","checklist","FALSE","FALSE","HDC Site QA","Main Reticulation","Submain Install","LV-1A-023 - C-SSB-1A to CRAH-1-0-CA3-01","Torque settings"
"38aadc44-f719-4903-8b33-225ca28b439b","","folder-normal","not-started","","step","TRUE","FALSE","HDC Site QA","Main Reticulation","Submain Install","LV-1A-024 - C-SSB-1A to CRAC-1-0-MVSB3-02"
"1a2d7b09-ffea-4b9d-8a0e-af743c34efdf","","checklist-sectioned","not-started","_RPL - AE-ITCX-010 - Torque Settings for Bolts (Rev 0 +Names)","checklist","FALSE","FALSE","HDC Site QA","Main Reticulation","Submain Install","LV-1A-024 - C-SSB-1A to CRAC-1-0-MVSB3-02","Torque settings"
"3e6fb127-65fd-47f6-a306-2ca4618bd3a9","","folder-normal","not-started","","step","TRUE","FALSE","HDC Site QA","Main Reticulation","Submain Install","LV-1A-025 - C-SSB-1A to CRAC-1-0-MVSB1-01"
"de1db8fd-f39b-4710-a146-bf54aba63429","","checklist-sectioned","not-started","_RPL - AE-ITCX-010 - Torque Settings for Bolts (Rev 0 +Names)","checklist","FALSE","FALSE","HDC Site QA","Main Reticulation","Submain Install","LV-1A-025 - C-SSB-1A to CRAC-1-0-MVSB1-01","Torque settings"
"b4bf8ff2-74ef-4c9f-a9db-9c4530c1dc59","","folder-normal","not-started","","step","TRUE","FALSE","HDC Site QA","Main Reticulation","Submain Install","LV-1A-026 - C-SSB-1A to Industrial Water IW-1A"
"8d18b89c-b023-4201-821e-47d187c8582a","","checklist-sectioned","not-started","_RPL - AE-ITCX-010 - Torque Settings for Bolts (Rev 0 +Names)","checklist","FALSE","FALSE","HDC Site QA","Main Reticulation","Submain Install","LV-1A-026 - C-SSB-1A to Industrial Water IW-1A","Torque settings"
"08a142ba-753b-4332-96fd-cf3a8f1a1fa8","","folder-normal","not-started","","step","TRUE","FALSE","HDC Site QA","Main Reticulation","Submain Install","LV-1A-027 - C-SSB-1A to UPS"
"11e8b83c-629e-43f4-8f3a-0c0e7f0cdd1e","","checklist-sectioned","not-started","_RPL - AE-ITCX-010 - Torque Settings for Bolts (Rev 0 +Names)","checklist","FALSE","FALSE","HDC Site QA","Main Reticulation","Submain Install","LV-1A-027 - C-SSB-1A to UPS","Torque settings"
"48f776be-6fc4-4035-b954-e28cab72a3a8","","folder-normal","not-started","","step","TRUE","FALSE","HDC Site QA","Main Reticulation","Submain Install","LV-1A-029 - C-SSB-1A to MUPS"
"bb932ae0-8c01-4389-94df-7e9576a62b1e","","checklist-sectioned","not-started","_RPL - AE-ITCX-010 - Torque Settings for Bolts (Rev 0 +Names)","checklist","FALSE","FALSE","HDC Site QA","Main Reticulation","Submain Install","LV-1A-029 - C-SSB-1A to MUPS","Torque settings"
"d8abed58-0bbc-4500-96d8-be69a0e0dae4","","folder-normal","not-started","","step","TRUE","FALSE","HDC Site QA","Main Reticulation","Submain Install","LV-1A-031 - C-TOB-1A-01 to PDU-1A-1"
"bd524b84-8679-4345-ac77-dec1852bfdf2","","checklist-sectioned","not-started","_RPL - AE-ITCX-010 - Torque Settings for Bolts (Rev 0 +Names)","checklist","FALSE","FALSE","HDC Site QA","Main Reticulation","Submain Install","LV-1A-031 - C-TOB-1A-01 to PDU-1A-1","Torque settings"
"5d8dbe37-c161-4e3e-bdc3-57fc2f5e9edc","","folder-normal","not-started","","step","TRUE","FALSE","HDC Site QA","Main Reticulation","Submain Install","LV-1A-033 - C-TOB-1A-02 to PDU-1A-2"
"00dd27c6-82cb-4dfc-a564-7e8078c8ada0","","checklist-sectioned","not-started","_RPL - AE-ITCX-010 - Torque Settings for Bolts (Rev 0 +Names)","checklist","FALSE","FALSE","HDC Site QA","Main Reticulation","Submain Install","LV-1A-033 - C-TOB-1A-02 to PDU-1A-2","Torque settings"
"8a3dda8a-0d63-427c-8677-e177172b58b0","","folder-normal","not-started","","step","TRUE","FALSE","HDC Site QA","Main Reticulation","Submain Install","LV-1A-035 - C-TOB-1A-03 to PDU-1A-3"
"b072798b-40b5-4a4e-b661-864e7a2f21a2","","checklist-sectioned","not-started","_RPL - AE-ITCX-010 - Torque Settings for Bolts (Rev 0 +Names)","checklist","FALSE","FALSE","HDC Site QA","Main Reticulation","Submain Install","LV-1A-035 - C-TOB-1A-03 to PDU-1A-3","Torque settings"
"ac4c8e61-cebd-417c-bfd0-2a709504c22c","","folder-normal","not-started","","step","TRUE","FALSE","HDC Site QA","Main Reticulation","Submain Install","LV-1A-037 - C-TOB-1A-04 to PDU-1A-4"
"28e87316-b6b1-4cae-9588-d2c832cf0a2f","","checklist-sectioned","not-started","_RPL - AE-ITCX-010 - Torque Settings for Bolts (Rev 0 +Names)","checklist","FALSE","FALSE","HDC Site QA","Main Reticulation","Submain Install","LV-1A-037 - C-TOB-1A-04 to PDU-1A-4","Torque settings"
"f480e503-710b-4812-b479-9244a97ee572","","folder-normal","not-started","","step","TRUE","FALSE","HDC Site QA","Main Reticulation","Submain Install","LV-1A-039 - C-TOB-1A-05 to PDU-1A-5"
"1a499ff4-db1a-4c01-9c55-b58a5ae08534","","checklist-sectioned","not-started","_RPL - AE-ITCX-010 - Torque Settings for Bolts (Rev 0 +Names)","checklist","FALSE","FALSE","HDC Site QA","Main Reticulation","Submain Install","LV-1A-039 - C-TOB-1A-05 to PDU-1A-5","Torque settings"
"8cd57e47-cec4-4574-9b80-46cef5e2457a","","folder-normal","not-started","","step","TRUE","FALSE","HDC Site QA","Main Reticulation","Submain Install","LV-1A-041 - C-TOB-1A-06 to PDU-1A-6"
"b980e01b-f1ef-49af-bfea-73caf43f1e5f","","checklist-sectioned","not-started","_RPL - AE-ITCX-010 - Torque Settings for Bolts (Rev 0 +Names)","checklist","FALSE","FALSE","HDC Site QA","Main Reticulation","Submain Install","LV-1A-041 - C-TOB-1A-06 to PDU-1A-6","Torque settings"
"b3bf0c1a-f8de-4f37-bb30-64a07974e031","","folder-normal","not-started","","step","TRUE","FALSE","HDC Site QA","Main Reticulation","Submain Install","LV-1A-043 - C-TOB-1A-07 to PDU-1A-7"
"438081c6-ee4c-4a9b-856c-06f33d97a534","","checklist-sectioned","not-started","_RPL - AE-ITCX-010 - Torque Settings for Bolts (Rev 0 +Names)","checklist","FALSE","FALSE","HDC Site QA","Main Reticulation","Submain Install","LV-1A-043 - C-TOB-1A-07 to PDU-1A-7","Torque settings"
"41fa5cea-8603-4e42-8cba-822aa25b50f2","","folder-normal","not-started","","step","TRUE","FALSE","HDC Site QA","Main Reticulation","Submain Install","LV-1A-045 - C-TOB-1A-08 to PDU-1A-8"
"84152baa-fe93-4c6d-9deb-a4a04241b8d9","","checklist-sectioned","not-started","_RPL - AE-ITCX-010 - Torque Settings for Bolts (Rev 0 +Names)","checklist","FALSE","FALSE","HDC Site QA","Main Reticulation","Submain Install","LV-1A-045 - C-TOB-1A-08 to PDU-1A-8","Torque settings"
"7aa90682-32ef-485d-8092-67e52b1d1254","","folder-normal","not-started","","step","TRUE","FALSE","HDC Site QA","Main Reticulation","Submain Install","LV-1A-047 - C-UPS-1A to C-MUPS-1A"
"cf515078-bd0f-4e21-9af7-13da71f67216","","checklist-sectioned","not-started","_RPL - AE-ITCX-010 - Torque Settings for Bolts (Rev 0 +Names)","checklist","FALSE","FALSE","HDC Site QA","Main Reticulation","Submain Install","LV-1A-047 - C-UPS-1A to C-MUPS-1A","Torque settings"
"108b5185-5455-4582-b39f-d98d3ab2633c","","folder-normal","not-started","","step","TRUE","FALSE","HDC Site QA","Main Reticulation","Submain Install","LV-1A-049 - MSB-1A to LP-1A"
"ae74e128-5121-4f0e-815d-38fd0b988c36","","checklist-sectioned","not-started","_RPL - AE-ITCX-010 - Torque Settings for Bolts (Rev 0 +Names)","checklist","FALSE","FALSE","HDC Site QA","Main Reticulation","Submain Install","LV-1A-049 - MSB-1A to LP-1A","Torque settings"
"d94d22e5-9f3e-4978-9be0-b0aa1aaeaefe","","folder-normal","not-started","","step","TRUE","FALSE","HDC Site QA","Main Reticulation","Submain Install","LV-1A-050 - MSB-1A to DC-1A-1"
"c4389052-c285-4cd4-974e-962f9e5bfe56","","checklist-sectioned","not-started","_RPL - AE-ITCX-010 - Torque Settings for Bolts (Rev 0 +Names)","checklist","FALSE","FALSE","HDC Site QA","Main Reticulation","Submain Install","LV-1A-050 - MSB-1A to DC-1A-1","Torque settings"
"528ec473-3e66-45c3-b879-d6e16b0ea4dd","","folder-normal","not-started","","step","TRUE","FALSE","HDC Site QA","Main Reticulation","Submain Install","LV-1A-051 - MSB-1A to DC-1A-2"
"62d30cc4-af81-44d7-a2de-f23c852968a8","","checklist-sectioned","not-started","_RPL - AE-ITCX-010 - Torque Settings for Bolts (Rev 0 +Names)","checklist","FALSE","FALSE","HDC Site QA","Main Reticulation","Submain Install","LV-1A-051 - MSB-1A to DC-1A-2","Torque settings"
"cda93bff-1ff9-449f-93b4-8aa6eac1a403","","folder-normal","not-started","","step","TRUE","FALSE","HDC Site QA","Main Reticulation","Submain Install","LV-1A-052 - MUPS-1A to U-LP-1A"
"13e9ece5-facc-4527-9f8c-1e05fc560cef","","checklist-sectioned","not-started","_RPL - AE-ITCX-010 - Torque Settings for Bolts (Rev 0 +Names)","checklist","FALSE","FALSE","HDC Site QA","Main Reticulation","Submain Install","LV-1A-052 - MUPS-1A to U-LP-1A","Torque settings"
"691f41fe-fd6d-415b-8407-2e2f6edd1078","","folder-normal","not-started","","step","TRUE","FALSE","HDC Site QA","Main Reticulation","Submain Install","LV-1A-053 - MUPS-1A to FWU-1-0-DH1-09"
"29811533-d03c-4b12-8dab-b221ddda23ef","","checklist-sectioned","not-started","_RPL - AE-ITCX-010 - Torque Settings for Bolts (Rev 0 +Names)","checklist","FALSE","FALSE","HDC Site QA","Main Reticulation","Submain Install","LV-1A-053 - MUPS-1A to FWU-1-0-DH1-09","Torque settings"
"f2ac7b03-e230-48c9-af61-aeff79f38f5b","","folder-normal","not-started","","step","TRUE","FALSE","HDC Site QA","Main Reticulation","Submain Install","LV-1A-054 - MUPS-1A to FWU-1-0-DH1-08"
"93920ddd-6c96-425c-b2ab-6f4ec9d3d0b4","","checklist-sectioned","not-started","_RPL - AE-ITCX-010 - Torque Settings for Bolts (Rev 0 +Names)","checklist","FALSE","FALSE","HDC Site QA","Main Reticulation","Submain Install","LV-1A-054 - MUPS-1A to FWU-1-0-DH1-08","Torque settings"
"4f1b8f25-3c12-4e99-bf39-4901db09caf8","","folder-normal","not-started","","step","TRUE","FALSE","HDC Site QA","Main Reticulation","Submain Install","LV-1A-055 - MUPS-1A to FWU-1-0-DH1-07"
"fdbdbd88-0dd8-4e9a-a1b8-620f664dda4d","","checklist-sectioned","not-started","_RPL - AE-ITCX-010 - Torque Settings for Bolts (Rev 0 +Names)","checklist","FALSE","FALSE","HDC Site QA","Main Reticulation","Submain Install","LV-1A-055 - MUPS-1A to FWU-1-0-DH1-07","Torque settings"
"4a24b4a9-59a7-4643-8d47-036e3907ad7b","","folder-normal","not-started","","step","TRUE","FALSE","HDC Site QA","Main Reticulation","Submain Install","LV-1A-056 - MUPS-1A to FWU-1-0-DH1-06"
"f5778cb5-54e1-47a6-b040-4091514b1d2b","","checklist-sectioned","not-started","_RPL - AE-ITCX-010 - Torque Settings for Bolts (Rev 0 +Names)","checklist","FALSE","FALSE","HDC Site QA","Main Reticulation","Submain Install","LV-1A-056 - MUPS-1A to FWU-1-0-DH1-06","Torque settings"
"c9c7501d-4856-4ce8-9a51-c67308b0ef67","","folder-normal","not-started","","step","TRUE","FALSE","HDC Site QA","Main Reticulation","Submain Install","LV-1A-057 - MUPS-1A to FWU-1-0-DH1-05"
"b405931e-0eb0-4db1-85f9-d72389f6cb2b","","checklist-sectioned","not-started","_RPL - AE-ITCX-010 - Torque Settings for Bolts (Rev 0 +Names)","checklist","FALSE","FALSE","HDC Site QA","Main Reticulation","Submain Install","LV-1A-057 - MUPS-1A to FWU-1-0-DH1-05","Torque settings"
"e9a901e1-4749-4b58-9bc0-1892aa1863a3","","folder-normal","not-started","","step","TRUE","FALSE","HDC Site QA","Main Reticulation","Submain Install","LV-1A-058 - MUPS-1A to FWU-1-0-DH1-04"
"b1c2d095-f87c-408f-a3cf-49b6f7951920","","checklist-sectioned","not-started","_RPL - AE-ITCX-010 - Torque Settings for Bolts (Rev 0 +Names)","checklist","FALSE","FALSE","HDC Site QA","Main Reticulation","Submain Install","LV-1A-058 - MUPS-1A to FWU-1-0-DH1-04","Torque settings"
"4a0f02c2-e9cc-4460-99f4-89d46ef1aeb4","","folder-normal","not-started","","step","TRUE","FALSE","HDC Site QA","Main Reticulation","Submain Install","LV-1A-059 - MUPS-1A to FWU-1-0-DH1-03"
"29c00b79-23ee-41af-8bf1-5bfc5d186fd3","","checklist-sectioned","not-started","_RPL - AE-ITCX-010 - Torque Settings for Bolts (Rev 0 +Names)","checklist","FALSE","FALSE","HDC Site QA","Main Reticulation","Submain Install","LV-1A-059 - MUPS-1A to FWU-1-0-DH1-03","Torque settings"
"70937bd8-5c7a-46d9-bf8d-daff5aaf8fb3","","folder-normal","not-started","","step","TRUE","FALSE","HDC Site QA","Main Reticulation","Submain Install","LV-1A-060 - MUPS-1A to FWU-1-0-DH1-02"
"2edf89be-b517-4598-8e70-42749fb65505","","checklist-sectioned","not-started","_RPL - AE-ITCX-010 - Torque Settings for Bolts (Rev 0 +Names)","checklist","FALSE","FALSE","HDC Site QA","Main Reticulation","Submain Install","LV-1A-060 - MUPS-1A to FWU-1-0-DH1-02","Torque settings"
"a988a5ac-27dd-4c5b-9e22-11e559cffecb","","folder-normal","not-started","","step","TRUE","FALSE","HDC Site QA","Main Reticulation","Submain Install","LV-1A-061 - MUPS-1A to FWU-1-0-DH1-01"
"a0ef8685-4c84-4450-b2ad-74d695c788b3","","checklist-sectioned","not-started","_RPL - AE-ITCX-010 - Torque Settings for Bolts (Rev 0 +Names)","checklist","FALSE","FALSE","HDC Site QA","Main Reticulation","Submain Install","LV-1A-061 - MUPS-1A to FWU-1-0-DH1-01","Torque settings"
"fabc4065-87dc-4d71-81a8-645d467ab630","","folder-normal","not-started","","step","TRUE","FALSE","HDC Site QA","Main Reticulation","Submain Install","LV-1A-062 - MUPS-1A to CHW PUMP 2 CHWP-1-3-02"
"28de3c2a-4600-43a9-a0c6-1e8c183aa71d","","checklist-sectioned","not-started","_RPL - AE-ITCX-010 - Torque Settings for Bolts (Rev 0 +Names)","checklist","FALSE","FALSE","HDC Site QA","Main Reticulation","Submain Install","LV-1A-062 - MUPS-1A to CHW PUMP 2 CHWP-1-3-02","Torque settings"
"89f5152a-4183-476d-b700-b7a944766ed9","","folder-normal","not-started","","step","TRUE","FALSE","HDC Site QA","Main Reticulation","Submain Install","LV-1A-063 - MUPS-1A to CHW PUMP 1 CHWP-1-3-01"
"0bfa253c-d90d-4f82-aba8-236c15832c29","","checklist-sectioned","not-started","_RPL - AE-ITCX-010 - Torque Settings for Bolts (Rev 0 +Names)","checklist","FALSE","FALSE","HDC Site QA","Main Reticulation","Submain Install","LV-1A-063 - MUPS-1A to CHW PUMP 1 CHWP-1-3-01","Torque settings"
"5fab4330-47cf-4337-aeb7-7efcd71e6e01","","folder-normal","not-started","","step","TRUE","FALSE","HDC Site QA","Main Reticulation","Submain Install","LV-1A-064 - SSB-1A to Chiller 1 ACCH-1-01"
"028ebff3-5c65-4f10-8b5c-3b6e53f85f52","","checklist-sectioned","not-started","_RPL - AE-ITCX-010 - Torque Settings for Bolts (Rev 0 +Names)","checklist","FALSE","FALSE","HDC Site QA","Main Reticulation","Submain Install","LV-1A-064 - SSB-1A to Chiller 1 ACCH-1-01","Torque settings"
"d27d1571-ac1a-40e2-9517-27937addb024","","folder-normal","not-started","","step","TRUE","FALSE","HDC Site QA","Main Reticulation","Submain Install","LV-1A-066 - SSB-1A to Chiller 2 ACCH-1-02"
"5ddc5fbf-6052-4860-99b2-3b4a59143d7a","","checklist-sectioned","not-started","_RPL - AE-ITCX-010 - Torque Settings for Bolts (Rev 0 +Names)","checklist","FALSE","FALSE","HDC Site QA","Main Reticulation","Submain Install","LV-1A-066 - SSB-1A to Chiller 2 ACCH-1-02","Torque settings"
"6309050c-57ea-4452-9740-60a602ea5569","","folder-normal","not-started","","step","TRUE","FALSE","HDC Site QA","Main Reticulation","Submain Install","LV-1A-068 - SSB-1A to PAHU-1-3-DHX-01"
"fa624fcf-3e29-4c6b-b563-e16d1d8e8538","","checklist-sectioned","not-started","_RPL - AE-ITCX-010 - Torque Settings for Bolts (Rev 0 +Names)","checklist","FALSE","FALSE","HDC Site QA","Main Reticulation","Submain Install","LV-1A-068 - SSB-1A to PAHU-1-3-DHX-01","Torque settings"
"24a63051-d95e-4f85-bf46-abc944a806e3","","folder-normal","not-started","","step","TRUE","FALSE","HDC Site QA","Main Reticulation","Submain Install","LV-1A-069 - SSB-1A to CU-1-RF-MVSB3-02"
"afc443c5-5c30-4c66-a460-130e3a8658f2","","checklist-sectioned","not-started","_RPL - AE-ITCX-010 - Torque Settings for Bolts (Rev 0 +Names)","checklist","FALSE","FALSE","HDC Site QA","Main Reticulation","Submain Install","LV-1A-069 - SSB-1A to CU-1-RF-MVSB3-02","Torque settings"
"7f8b6274-b010-44aa-9acb-2fe78ae5d359","","folder-normal","not-started","","step","TRUE","FALSE","HDC Site QA","Main Reticulation","Submain Install","LV-1A-070 - SSB-1A to CU-1-RF-MVSB1-01"
"c91024af-92b4-474f-b136-b8b1c6ef62f0","","checklist-sectioned","not-started","_RPL - AE-ITCX-010 - Torque Settings for Bolts (Rev 0 +Names)","checklist","FALSE","FALSE","HDC Site QA","Main Reticulation","Submain Install","LV-1A-070 - SSB-1A to CU-1-RF-MVSB1-01","Torque settings"
"4c9ac0df-8ad7-4760-81d8-991ee84779cb","","folder-normal","not-started","","step","TRUE","FALSE","HDC Site QA","Main Reticulation","Submain Install","LV-1A-071 - SSB-1A to CRAC-1-0-LV1-04"
"5e9adabd-3711-4ea4-83cd-2b9cbf0803e7","","checklist-sectioned","not-started","_RPL - AE-ITCX-010 - Torque Settings for Bolts (Rev 0 +Names)","checklist","FALSE","FALSE","HDC Site QA","Main Reticulation","Submain Install","LV-1A-071 - SSB-1A to CRAC-1-0-LV1-04","Torque settings"
"cfd60560-d2e5-4bab-ae57-c10e20d6f630","","folder-normal","not-started","","step","TRUE","FALSE","HDC Site QA","Main Reticulation","Submain Install","LV-1A-072 - SSB-1A to CRAC-1-0-LV1-03"
"8595d340-7af0-4bfc-b891-343e94ba9c8e","","checklist-sectioned","not-started","_RPL - AE-ITCX-010 - Torque Settings for Bolts (Rev 0 +Names)","checklist","FALSE","FALSE","HDC Site QA","Main Reticulation","Submain Install","LV-1A-072 - SSB-1A to CRAC-1-0-LV1-03","Torque settings"
"ac05c368-5024-46db-aedd-9232a5b90aa8","","folder-normal","not-started","","step","TRUE","FALSE","HDC Site QA","Main Reticulation","Submain Install","LV-1A-073 - SSB-1A to CRA-MV1B-02"
"8109438e-b1e5-4553-b61d-5fc56078393e","","checklist-sectioned","not-started","_RPL - AE-ITCX-010 - Torque Settings for Bolts (Rev 0 +Names)","checklist","FALSE","FALSE","HDC Site QA","Main Reticulation","Submain Install","LV-1A-073 - SSB-1A to CRA-MV1B-02","Torque settings"
"fa0af22a-ed68-4c9a-a182-a098b89d6224","","folder-normal","not-started","","step","TRUE","FALSE","HDC Site QA","Main Reticulation","Submain Install","LV-1A-074 - SSB-1A to CRAH-MV1A-01"
"80b56900-036b-4fcb-b06e-9c8405c70639","","checklist-sectioned","not-started","_RPL - AE-ITCX-010 - Torque Settings for Bolts (Rev 0 +Names)","checklist","FALSE","FALSE","HDC Site QA","Main Reticulation","Submain Install","LV-1A-074 - SSB-1A to CRAH-MV1A-01","Torque settings"
"a93de7d4-3d13-494e-8ab6-bb1f995109b4","","folder-normal","not-started","","step","TRUE","FALSE","HDC Site QA","Main Reticulation","Submain Install","LV-1A-075 - SSB-1A to CRAH-1-0-CA3-01"
"e9e58af6-59c3-4172-aa7e-1398628ad354","","checklist-sectioned","not-started","_RPL - AE-ITCX-010 - Torque Settings for Bolts (Rev 0 +Names)","checklist","FALSE","FALSE","HDC Site QA","Main Reticulation","Submain Install","LV-1A-075 - SSB-1A to CRAH-1-0-CA3-01","Torque settings"
"e8a8b4cb-5234-4be8-aaae-38b9b46cdf32","","folder-normal","not-started","","step","TRUE","FALSE","HDC Site QA","Main Reticulation","Submain Install","LV-1A-076 - SSB-1A to CRAC-1-0-MVSB3-02"
"938f46d6-07a9-4504-80bb-7e2a380aada2","","checklist-sectioned","not-started","_RPL - AE-ITCX-010 - Torque Settings for Bolts (Rev 0 +Names)","checklist","FALSE","FALSE","HDC Site QA","Main Reticulation","Submain Install","LV-1A-076 - SSB-1A to CRAC-1-0-MVSB3-02","Torque settings"
"2d9687db-cd90-4b7a-a4db-84181a182754","","folder-normal","not-started","","step","TRUE","FALSE","HDC Site QA","Main Reticulation","Submain Install","LV-1A-077 - SSB-1A to CRAC-1-0-MVSB1-01"
"f5a049a5-0976-404d-a70c-d8f16f0e4323","","checklist-sectioned","not-started","_RPL - AE-ITCX-010 - Torque Settings for Bolts (Rev 0 +Names)","checklist","FALSE","FALSE","HDC Site QA","Main Reticulation","Submain Install","LV-1A-077 - SSB-1A to CRAC-1-0-MVSB1-01","Torque settings"
"1ac4f701-f8b1-46a7-8815-3b33b3779704","","folder-normal","not-started","","step","TRUE","FALSE","HDC Site QA","Main Reticulation","Submain Install","LV-1A-078 - SSB-1A to Industrial Water IW-1A"
"22733830-8e3a-4b51-bdf9-5497cca10905","","checklist-sectioned","not-started","_RPL - AE-ITCX-010 - Torque Settings for Bolts (Rev 0 +Names)","checklist","FALSE","FALSE","HDC Site QA","Main Reticulation","Submain Install","LV-1A-078 - SSB-1A to Industrial Water IW-1A","Torque settings"
"29e62b5e-bdb3-405a-a187-32d079900a13","","folder-normal","not-started","","step","TRUE","FALSE","HDC Site QA","Main Reticulation","Submain Install","LV-1A-079 - SSB-1A to UPS-1A"
"144ff677-6d7e-4e4e-a2a1-3af4575cb530","","checklist-sectioned","not-started","_RPL - AE-ITCX-010 - Torque Settings for Bolts (Rev 0 +Names)","checklist","FALSE","FALSE","HDC Site QA","Main Reticulation","Submain Install","LV-1A-079 - SSB-1A to UPS-1A","Torque settings"
"9d194c15-6084-4e76-abe6-f09dd669bba0","","folder-normal","not-started","","step","TRUE","FALSE","HDC Site QA","Main Reticulation","Submain Install","LV-1A-081 - SSB-1A to MUPS-1A"
"bdd2db93-b37c-4b98-b16b-3b157622fc83","","checklist-sectioned","not-started","_RPL - AE-ITCX-010 - Torque Settings for Bolts (Rev 0 +Names)","checklist","FALSE","FALSE","HDC Site QA","Main Reticulation","Submain Install","LV-1A-081 - SSB-1A to MUPS-1A","Torque settings"
"5e0367b1-92b7-4eb2-88af-241052bef138","","folder-normal","not-started","","step","TRUE","FALSE","HDC Site QA","Main Reticulation","Submain Install","LV-1A-083 - TOB-1A-09 to PDU-1A-1"
"105a411b-a719-4d0e-b767-5ab2cd8b2ae6","","checklist-sectioned","not-started","_RPL - AE-ITCX-010 - Torque Settings for Bolts (Rev 0 +Names)","checklist","FALSE","FALSE","HDC Site QA","Main Reticulation","Submain Install","LV-1A-083 - TOB-1A-09 to PDU-1A-1","Torque settings"
"79fb58ee-385c-4141-a7e6-3a526aea5242","","folder-normal","not-started","","step","TRUE","FALSE","HDC Site QA","Main Reticulation","Submain Install","LV-1A-085 - TOB-1A-10 to PDU-1A-2"
"fd4d46ca-8bc1-4cce-9419-f46433dcc708","","checklist-sectioned","not-started","_RPL - AE-ITCX-010 - Torque Settings for Bolts (Rev 0 +Names)","checklist","FALSE","FALSE","HDC Site QA","Main Reticulation","Submain Install","LV-1A-085 - TOB-1A-10 to PDU-1A-2","Torque settings"
"b68e21bb-e100-40b6-af0b-37c4eb99bec3","","folder-normal","not-started","","step","TRUE","FALSE","HDC Site QA","Main Reticulation","Submain Install","LV-1A-087 - TOB-1A-11 to PDU-1A-3"
"9a229dc1-83c7-41df-b970-2cc03d465748","","checklist-sectioned","not-started","_RPL - AE-ITCX-010 - Torque Settings for Bolts (Rev 0 +Names)","checklist","FALSE","FALSE","HDC Site QA","Main Reticulation","Submain Install","LV-1A-087 - TOB-1A-11 to PDU-1A-3","Torque settings"
"9f3d0ade-3c76-4c90-b187-4f9a68c9019e","","folder-normal","not-started","","step","TRUE","FALSE","HDC Site QA","Main Reticulation","Submain Install","LV-1A-089 - TOB-1A-12 to PDU-1A-4"
"60b3c6fc-6caf-4bcd-81e0-941f3c5d8b5c","","checklist-sectioned","not-started","_RPL - AE-ITCX-010 - Torque Settings for Bolts (Rev 0 +Names)","checklist","FALSE","FALSE","HDC Site QA","Main Reticulation","Submain Install","LV-1A-089 - TOB-1A-12 to PDU-1A-4","Torque settings"
"7fc7f75d-91db-4531-8575-859eb7bbaab4","","folder-normal","not-started","","step","TRUE","FALSE","HDC Site QA","Main Reticulation","Submain Install","LV-1A-091 - TOB-1A-13 to PDU-1A-5"
"e9c524d2-058a-419d-830f-0823bac0f3c0","","checklist-sectioned","not-started","_RPL - AE-ITCX-010 - Torque Settings for Bolts (Rev 0 +Names)","checklist","FALSE","FALSE","HDC Site QA","Main Reticulation","Submain Install","LV-1A-091 - TOB-1A-13 to PDU-1A-5","Torque settings"
"d6afd549-cbce-4528-90b2-c1c6d633dfcc","","folder-normal","not-started","","step","TRUE","FALSE","HDC Site QA","Main Reticulation","Submain Install","LV-1A-093 - TOB-1A-14 to PDU-1A-6"
"16a005f1-8270-4b1a-b04d-a4a7f83c4717","","checklist-sectioned","not-started","_RPL - AE-ITCX-010 - Torque Settings for Bolts (Rev 0 +Names)","checklist","FALSE","FALSE","HDC Site QA","Main Reticulation","Submain Install","LV-1A-093 - TOB-1A-14 to PDU-1A-6","Torque settings"
"344630cd-4a21-45fb-a6c0-7c9f0f44e1c3","","folder-normal","not-started","","step","TRUE","FALSE","HDC Site QA","Main Reticulation","Submain Install","LV-1A-095 - TOB-1A-15 to PDU-1A-7"
"e6d6860e-cf67-4fce-b57e-2f3226abece4","","checklist-sectioned","not-started","_RPL - AE-ITCX-010 - Torque Settings for Bolts (Rev 0 +Names)","checklist","FALSE","FALSE","HDC Site QA","Main Reticulation","Submain Install","LV-1A-095 - TOB-1A-15 to PDU-1A-7","Torque settings"
"6439271f-4622-4bfc-a558-39ba4e9fc294","","folder-normal","not-started","","step","TRUE","FALSE","HDC Site QA","Main Reticulation","Submain Install","LV-1A-097 - TOB-1A-16 to PDU-1A-8"
"b48c16e5-0dd1-4e7c-87fe-2709b0d6fb4a","","checklist-sectioned","not-started","_RPL - AE-ITCX-010 - Torque Settings for Bolts (Rev 0 +Names)","checklist","FALSE","FALSE","HDC Site QA","Main Reticulation","Submain Install","LV-1A-097 - TOB-1A-16 to PDU-1A-8","Torque settings"
"7e085227-a8cf-43c0-b779-8e911181e96a","","folder-normal","not-started","","step","TRUE","FALSE","HDC Site QA","Main Reticulation","Submain Install","LV-1A-099 - UPS-1A to MUPS-1A"
"1d7c4c64-2754-4e38-8dd1-84d0381aca26","","checklist-sectioned","not-started","_RPL - AE-ITCX-010 - Torque Settings for Bolts (Rev 0 +Names)","checklist","FALSE","FALSE","HDC Site QA","Main Reticulation","Submain Install","LV-1A-099 - UPS-1A to MUPS-1A","Torque settings"
"c8b39163-5fb0-48c7-a620-1018056747e6","","folder-normal","not-started","","step","TRUE","FALSE","HDC Site QA","Main Reticulation","Submain Install","LV-1A-103 - UPS-1A to BATT-1A-2"
"a4bc160b-cf4d-469b-9491-0210ec02d709","","checklist-sectioned","not-started","_RPL - AE-ITCX-010 - Torque Settings for Bolts (Rev 0 +Names)","checklist","FALSE","FALSE","HDC Site QA","Main Reticulation","Submain Install","LV-1A-103 - UPS-1A to BATT-1A-2","Torque settings"
"062b2626-c64c-44a4-a68c-96cbee12a159","","folder-normal","not-started","","step","TRUE","FALSE","HDC Site QA","Main Reticulation","Submain Install","LV-1A-105 - UPS-1A to MUPS-1A"
"2d8588f5-f526-4985-b7ed-b459e042ca42","","checklist-sectioned","not-started","_RPL - AE-ITCX-010 - Torque Settings for Bolts (Rev 0 +Names)","checklist","FALSE","FALSE","HDC Site QA","Main Reticulation","Submain Install","LV-1A-105 - UPS-1A to MUPS-1A","Torque settings"
"6b63ea90-e357-4660-a950-148ac30a4f15","","folder-normal","not-started","","step","TRUE","FALSE","HDC Site QA","Main Reticulation","Submain Install","LV-1B-001 - C-MUPS-1B to CR-1.2"
"30490387-1ba1-424d-8c4f-951d90757a58","","checklist-sectioned","not-started","_RPL - AE-ITCX-010 - Torque Settings for Bolts (Rev 0 +Names)","checklist","FALSE","FALSE","HDC Site QA","Main Reticulation","Submain Install","LV-1B-001 - C-MUPS-1B to CR-1.2","Torque settings"
"c267e612-db74-4670-921b-f66dfac91a60","","folder-normal","not-started","","step","TRUE","FALSE","HDC Site QA","Main Reticulation","Submain Install","LV-1B-002 - C-MUPS-1B to FWU-1-0-DH1-10"
"e53c8bc5-37f2-4382-b053-7d1ec9fbe92a","","checklist-sectioned","not-started","_RPL - AE-ITCX-010 - Torque Settings for Bolts (Rev 0 +Names)","checklist","FALSE","FALSE","HDC Site QA","Main Reticulation","Submain Install","LV-1B-002 - C-MUPS-1B to FWU-1-0-DH1-10","Torque settings"
"f0c1e5fc-8c9f-4a6f-a90f-48b7dfa5c8a4","","folder-normal","not-started","","step","TRUE","FALSE","HDC Site QA","Main Reticulation","Submain Install","LV-1B-002 - C-MUPS-1B to FWU-1-0-DH1-11"
"ce7b5cb4-ad5c-47a3-9ad1-f5dc0f13fd30","","checklist-sectioned","not-started","_RPL - AE-ITCX-010 - Torque Settings for Bolts (Rev 0 +Names)","checklist","FALSE","FALSE","HDC Site QA","Main Reticulation","Submain Install","LV-1B-002 - C-MUPS-1B to FWU-1-0-DH1-11","Torque settings"
"68aea2ef-d8e1-4645-9f93-d9f40ffe7cf5","","folder-normal","not-started","","step","TRUE","FALSE","HDC Site QA","Main Reticulation","Submain Install","LV-1B-002 - C-MUPS-1B to FWU-1-0-DH1-12"
"6b0fc0e4-a792-4313-8296-299d6429252e","","checklist-sectioned","not-started","_RPL - AE-ITCX-010 - Torque Settings for Bolts (Rev 0 +Names)","checklist","FALSE","FALSE","HDC Site QA","Main Reticulation","Submain Install","LV-1B-002 - C-MUPS-1B to FWU-1-0-DH1-12","Torque settings"
"33c5e770-da19-46b6-ae5e-fb148e3702f4","","folder-normal","not-started","","step","TRUE","FALSE","HDC Site QA","Main Reticulation","Submain Install","LV-1B-002 - C-MUPS-1B to FWU-1-0-DH1-13"
"7771538f-c2e6-452e-b4e5-6254e46ef527","","checklist-sectioned","not-started","_RPL - AE-ITCX-010 - Torque Settings for Bolts (Rev 0 +Names)","checklist","FALSE","FALSE","HDC Site QA","Main Reticulation","Submain Install","LV-1B-002 - C-MUPS-1B to FWU-1-0-DH1-13","Torque settings"
"5d4a010e-e6fb-485f-9a34-b701350084b8","","folder-normal","not-started","","step","TRUE","FALSE","HDC Site QA","Main Reticulation","Submain Install","LV-1B-002 - C-MUPS-1B to FWU-1-0-DH1-14"
"48cd6b55-198f-4939-9062-d1308ed57ae6","","checklist-sectioned","not-started","_RPL - AE-ITCX-010 - Torque Settings for Bolts (Rev 0 +Names)","checklist","FALSE","FALSE","HDC Site QA","Main Reticulation","Submain Install","LV-1B-002 - C-MUPS-1B to FWU-1-0-DH1-14","Torque settings"
"faa00ff9-92b7-4df4-bbcb-15049f4ee98d","","folder-normal","not-started","","step","TRUE","FALSE","HDC Site QA","Main Reticulation","Submain Install","LV-1B-002 - C-MUPS-1B to FWU-1-0-DH1-15"
"5dc0caa9-f845-48e3-b48f-192b41351237","","checklist-sectioned","not-started","_RPL - AE-ITCX-010 - Torque Settings for Bolts (Rev 0 +Names)","checklist","FALSE","FALSE","HDC Site QA","Main Reticulation","Submain Install","LV-1B-002 - C-MUPS-1B to FWU-1-0-DH1-15","Torque settings"
"673e5ea2-edf7-41b9-9ec8-5f9b3cda1172","","folder-normal","not-started","","step","TRUE","FALSE","HDC Site QA","Main Reticulation","Submain Install","LV-1B-002 - C-MUPS-1B to FWU-1-0-DH1-16"
"e874e79a-0501-4438-9036-45b130a9dc8e","","checklist-sectioned","not-started","_RPL - AE-ITCX-010 - Torque Settings for Bolts (Rev 0 +Names)","checklist","FALSE","FALSE","HDC Site QA","Main Reticulation","Submain Install","LV-1B-002 - C-MUPS-1B to FWU-1-0-DH1-16","Torque settings"
"8f273013-14c4-472f-8115-6457339bfdc9","","folder-normal","not-started","","step","TRUE","FALSE","HDC Site QA","Main Reticulation","Submain Install","LV-1B-002 - C-MUPS-1B to FWU-1-0-DH1-17"
"11b592cb-8cbe-44dd-be58-58c04c5150f6","","checklist-sectioned","not-started","_RPL - AE-ITCX-010 - Torque Settings for Bolts (Rev 0 +Names)","checklist","FALSE","FALSE","HDC Site QA","Main Reticulation","Submain Install","LV-1B-002 - C-MUPS-1B to FWU-1-0-DH1-17","Torque settings"
"f380106b-cc44-4e88-89c8-3c6b6d8d9b87","","folder-normal","not-started","","step","TRUE","FALSE","HDC Site QA","Main Reticulation","Submain Install","LV-1B-002 - C-MUPS-1B to FWU-1-0-DH1-18"
"804b8847-eef2-4236-9482-d70dc46a284c","","checklist-sectioned","not-started","_RPL - AE-ITCX-010 - Torque Settings for Bolts (Rev 0 +Names)","checklist","FALSE","FALSE","HDC Site QA","Main Reticulation","Submain Install","LV-1B-002 - C-MUPS-1B to FWU-1-0-DH1-18","Torque settings"
"e4eb123c-7aba-4c22-a84a-f2b639ea545b","","folder-normal","not-started","","step","TRUE","FALSE","HDC Site QA","Main Reticulation","Submain Install","LV-1B-011 - C-MUPS-1B to CHWP-1-3-03"
"3fdd2109-468c-4056-85df-eb775b6e3bbc","","checklist-sectioned","not-started","_RPL - AE-ITCX-010 - Torque Settings for Bolts (Rev 0 +Names)","checklist","FALSE","FALSE","HDC Site QA","Main Reticulation","Submain Install","LV-1B-011 - C-MUPS-1B to CHWP-1-3-03","Torque settings"
"82ee2154-a7ad-4ac0-9e9e-803df582c57e","","folder-normal","not-started","","step","TRUE","FALSE","HDC Site QA","Main Reticulation","Submain Install","LV-1B-012 - C-SSB-1B to CU-1-RF-CR1-02"
"3710f214-d2b6-40bb-ba77-320ef0ec5462","","checklist-sectioned","not-started","_RPL - AE-ITCX-010 - Torque Settings for Bolts (Rev 0 +Names)","checklist","FALSE","FALSE","HDC Site QA","Main Reticulation","Submain Install","LV-1B-012 - C-SSB-1B to CU-1-RF-CR1-02","Torque settings"
"13364c6e-fff5-4c96-b876-6c511f76fc7c","","folder-normal","not-started","","step","TRUE","FALSE","HDC Site QA","Main Reticulation","Submain Install","LV-1B-013 - C-SSB-1B to CRAC-1-1-CR1-02"
"bb6d8655-475b-4214-9dd4-73b06a4b5a7f","","checklist-sectioned","not-started","_RPL - AE-ITCX-010 - Torque Settings for Bolts (Rev 0 +Names)","checklist","FALSE","FALSE","HDC Site QA","Main Reticulation","Submain Install","LV-1B-013 - C-SSB-1B to CRAC-1-1-CR1-02","Torque settings"
"6d060964-5990-4f70-a8ca-b90babc4ae03","","folder-normal","not-started","","step","TRUE","FALSE","HDC Site QA","Main Reticulation","Submain Install","LV-1B-014 - C-SSB-1B to ACCH-1-3-03"
"477348f0-1338-4509-b126-8839c6d5b6c9","","checklist-sectioned","not-started","_RPL - AE-ITCX-010 - Torque Settings for Bolts (Rev 0 +Names)","checklist","FALSE","FALSE","HDC Site QA","Main Reticulation","Submain Install","LV-1B-014 - C-SSB-1B to ACCH-1-3-03","Torque settings"
"68791538-3fe8-4e37-a7ad-46e51fcc212e","","folder-normal","not-started","","step","TRUE","FALSE","HDC Site QA","Main Reticulation","Submain Install","LV-1B-016 - C-SSB-1B to PAHU-1-3-DH1"
"32dd9e50-d744-487d-bcac-b31ed17b000f","","checklist-sectioned","not-started","_RPL - AE-ITCX-010 - Torque Settings for Bolts (Rev 0 +Names)","checklist","FALSE","FALSE","HDC Site QA","Main Reticulation","Submain Install","LV-1B-016 - C-SSB-1B to PAHU-1-3-DH1","Torque settings"
"fd243c7d-e2ad-4574-94da-95fd5a4b6677","","folder-normal","not-started","","step","TRUE","FALSE","HDC Site QA","Main Reticulation","Submain Install","LV-1B-017 - C-SSB-1B to CU-1-RF-MVSB3-01"
"ce7dacf0-eac8-494a-b175-bddca0f8f25f","","checklist-sectioned","not-started","_RPL - AE-ITCX-010 - Torque Settings for Bolts (Rev 0 +Names)","checklist","FALSE","FALSE","HDC Site QA","Main Reticulation","Submain Install","LV-1B-017 - C-SSB-1B to CU-1-RF-MVSB3-01","Torque settings"
"94472fc3-39f2-4d63-917a-65cfc169e1ad","","folder-normal","not-started","","step","TRUE","FALSE","HDC Site QA","Main Reticulation","Submain Install","LV-1B-018 - C-SSB-1B to CU-1-RF-MVSB1-02"
"88b1362c-e1b4-42a2-a252-b166c78a0e0e","","checklist-sectioned","not-started","_RPL - AE-ITCX-010 - Torque Settings for Bolts (Rev 0 +Names)","checklist","FALSE","FALSE","HDC Site QA","Main Reticulation","Submain Install","LV-1B-018 - C-SSB-1B to CU-1-RF-MVSB1-02","Torque settings"
"4d338752-8eb7-447d-b5e3-fab61ba0a576","","folder-normal","not-started","","step","TRUE","FALSE","HDC Site QA","Main Reticulation","Submain Install","LV-1B-019 - C-SSB-1B to CRAC-1-0-LV1-02"
"a53c362c-2f24-42a0-8eac-8a334e250015","","checklist-sectioned","not-started","_RPL - AE-ITCX-010 - Torque Settings for Bolts (Rev 0 +Names)","checklist","FALSE","FALSE","HDC Site QA","Main Reticulation","Submain Install","LV-1B-019 - C-SSB-1B to CRAC-1-0-LV1-02","Torque settings"
"d762e1e7-3538-45c3-9871-601bfb3d85da","","folder-normal","not-started","","step","TRUE","FALSE","HDC Site QA","Main Reticulation","Submain Install","LV-1B-020 - C-SSB-1B to CRAC-1-0-LV1-01"
"a73eea67-f1b6-42a2-ae8b-640e5a00d4cd","","checklist-sectioned","not-started","_RPL - AE-ITCX-010 - Torque Settings for Bolts (Rev 0 +Names)","checklist","FALSE","FALSE","HDC Site QA","Main Reticulation","Submain Install","LV-1B-020 - C-SSB-1B to CRAC-1-0-LV1-01","Torque settings"
"001dc0ec-f56b-4cfc-9854-b3f3ba5b7009","","folder-normal","not-started","","step","TRUE","FALSE","HDC Site QA","Main Reticulation","Submain Install","LV-1B-021 - C-SSB-1B to CRA-MV1B-01"
"f4ce9315-d718-44fe-a685-cd18101a348a","","checklist-sectioned","not-started","_RPL - AE-ITCX-010 - Torque Settings for Bolts (Rev 0 +Names)","checklist","FALSE","FALSE","HDC Site QA","Main Reticulation","Submain Install","LV-1B-021 - C-SSB-1B to CRA-MV1B-01","Torque settings"
"083cad73-6865-44e0-ae18-0ff05b00e358","","folder-normal","not-started","","step","TRUE","FALSE","HDC Site QA","Main Reticulation","Submain Install","LV-1B-022 - C-SSB-1B to CRAH-MV1A-02"
"2185f062-06eb-496d-ad3d-e5bfd3dda27c","","checklist-sectioned","not-started","_RPL - AE-ITCX-010 - Torque Settings for Bolts (Rev 0 +Names)","checklist","FALSE","FALSE","HDC Site QA","Main Reticulation","Submain Install","LV-1B-022 - C-SSB-1B to CRAH-MV1A-02","Torque settings"
"0e0ddd51-692d-4c81-876b-e6f913604371","","folder-normal","not-started","","step","TRUE","FALSE","HDC Site QA","Main Reticulation","Submain Install","LV-1B-023 - C-SSB-1B to CRAH-1-0-CA2-02"
"bbe5a4a2-0da9-46e8-bfa7-63794bdf58cc","","checklist-sectioned","not-started","_RPL - AE-ITCX-010 - Torque Settings for Bolts (Rev 0 +Names)","checklist","FALSE","FALSE","HDC Site QA","Main Reticulation","Submain Install","LV-1B-023 - C-SSB-1B to CRAH-1-0-CA2-02","Torque settings"
"32b1b758-13a2-4cd7-94fc-dcf16737af0b","","folder-normal","not-started","","step","TRUE","FALSE","HDC Site QA","Main Reticulation","Submain Install","LV-1B-024 - C-SSB-1B to CRAC-1-0-MVSB3-01"
"f99d0c0c-de56-4baa-b5ef-552edd8b1861","","checklist-sectioned","not-started","_RPL - AE-ITCX-010 - Torque Settings for Bolts (Rev 0 +Names)","checklist","FALSE","FALSE","HDC Site QA","Main Reticulation","Submain Install","LV-1B-024 - C-SSB-1B to CRAC-1-0-MVSB3-01","Torque settings"
"8b5fcb14-93d6-40c2-a8f5-a3922e7d0377","","folder-normal","not-started","","step","TRUE","FALSE","HDC Site QA","Main Reticulation","Submain Install","LV-1B-025 - C-SSB-1B to CRAC-1-0-MVSB1-02"
"1c40d2b4-b32d-4994-ac3b-b665194db8de","","checklist-sectioned","not-started","_RPL - AE-ITCX-010 - Torque Settings for Bolts (Rev 0 +Names)","checklist","FALSE","FALSE","HDC Site QA","Main Reticulation","Submain Install","LV-1B-025 - C-SSB-1B to CRAC-1-0-MVSB1-02","Torque settings"
"57893e16-59ee-4348-8f27-57940bec706d","","folder-normal","not-started","","step","TRUE","FALSE","HDC Site QA","Main Reticulation","Submain Install","LV-1B-026 - C-SSB-1B to Industrial Water IW-1B"
"8909bbb2-913e-4ae9-b095-39e1e71c839b","","checklist-sectioned","not-started","_RPL - AE-ITCX-010 - Torque Settings for Bolts (Rev 0 +Names)","checklist","FALSE","FALSE","HDC Site QA","Main Reticulation","Submain Install","LV-1B-026 - C-SSB-1B to Industrial Water IW-1B","Torque settings"
"53628dc4-11d7-40f4-85f7-5ed6b6f85d10","","folder-normal","not-started","","step","TRUE","FALSE","HDC Site QA","Main Reticulation","Submain Install","LV-1B-027 - C-SSB-1B to UPS"
"aa986ba9-180f-44eb-817c-8e04a44c036b","","checklist-sectioned","not-started","_RPL - AE-ITCX-010 - Torque Settings for Bolts (Rev 0 +Names)","checklist","FALSE","FALSE","HDC Site QA","Main Reticulation","Submain Install","LV-1B-027 - C-SSB-1B to UPS","Torque settings"
"54182625-4b1f-4c8e-8b49-143d517182f7","","folder-normal","not-started","","step","TRUE","FALSE","HDC Site QA","Main Reticulation","Submain Install","LV-1B-029 - C-SSB-1B to MUPS"
"271a8615-5f91-4148-aa84-bf2679abf6ba","","checklist-sectioned","not-started","_RPL - AE-ITCX-010 - Torque Settings for Bolts (Rev 0 +Names)","checklist","FALSE","FALSE","HDC Site QA","Main Reticulation","Submain Install","LV-1B-029 - C-SSB-1B to MUPS","Torque settings"
"897d5c50-f38e-4214-90ce-f82c92896e70","","folder-normal","not-started","","step","TRUE","FALSE","HDC Site QA","Main Reticulation","Submain Install","LV-1B-031 - C-TOB-1B-01 to PDU-1B-1"
"b429c126-0653-462d-8984-83f2f86f469e","","checklist-sectioned","not-started","_RPL - AE-ITCX-010 - Torque Settings for Bolts (Rev 0 +Names)","checklist","FALSE","FALSE","HDC Site QA","Main Reticulation","Submain Install","LV-1B-031 - C-TOB-1B-01 to PDU-1B-1","Torque settings"
"a48a926d-f665-41d8-ac2f-4964cb5dabb9","","folder-normal","not-started","","step","TRUE","FALSE","HDC Site QA","Main Reticulation","Submain Install","LV-1B-033 - C-TOB-1B-02 to PDU-1B-2"
"1e9b2749-a5cd-400a-af94-505e587b2ff7","","checklist-sectioned","not-started","_RPL - AE-ITCX-010 - Torque Settings for Bolts (Rev 0 +Names)","checklist","FALSE","FALSE","HDC Site QA","Main Reticulation","Submain Install","LV-1B-033 - C-TOB-1B-02 to PDU-1B-2","Torque settings"
"1f205c61-c456-4ba5-b9fe-7fc733189208","","folder-normal","not-started","","step","TRUE","FALSE","HDC Site QA","Main Reticulation","Submain Install","LV-1B-035 - C-TOB-1B-03 to PDU-1B-3"
"ba4c6701-be25-4595-b683-89416fbe72fe","","checklist-sectioned","not-started","_RPL - AE-ITCX-010 - Torque Settings for Bolts (Rev 0 +Names)","checklist","FALSE","FALSE","HDC Site QA","Main Reticulation","Submain Install","LV-1B-035 - C-TOB-1B-03 to PDU-1B-3","Torque settings"
"558e7259-a04f-4eb5-8b5f-35b66b67571c","","folder-normal","not-started","","step","TRUE","FALSE","HDC Site QA","Main Reticulation","Submain Install","LV-1B-037 - C-TOB-1B-04 to PDU-1B-4"
"b06c8890-a6e7-40bf-b13c-afade3bb7a74","","checklist-sectioned","not-started","_RPL - AE-ITCX-010 - Torque Settings for Bolts (Rev 0 +Names)","checklist","FALSE","FALSE","HDC Site QA","Main Reticulation","Submain Install","LV-1B-037 - C-TOB-1B-04 to PDU-1B-4","Torque settings"
"ee4e0f34-4126-4f57-851c-4ec148b2a7ac","","folder-normal","not-started","","step","TRUE","FALSE","HDC Site QA","Main Reticulation","Submain Install","LV-1B-039 - C-TOB-1B-05 to PDU-1B-5"
"29158630-2744-4e34-8b53-8d6ed6a871f2","","checklist-sectioned","not-started","_RPL - AE-ITCX-010 - Torque Settings for Bolts (Rev 0 +Names)","checklist","FALSE","FALSE","HDC Site QA","Main Reticulation","Submain Install","LV-1B-039 - C-TOB-1B-05 to PDU-1B-5","Torque settings"
"d5b3b270-2145-480b-828c-1d57794c8da1","","folder-normal","not-started","","step","TRUE","FALSE","HDC Site QA","Main Reticulation","Submain Install","LV-1B-041 - C-TOB-1B-06 to PDU-1B-6"
"8b478768-e416-4aa5-99ec-1f5a5463d81a","","checklist-sectioned","not-started","_RPL - AE-ITCX-010 - Torque Settings for Bolts (Rev 0 +Names)","checklist","FALSE","FALSE","HDC Site QA","Main Reticulation","Submain Install","LV-1B-041 - C-TOB-1B-06 to PDU-1B-6","Torque settings"
"c3413726-d2cd-4da5-b0d0-7e389849faa5","","folder-normal","not-started","","step","TRUE","FALSE","HDC Site QA","Main Reticulation","Submain Install","LV-1B-043 - C-TOB-1B-07 to PDU-1B-7"
"1da21122-7ea9-43ca-a93c-f9bb243408d6","","checklist-sectioned","not-started","_RPL - AE-ITCX-010 - Torque Settings for Bolts (Rev 0 +Names)","checklist","FALSE","FALSE","HDC Site QA","Main Reticulation","Submain Install","LV-1B-043 - C-TOB-1B-07 to PDU-1B-7","Torque settings"
"4853e31c-d5ee-4456-923c-813839977e31","","folder-normal","not-started","","step","TRUE","FALSE","HDC Site QA","Main Reticulation","Submain Install","LV-1B-045 - C-TOB-1B-08 to PDU-1B-8"
"f4d45065-c8da-4086-83ba-0cc8b047341e","","checklist-sectioned","not-started","_RPL - AE-ITCX-010 - Torque Settings for Bolts (Rev 0 +Names)","checklist","FALSE","FALSE","HDC Site QA","Main Reticulation","Submain Install","LV-1B-045 - C-TOB-1B-08 to PDU-1B-8","Torque settings"
"79ae232b-90fa-4ff2-bc08-7fc6e774879b","","folder-normal","not-started","","step","TRUE","FALSE","HDC Site QA","Main Reticulation","Submain Install","LV-1B-047 - C-UPS-1B to C-MUPS-1B"
"ca556658-75fa-4218-8cd4-c53193d290dd","","checklist-sectioned","not-started","_RPL - AE-ITCX-010 - Torque Settings for Bolts (Rev 0 +Names)","checklist","FALSE","FALSE","HDC Site QA","Main Reticulation","Submain Install","LV-1B-047 - C-UPS-1B to C-MUPS-1B","Torque settings"
"40392924-7b8e-4d3d-a178-a369f288a02a","","folder-normal","not-started","","step","TRUE","FALSE","HDC Site QA","Main Reticulation","Submain Install","LV-1B-049 - MSB-1B to LP-1B"
"3f0865d1-48d2-40c8-a1d0-42ca8c7fb3f0","","checklist-sectioned","not-started","_RPL - AE-ITCX-010 - Torque Settings for Bolts (Rev 0 +Names)","checklist","FALSE","FALSE","HDC Site QA","Main Reticulation","Submain Install","LV-1B-049 - MSB-1B to LP-1B","Torque settings"
"3cf526cb-a3d3-46b3-85de-076d6db1961b","","folder-normal","not-started","","step","TRUE","FALSE","HDC Site QA","Main Reticulation","Submain Install","LV-1B-050 - MSB-1B to DC-1B-1"
"05ac898c-0791-419b-aed8-418828c3ac0f","","checklist-sectioned","not-started","_RPL - AE-ITCX-010 - Torque Settings for Bolts (Rev 0 +Names)","checklist","FALSE","FALSE","HDC Site QA","Main Reticulation","Submain Install","LV-1B-050 - MSB-1B to DC-1B-1","Torque settings"
"143096c5-4431-4830-97df-79fc508b3af4","","folder-normal","not-started","","step","TRUE","FALSE","HDC Site QA","Main Reticulation","Submain Install","LV-1B-051 - MSB-1B to DC-1B-2"
"d620e964-757b-45cf-b524-bc77f3e0b402","","checklist-sectioned","not-started","_RPL - AE-ITCX-010 - Torque Settings for Bolts (Rev 0 +Names)","checklist","FALSE","FALSE","HDC Site QA","Main Reticulation","Submain Install","LV-1B-051 - MSB-1B to DC-1B-2","Torque settings"
"6fbde82b-a26f-42e4-92f9-1799aaf34f8c","","folder-normal","not-started","","step","TRUE","FALSE","HDC Site QA","Main Reticulation","Submain Install","LV-1B-052 - MUPS-1B to U-LP-1B"
"937385a9-22f2-48cf-babd-3646cdc3b635","","checklist-sectioned","not-started","_RPL - AE-ITCX-010 - Torque Settings for Bolts (Rev 0 +Names)","checklist","FALSE","FALSE","HDC Site QA","Main Reticulation","Submain Install","LV-1B-052 - MUPS-1B to U-LP-1B","Torque settings"
"887281f7-c7b6-43cb-977b-4d5140e97b80","","folder-normal","not-started","","step","TRUE","FALSE","HDC Site QA","Main Reticulation","Submain Install","LV-1B-053 - MUPS-1B to FWU-1-0-DH1-18"
"42bb50c2-0406-4ef6-978b-2550c9f2c0e8","","checklist-sectioned","not-started","_RPL - AE-ITCX-010 - Torque Settings for Bolts (Rev 0 +Names)","checklist","FALSE","FALSE","HDC Site QA","Main Reticulation","Submain Install","LV-1B-053 - MUPS-1B to FWU-1-0-DH1-18","Torque settings"
"704fa4bc-959c-4912-8595-a4c337a4e3e0","","folder-normal","not-started","","step","TRUE","FALSE","HDC Site QA","Main Reticulation","Submain Install","LV-1B-054 - MUPS-1B to FWU-1-0-DH1-17"
"483978e4-35c8-44fe-8edd-adc8f1aea105","","checklist-sectioned","not-started","_RPL - AE-ITCX-010 - Torque Settings for Bolts (Rev 0 +Names)","checklist","FALSE","FALSE","HDC Site QA","Main Reticulation","Submain Install","LV-1B-054 - MUPS-1B to FWU-1-0-DH1-17","Torque settings"
"28cf50bf-a815-4b6c-b669-c21c223a9c42","","folder-normal","not-started","","step","TRUE","FALSE","HDC Site QA","Main Reticulation","Submain Install","LV-1B-055 - MUPS-1B to FWU-1-0-DH1-16"
"5819aa1c-0c10-4b93-8b34-b3bc61fb3706","","checklist-sectioned","not-started","_RPL - AE-ITCX-010 - Torque Settings for Bolts (Rev 0 +Names)","checklist","FALSE","FALSE","HDC Site QA","Main Reticulation","Submain Install","LV-1B-055 - MUPS-1B to FWU-1-0-DH1-16","Torque settings"
"707c7411-d8a7-4410-81bb-1a0bd36d58a0","","folder-normal","not-started","","step","TRUE","FALSE","HDC Site QA","Main Reticulation","Submain Install","LV-1B-056 - MUPS-1B to FWU-1-0-DH1-15"
"6cd125cd-e6ad-404c-a33f-4328243b1e25","","checklist-sectioned","not-started","_RPL - AE-ITCX-010 - Torque Settings for Bolts (Rev 0 +Names)","checklist","FALSE","FALSE","HDC Site QA","Main Reticulation","Submain Install","LV-1B-056 - MUPS-1B to FWU-1-0-DH1-15","Torque settings"
"17280e1e-f126-4bc7-b92a-69720aaae6a3","","folder-normal","not-started","","step","TRUE","FALSE","HDC Site QA","Main Reticulation","Submain Install","LV-1B-057 - MUPS-1B to FWU-1-0-DH1-14"
"7cd0d9a7-3bc1-4675-9c14-c09c200b2662","","checklist-sectioned","not-started","_RPL - AE-ITCX-010 - Torque Settings for Bolts (Rev 0 +Names)","checklist","FALSE","FALSE","HDC Site QA","Main Reticulation","Submain Install","LV-1B-057 - MUPS-1B to FWU-1-0-DH1-14","Torque settings"
"f574c3ed-aa24-444b-899b-fdb714b6662a","","folder-normal","not-started","","step","TRUE","FALSE","HDC Site QA","Main Reticulation","Submain Install","LV-1B-058 - MUPS-1B to FWU-1-0-DH1-13"
"45c2f9aa-4151-48a9-a680-ffba9404e054","","checklist-sectioned","not-started","_RPL - AE-ITCX-010 - Torque Settings for Bolts (Rev 0 +Names)","checklist","FALSE","FALSE","HDC Site QA","Main Reticulation","Submain Install","LV-1B-058 - MUPS-1B to FWU-1-0-DH1-13","Torque settings"
"a05fbb87-430e-4e89-8bd1-2913bdb08c6d","","folder-normal","not-started","","step","TRUE","FALSE","HDC Site QA","Main Reticulation","Submain Install","LV-1B-059 - MUPS-1B to FWU-1-0-DH1-12"
"47400bbe-f43d-42a6-a40b-92bc6c11cd12","","checklist-sectioned","not-started","_RPL - AE-ITCX-010 - Torque Settings for Bolts (Rev 0 +Names)","checklist","FALSE","FALSE","HDC Site QA","Main Reticulation","Submain Install","LV-1B-059 - MUPS-1B to FWU-1-0-DH1-12","Torque settings"
"2875075a-a801-401e-8f38-294e28dfb00c","","folder-normal","not-started","","step","TRUE","FALSE","HDC Site QA","Main Reticulation","Submain Install","LV-1B-060 - MUPS-1B to FWU-1-0-DH1-11"
"01897f12-48d7-4784-8860-63b27e438b7d","","checklist-sectioned","not-started","_RPL - AE-ITCX-010 - Torque Settings for Bolts (Rev 0 +Names)","checklist","FALSE","FALSE","HDC Site QA","Main Reticulation","Submain Install","LV-1B-060 - MUPS-1B to FWU-1-0-DH1-11","Torque settings"
"878dfefa-a058-4e94-aa3c-8fde86038db6","","folder-normal","not-started","","step","TRUE","FALSE","HDC Site QA","Main Reticulation","Submain Install","LV-1B-061 - MUPS-1B to FWU-1-0-DH1-10"
"dcc17589-f5d8-437b-a264-7787aa368585","","checklist-sectioned","not-started","_RPL - AE-ITCX-010 - Torque Settings for Bolts (Rev 0 +Names)","checklist","FALSE","FALSE","HDC Site QA","Main Reticulation","Submain Install","LV-1B-061 - MUPS-1B to FWU-1-0-DH1-10","Torque settings"
"9a035396-eb75-4fda-91ba-91881f3da51a","","folder-normal","not-started","","step","TRUE","FALSE","HDC Site QA","Main Reticulation","Submain Install","LV-1B-062 - MUPS-1B to CHWP-1-3-03"
"bfc12b93-3916-4f03-9ab0-f78773ccae3e","","checklist-sectioned","not-started","_RPL - AE-ITCX-010 - Torque Settings for Bolts (Rev 0 +Names)","checklist","FALSE","FALSE","HDC Site QA","Main Reticulation","Submain Install","LV-1B-062 - MUPS-1B to CHWP-1-3-03","Torque settings"
"1c0c99cf-7815-4707-bdaa-69666d10e20b","","folder-normal","not-started","","step","TRUE","FALSE","HDC Site QA","Main Reticulation","Submain Install","LV-1B-063 - SSB-1B to ACCH-1-3-03"
"df5cb507-9fa0-4a12-a8a6-1bfad095d06f","","checklist-sectioned","not-started","_RPL - AE-ITCX-010 - Torque Settings for Bolts (Rev 0 +Names)","checklist","FALSE","FALSE","HDC Site QA","Main Reticulation","Submain Install","LV-1B-063 - SSB-1B to ACCH-1-3-03","Torque settings"
"00748c7b-1514-4df9-94d7-a542d3cdf99f","","folder-normal","not-started","","step","TRUE","FALSE","HDC Site QA","Main Reticulation","Submain Install","LV-1B-065 - SSB-1B to PAHU-1-3-DH1"
"b0df3450-35bd-43a7-8efc-5b9f035a8746","","checklist-sectioned","not-started","_RPL - AE-ITCX-010 - Torque Settings for Bolts (Rev 0 +Names)","checklist","FALSE","FALSE","HDC Site QA","Main Reticulation","Submain Install","LV-1B-065 - SSB-1B to PAHU-1-3-DH1","Torque settings"
"24d57296-49eb-4869-8e48-4aed7ad768d0","","folder-normal","not-started","","step","TRUE","FALSE","HDC Site QA","Main Reticulation","Submain Install","LV-1B-066 - SSB-1B to CU-1-RF-MVSB3-01"
"38462e96-add3-4c8e-ab80-e7ccdeb3ccee","","checklist-sectioned","not-started","_RPL - AE-ITCX-010 - Torque Settings for Bolts (Rev 0 +Names)","checklist","FALSE","FALSE","HDC Site QA","Main Reticulation","Submain Install","LV-1B-066 - SSB-1B to CU-1-RF-MVSB3-01","Torque settings"
"69f09949-c164-4506-b478-45d191962b28","","folder-normal","not-started","","step","TRUE","FALSE","HDC Site QA","Main Reticulation","Submain Install","LV-1B-067 - SSB-1B to CU-1-RF-MVSB1-02"
"0d839d43-5d56-448b-8d85-8421040160ae","","checklist-sectioned","not-started","_RPL - AE-ITCX-010 - Torque Settings for Bolts (Rev 0 +Names)","checklist","FALSE","FALSE","HDC Site QA","Main Reticulation","Submain Install","LV-1B-067 - SSB-1B to CU-1-RF-MVSB1-02","Torque settings"
"9eaa7b64-08fd-45bb-acd1-35331b1ed1ca","","folder-normal","not-started","","step","TRUE","FALSE","HDC Site QA","Main Reticulation","Submain Install","LV-1B-068 - SSB-1B to CRAC-1-0-LV1-02"
"16f29a0c-d117-44c5-972f-666bde0e636c","","checklist-sectioned","not-started","_RPL - AE-ITCX-010 - Torque Settings for Bolts (Rev 0 +Names)","checklist","FALSE","FALSE","HDC Site QA","Main Reticulation","Submain Install","LV-1B-068 - SSB-1B to CRAC-1-0-LV1-02","Torque settings"
"0aa6b93c-0996-4ed4-a70c-cf45f0a53ae2","","folder-normal","not-started","","step","TRUE","FALSE","HDC Site QA","Main Reticulation","Submain Install","LV-1B-069 - SSB-1B to CRAC-1-0-LV1-01"
"f1b3c8a9-7ff3-432c-8114-64fd75274a30","","checklist-sectioned","not-started","_RPL - AE-ITCX-010 - Torque Settings for Bolts (Rev 0 +Names)","checklist","FALSE","FALSE","HDC Site QA","Main Reticulation","Submain Install","LV-1B-069 - SSB-1B to CRAC-1-0-LV1-01","Torque settings"
"ac84e820-7eb5-4322-8a13-c38bc28e70ae","","folder-normal","not-started","","step","TRUE","FALSE","HDC Site QA","Main Reticulation","Submain Install","LV-1B-070 - SSB-1B to CRA-MV1B-01"
"559ba388-387d-4245-9f99-d3d6d116af7a","","checklist-sectioned","not-started","_RPL - AE-ITCX-010 - Torque Settings for Bolts (Rev 0 +Names)","checklist","FALSE","FALSE","HDC Site QA","Main Reticulation","Submain Install","LV-1B-070 - SSB-1B to CRA-MV1B-01","Torque settings"
"97e3bf26-2006-494e-8efc-48ef15bc1899","","folder-normal","not-started","","step","TRUE","FALSE","HDC Site QA","Main Reticulation","Submain Install","LV-1B-071 - SSB-1B to CRAH-MV1A-02"
"1b167266-22e1-4b5b-9c77-d03875ba46df","","checklist-sectioned","not-started","_RPL - AE-ITCX-010 - Torque Settings for Bolts (Rev 0 +Names)","checklist","FALSE","FALSE","HDC Site QA","Main Reticulation","Submain Install","LV-1B-071 - SSB-1B to CRAH-MV1A-02","Torque settings"
"81290a12-fb73-4d8a-8703-b3a3c6c83be0","","folder-normal","not-started","","step","TRUE","FALSE","HDC Site QA","Main Reticulation","Submain Install","LV-1B-072 - SSB-1B to CRAH-1-0-CA2-02"
"9cced645-76c4-4bb4-996a-83f0bb02b975","","checklist-sectioned","not-started","_RPL - AE-ITCX-010 - Torque Settings for Bolts (Rev 0 +Names)","checklist","FALSE","FALSE","HDC Site QA","Main Reticulation","Submain Install","LV-1B-072 - SSB-1B to CRAH-1-0-CA2-02","Torque settings"
"0f680dbb-dee1-425d-90f8-7a43dda3132b","","folder-normal","not-started","","step","TRUE","FALSE","HDC Site QA","Main Reticulation","Submain Install","LV-1B-073 - SSB-1B to CRAC-1-0-MVSB3-01"
"393d0c0b-77e0-4803-a360-dfe41c22f121","","checklist-sectioned","not-started","_RPL - AE-ITCX-010 - Torque Settings for Bolts (Rev 0 +Names)","checklist","FALSE","FALSE","HDC Site QA","Main Reticulation","Submain Install","LV-1B-073 - SSB-1B to CRAC-1-0-MVSB3-01","Torque settings"
"7f258656-629d-4671-b4d5-566fe7e1fc71","","folder-normal","not-started","","step","TRUE","FALSE","HDC Site QA","Main Reticulation","Submain Install","LV-1B-074 - SSB-1B to CRAC-1-0-MVSB1-02"
"e55d3fba-b49d-4742-a1e3-46b2898385cf","","checklist-sectioned","not-started","_RPL - AE-ITCX-010 - Torque Settings for Bolts (Rev 0 +Names)","checklist","FALSE","FALSE","HDC Site QA","Main Reticulation","Submain Install","LV-1B-074 - SSB-1B to CRAC-1-0-MVSB1-02","Torque settings"
"97090dc1-7977-4d8d-835e-d7fbe96356fc","","folder-normal","not-started","","step","TRUE","FALSE","HDC Site QA","Main Reticulation","Submain Install","LV-1B-075 - SSB-1B to Industrial Water IW-1B"
"7ae79f47-8c94-4282-8e10-863fc6d9a9c6","","checklist-sectioned","not-started","_RPL - AE-ITCX-010 - Torque Settings for Bolts (Rev 0 +Names)","checklist","FALSE","FALSE","HDC Site QA","Main Reticulation","Submain Install","LV-1B-075 - SSB-1B to Industrial Water IW-1B","Torque settings"
"58b6ed96-416f-47bc-a3d3-73370d1e5dfc","","folder-normal","not-started","","step","TRUE","FALSE","HDC Site QA","Main Reticulation","Submain Install","LV-1B-076 - SSB-1B to UPS-1A"
"688cdac9-1fa1-4c04-99db-136d3b1a5f23","","checklist-sectioned","not-started","_RPL - AE-ITCX-010 - Torque Settings for Bolts (Rev 0 +Names)","checklist","FALSE","FALSE","HDC Site QA","Main Reticulation","Submain Install","LV-1B-076 - SSB-1B to UPS-1A","Torque settings"
"b113164c-5947-4cba-babd-972525e56cea","","folder-normal","not-started","","step","TRUE","FALSE","HDC Site QA","Main Reticulation","Submain Install","LV-1B-078 - SSB-1B to MUPS-1A"
"6de700c4-934e-44cb-95ec-42ad9b5064b2","","checklist-sectioned","not-started","_RPL - AE-ITCX-010 - Torque Settings for Bolts (Rev 0 +Names)","checklist","FALSE","FALSE","HDC Site QA","Main Reticulation","Submain Install","LV-1B-078 - SSB-1B to MUPS-1A","Torque settings"
"59bc19e0-6639-458a-8afb-6dff87f64fd3","","folder-normal","not-started","","step","TRUE","FALSE","HDC Site QA","Main Reticulation","Submain Install","LV-1B-080 - TOB-1B-01 to PDU-1B-1"
"f02b5c94-b9b7-4d92-a927-aed3705f82d5","","checklist-sectioned","not-started","_RPL - AE-ITCX-010 - Torque Settings for Bolts (Rev 0 +Names)","checklist","FALSE","FALSE","HDC Site QA","Main Reticulation","Submain Install","LV-1B-080 - TOB-1B-01 to PDU-1B-1","Torque settings"
"c6dd0956-0a46-473d-8580-82842c7e3f2d","","folder-normal","not-started","","step","TRUE","FALSE","HDC Site QA","Main Reticulation","Submain Install","LV-1B-082 - TOB-1B-02 to PDU-1B-2"
"298b51d5-3f35-4725-8e1f-c03f1117d168","","checklist-sectioned","not-started","_RPL - AE-ITCX-010 - Torque Settings for Bolts (Rev 0 +Names)","checklist","FALSE","FALSE","HDC Site QA","Main Reticulation","Submain Install","LV-1B-082 - TOB-1B-02 to PDU-1B-2","Torque settings"
"1bf4047e-dfbc-47d2-91c6-bb58e824fca2","","folder-normal","not-started","","step","TRUE","FALSE","HDC Site QA","Main Reticulation","Submain Install","LV-1B-084 - TOB-1B-03 to PDU-1B-3"
"bebf50c8-fb0e-4e85-bbed-5c4a2f86db83","","checklist-sectioned","not-started","_RPL - AE-ITCX-010 - Torque Settings for Bolts (Rev 0 +Names)","checklist","FALSE","FALSE","HDC Site QA","Main Reticulation","Submain Install","LV-1B-084 - TOB-1B-03 to PDU-1B-3","Torque settings"
"1ae8777b-f06e-49f7-be2e-9d29f2e812d0","","folder-normal","not-started","","step","TRUE","FALSE","HDC Site QA","Main Reticulation","Submain Install","LV-1B-086 - TOB-1B-04 to PDU-1B-4"
"ec75b8c4-6f6c-4ce2-8544-52d5de8f2544","","checklist-sectioned","not-started","_RPL - AE-ITCX-010 - Torque Settings for Bolts (Rev 0 +Names)","checklist","FALSE","FALSE","HDC Site QA","Main Reticulation","Submain Install","LV-1B-086 - TOB-1B-04 to PDU-1B-4","Torque settings"
"6000a9cb-8989-4f5a-87fb-a69d9c00ef88","","folder-normal","not-started","","step","TRUE","FALSE","HDC Site QA","Main Reticulation","Submain Install","LV-1B-088 - TOB-1B-05 to PDU-1B-5"
"90b9e713-deed-4b89-952a-a3ba41014674","","checklist-sectioned","not-started","_RPL - AE-ITCX-010 - Torque Settings for Bolts (Rev 0 +Names)","checklist","FALSE","FALSE","HDC Site QA","Main Reticulation","Submain Install","LV-1B-088 - TOB-1B-05 to PDU-1B-5","Torque settings"
"d6bee219-5d6c-45f9-a971-6a4f0241060e","","folder-normal","not-started","","step","TRUE","FALSE","HDC Site QA","Main Reticulation","Submain Install","LV-1B-090 - TOB-1B-06 to PDU-1B-6"
"6fbc9f08-147e-4a23-8ff3-76aa61224e25","","checklist-sectioned","not-started","_RPL - AE-ITCX-010 - Torque Settings for Bolts (Rev 0 +Names)","checklist","FALSE","FALSE","HDC Site QA","Main Reticulation","Submain Install","LV-1B-090 - TOB-1B-06 to PDU-1B-6","Torque settings"
"c97c8e17-e78b-424c-8ba9-29ce884f42d0","","folder-normal","not-started","","step","TRUE","FALSE","HDC Site QA","Main Reticulation","Submain Install","LV-1B-092 - TOB-1B-07 to PDU-1B-7"
"dcd532ce-6e7e-4052-83b8-ac910391ea02","","checklist-sectioned","not-started","_RPL - AE-ITCX-010 - Torque Settings for Bolts (Rev 0 +Names)","checklist","FALSE","FALSE","HDC Site QA","Main Reticulation","Submain Install","LV-1B-092 - TOB-1B-07 to PDU-1B-7","Torque settings"
"5134bd3a-5d66-4a51-b4a5-37e68b7b7dbc","","folder-normal","not-started","","step","TRUE","FALSE","HDC Site QA","Main Reticulation","Submain Install","LV-1B-094 - TOB-1B-08 to PDU-1B-8"
"8e494f97-ac4a-4a2c-bb15-bbde921fcc02","","checklist-sectioned","not-started","_RPL - AE-ITCX-010 - Torque Settings for Bolts (Rev 0 +Names)","checklist","FALSE","FALSE","HDC Site QA","Main Reticulation","Submain Install","LV-1B-094 - TOB-1B-08 to PDU-1B-8","Torque settings"
"7d5048f8-9bb7-4f2f-b7b5-b7ddbfdd1912","","folder-normal","not-started","","step","TRUE","FALSE","HDC Site QA","Main Reticulation","Submain Install","LV-1B-096 - UPS to BATT"
"2bbaea13-9200-4298-8369-c7f72d7ae295","","checklist-sectioned","not-started","_RPL - AE-ITCX-010 - Torque Settings for Bolts (Rev 0 +Names)","checklist","FALSE","FALSE","HDC Site QA","Main Reticulation","Submain Install","LV-1B-096 - UPS to BATT","Torque settings"
"e557556d-ca50-4156-a293-80fc35feb98b","","folder-normal","not-started","","step","TRUE","FALSE","HDC Site QA","Main Reticulation","Submain Install","LV-1B-098 - UPS to BATT"
"880a0245-4445-4fb3-b442-0717a765777d","","checklist-sectioned","not-started","_RPL - AE-ITCX-010 - Torque Settings for Bolts (Rev 0 +Names)","checklist","FALSE","FALSE","HDC Site QA","Main Reticulation","Submain Install","LV-1B-098 - UPS to BATT","Torque settings"
"8e4f7886-536d-4985-bc93-cad483b6173d","","folder-normal","not-started","","step","TRUE","FALSE","HDC Site QA","Main Reticulation","Submain Install","LV-1B-100 - UPS-1B to MUPS-1B"
"77efea7f-b5fe-4790-ae1c-f8e7f449311c","","checklist-sectioned","not-started","_RPL - AE-ITCX-010 - Torque Settings for Bolts (Rev 0 +Names)","checklist","FALSE","FALSE","HDC Site QA","Main Reticulation","Submain Install","LV-1B-100 - UPS-1B to MUPS-1B","Torque settings"
"7f43938a-0244-44ad-ac62-90516798ccd1","","folder-normal","not-started","","step","TRUE","FALSE","HDC Site QA","Main Reticulation","Submain Install","LV-2A-001 - C-MUPS-2A to CR-2.2"
"ff74cd80-a7e3-4bfb-a63c-6655458218c0","","checklist-sectioned","not-started","_RPL - AE-ITCX-010 - Torque Settings for Bolts (Rev 0 +Names)","checklist","FALSE","FALSE","HDC Site QA","Main Reticulation","Submain Install","LV-2A-001 - C-MUPS-2A to CR-2.2","Torque settings"
"2c79f4da-a367-45ea-9928-d0304266de34","","folder-normal","not-started","","step","TRUE","FALSE","HDC Site QA","Main Reticulation","Submain Install","LV-2A-002 - C-MUPS-2A to CU-1-RF-CR2-01"
"23b10ff7-3b71-464c-be5b-eee66f34ebf0","","checklist-sectioned","not-started","_RPL - AE-ITCX-010 - Torque Settings for Bolts (Rev 0 +Names)","checklist","FALSE","FALSE","HDC Site QA","Main Reticulation","Submain Install","LV-2A-002 - C-MUPS-2A to CU-1-RF-CR2-01","Torque settings"
"f3a45f9a-4cc1-42d3-96d3-e523bfa2d676","","folder-normal","not-started","","step","TRUE","FALSE","HDC Site QA","Main Reticulation","Submain Install","LV-2A-003 - C-MUPS-2A to CRAC-1-1-CR2-01"
"f2850157-c7d8-47e9-97a2-378d798a1cb6","","checklist-sectioned","not-started","_RPL - AE-ITCX-010 - Torque Settings for Bolts (Rev 0 +Names)","checklist","FALSE","FALSE","HDC Site QA","Main Reticulation","Submain Install","LV-2A-003 - C-MUPS-2A to CRAC-1-1-CR2-01","Torque settings"
"29c7ae3d-fa6e-473a-9986-c01fdb9aa8c8","","folder-normal","not-started","","step","TRUE","FALSE","HDC Site QA","Main Reticulation","Submain Install","LV-2A-004 - C-MUPS-2A to FWU-1-0-DH2-01"
"9d3fed9f-ba3e-4995-a42d-1f03b1b39b9c","","checklist-sectioned","not-started","_RPL - AE-ITCX-010 - Torque Settings for Bolts (Rev 0 +Names)","checklist","FALSE","FALSE","HDC Site QA","Main Reticulation","Submain Install","LV-2A-004 - C-MUPS-2A to FWU-1-0-DH2-01","Torque settings"
"ece7b83d-e6d2-48d9-9326-9c245c10ad15","","folder-normal","not-started","","step","TRUE","FALSE","HDC Site QA","Main Reticulation","Submain Install","LV-2A-005 - C-MUPS-2A to FWU-1-0-DH2-02"
"65fe3621-0be7-4bbd-8336-0a1e52a757f5","","checklist-sectioned","not-started","_RPL - AE-ITCX-010 - Torque Settings for Bolts (Rev 0 +Names)","checklist","FALSE","FALSE","HDC Site QA","Main Reticulation","Submain Install","LV-2A-005 - C-MUPS-2A to FWU-1-0-DH2-02","Torque settings"
"a44ecc20-affd-46c0-8217-d5b84769f7e9","","folder-normal","not-started","","step","TRUE","FALSE","HDC Site QA","Main Reticulation","Submain Install","LV-2A-006 - C-MUPS-2A to FWU-1-0-DH2-03"
"c4dcb31c-6473-4c3d-9bb4-09ffa890c7e4","","checklist-sectioned","not-started","_RPL - AE-ITCX-010 - Torque Settings for Bolts (Rev 0 +Names)","checklist","FALSE","FALSE","HDC Site QA","Main Reticulation","Submain Install","LV-2A-006 - C-MUPS-2A to FWU-1-0-DH2-03","Torque settings"
"fd131098-eb1b-4901-86c5-0cb3824e3418","","folder-normal","not-started","","step","TRUE","FALSE","HDC Site QA","Main Reticulation","Submain Install","LV-2A-007 - C-MUPS-2A to FWU-1-0-DH2-04"
"75e73f9b-16f4-4b38-bf17-0facfac02aea","","checklist-sectioned","not-started","_RPL - AE-ITCX-010 - Torque Settings for Bolts (Rev 0 +Names)","checklist","FALSE","FALSE","HDC Site QA","Main Reticulation","Submain Install","LV-2A-007 - C-MUPS-2A to FWU-1-0-DH2-04","Torque settings"
"fe83c52f-3be3-40e7-9c2c-710f1301f9d2","","folder-normal","not-started","","step","TRUE","FALSE","HDC Site QA","Main Reticulation","Submain Install","LV-2A-008 - C-MUPS-2A to FWU-1-0-DH2-05"
"e7e7e410-da53-4f3b-807f-ef6995a7dfe6","","checklist-sectioned","not-started","_RPL - AE-ITCX-010 - Torque Settings for Bolts (Rev 0 +Names)","checklist","FALSE","FALSE","HDC Site QA","Main Reticulation","Submain Install","LV-2A-008 - C-MUPS-2A to FWU-1-0-DH2-05","Torque settings"
"beb65a00-4db0-4446-8f57-820f31950c56","","folder-normal","not-started","","step","TRUE","FALSE","HDC Site QA","Main Reticulation","Submain Install","LV-2A-009 - C-MUPS-2A to FWU-1-0-DH2-06"
"8364fcf1-3b80-4a55-a5fa-90a5711a9962","","checklist-sectioned","not-started","_RPL - AE-ITCX-010 - Torque Settings for Bolts (Rev 0 +Names)","checklist","FALSE","FALSE","HDC Site QA","Main Reticulation","Submain Install","LV-2A-009 - C-MUPS-2A to FWU-1-0-DH2-06","Torque settings"
"e886faf7-1c1a-43d2-a3fc-692ff883b217","","folder-normal","not-started","","step","TRUE","FALSE","HDC Site QA","Main Reticulation","Submain Install","LV-2A-010 - C-MUPS-2A to FWU-1-0-DH2-07"
"f4f52aca-0661-4cf4-ad70-da73ce37116c","","checklist-sectioned","not-started","_RPL - AE-ITCX-010 - Torque Settings for Bolts (Rev 0 +Names)","checklist","FALSE","FALSE","HDC Site QA","Main Reticulation","Submain Install","LV-2A-010 - C-MUPS-2A to FWU-1-0-DH2-07","Torque settings"
"562233ac-223f-4c0a-b37f-62bc7e44fcd3","","folder-normal","not-started","","step","TRUE","FALSE","HDC Site QA","Main Reticulation","Submain Install","LV-2A-011 - C-MUPS-2A to FWU-1-0-DH2-08"
"25c0e157-4359-429a-8b69-6b450c61d028","","checklist-sectioned","not-started","_RPL - AE-ITCX-010 - Torque Settings for Bolts (Rev 0 +Names)","checklist","FALSE","FALSE","HDC Site QA","Main Reticulation","Submain Install","LV-2A-011 - C-MUPS-2A to FWU-1-0-DH2-08","Torque settings"
"b87b2fc7-a5cf-4aac-b270-e19a345bbb73","","folder-normal","not-started","","step","TRUE","FALSE","HDC Site QA","Main Reticulation","Submain Install","LV-2A-012 - C-MUPS-2A to FWU-1-0-DH2-09"
"d082a9c4-c9df-4502-81ca-f87dfb7c365c","","checklist-sectioned","not-started","_RPL - AE-ITCX-010 - Torque Settings for Bolts (Rev 0 +Names)","checklist","FALSE","FALSE","HDC Site QA","Main Reticulation","Submain Install","LV-2A-012 - C-MUPS-2A to FWU-1-0-DH2-09","Torque settings"
"3492def7-1f2a-4f4c-a5ae-65500e7db6e7","","folder-normal","not-started","","step","TRUE","FALSE","HDC Site QA","Main Reticulation","Submain Install","LV-2A-013 - C-MUPS-2A to CHW PUMP 4 CHWP-1-3-04"
"36a98fe0-ed28-4a86-a2df-60f149230c79","","checklist-sectioned","not-started","_RPL - AE-ITCX-010 - Torque Settings for Bolts (Rev 0 +Names)","checklist","FALSE","FALSE","HDC Site QA","Main Reticulation","Submain Install","LV-2A-013 - C-MUPS-2A to CHW PUMP 4 CHWP-1-3-04","Torque settings"
"e83f6a16-7c4b-45bf-810e-a28bb0d27bc7","","folder-normal","not-started","","step","TRUE","FALSE","HDC Site QA","Main Reticulation","Submain Install","LV-2A-014 - C-SSB-2A to Chiller 4 ACCH-1-3-04"
"9f190dfa-c7e6-498a-a8db-ef7e02b61443","","checklist-sectioned","not-started","_RPL - AE-ITCX-010 - Torque Settings for Bolts (Rev 0 +Names)","checklist","FALSE","FALSE","HDC Site QA","Main Reticulation","Submain Install","LV-2A-014 - C-SSB-2A to Chiller 4 ACCH-1-3-04","Torque settings"
"1b4bf792-f1d6-4b40-b056-6d1132633e8d","","folder-normal","not-started","","step","TRUE","FALSE","HDC Site QA","Main Reticulation","Submain Install","LV-2A-016 - C-SSB-2A to PAHU-1-3-DHX-02"
"d0fa85b7-4b9f-4bcc-86e6-6a732170796f","","checklist-sectioned","not-started","_RPL - AE-ITCX-010 - Torque Settings for Bolts (Rev 0 +Names)","checklist","FALSE","FALSE","HDC Site QA","Main Reticulation","Submain Install","LV-2A-016 - C-SSB-2A to PAHU-1-3-DHX-02","Torque settings"
"4931253b-0260-4d3c-80f7-03633c5aee26","","folder-normal","not-started","","step","TRUE","FALSE","HDC Site QA","Main Reticulation","Submain Install","LV-2A-017 - C-SSB-2A to CU-1-RF-MVSB4-02"
"03c1d929-d1f8-4b5b-88f2-8777703d15df","","checklist-sectioned","not-started","_RPL - AE-ITCX-010 - Torque Settings for Bolts (Rev 0 +Names)","checklist","FALSE","FALSE","HDC Site QA","Main Reticulation","Submain Install","LV-2A-017 - C-SSB-2A to CU-1-RF-MVSB4-02","Torque settings"
"8b4d7d95-da3d-449d-b942-5cfff6b0d153","","folder-normal","not-started","","step","TRUE","FALSE","HDC Site QA","Main Reticulation","Submain Install","LV-2A-018 - C-SSB-2A to CU-1-RF-MVSB2-01"
"d79e55a0-fee5-4c8f-aed2-7c1693331dc1","","checklist-sectioned","not-started","_RPL - AE-ITCX-010 - Torque Settings for Bolts (Rev 0 +Names)","checklist","FALSE","FALSE","HDC Site QA","Main Reticulation","Submain Install","LV-2A-018 - C-SSB-2A to CU-1-RF-MVSB2-01","Torque settings"
"d7546af1-921f-441d-98fb-493e1654bbb9","","folder-normal","not-started","","step","TRUE","FALSE","HDC Site QA","Main Reticulation","Submain Install","LV-2A-019 - C-SSB-2A to CRAC-1-0-LV2-04"
"52edf97f-f65b-4ad8-aa06-a54bfdde1c93","","checklist-sectioned","not-started","_RPL - AE-ITCX-010 - Torque Settings for Bolts (Rev 0 +Names)","checklist","FALSE","FALSE","HDC Site QA","Main Reticulation","Submain Install","LV-2A-019 - C-SSB-2A to CRAC-1-0-LV2-04","Torque settings"
"1efb2b9f-66cc-4971-a0ab-b6932d34b71d","","folder-normal","not-started","","step","TRUE","FALSE","HDC Site QA","Main Reticulation","Submain Install","LV-2A-020 - C-SSB-2A to CRAC-1-0-LV2-03"
"c936e663-3d30-435f-985a-13dba3cece40","","checklist-sectioned","not-started","_RPL - AE-ITCX-010 - Torque Settings for Bolts (Rev 0 +Names)","checklist","FALSE","FALSE","HDC Site QA","Main Reticulation","Submain Install","LV-2A-020 - C-SSB-2A to CRAC-1-0-LV2-03","Torque settings"
"950e9f91-ce15-4f45-8035-8001d7a2b06d","","folder-normal","not-started","","step","TRUE","FALSE","HDC Site QA","Main Reticulation","Submain Install","LV-2A-021 - C-SSB-2A to CRA-MV2B-02"
"021c9b39-bfba-48f5-8731-2542a96abefa","","checklist-sectioned","not-started","_RPL - AE-ITCX-010 - Torque Settings for Bolts (Rev 0 +Names)","checklist","FALSE","FALSE","HDC Site QA","Main Reticulation","Submain Install","LV-2A-021 - C-SSB-2A to CRA-MV2B-02","Torque settings"
"06a01e98-b0ff-427b-a8ec-cf15a4515431","","folder-normal","not-started","","step","TRUE","FALSE","HDC Site QA","Main Reticulation","Submain Install","LV-2A-022 - C-SSB-2A to CRAH-MV2A-01"
"62c1557b-1dca-4c9e-8673-8bb7478cd412","","checklist-sectioned","not-started","_RPL - AE-ITCX-010 - Torque Settings for Bolts (Rev 0 +Names)","checklist","FALSE","FALSE","HDC Site QA","Main Reticulation","Submain Install","LV-2A-022 - C-SSB-2A to CRAH-MV2A-01","Torque settings"
"0fc15141-2f70-48a9-88e3-e9fd2f77fb4e","","folder-normal","not-started","","step","TRUE","FALSE","HDC Site QA","Main Reticulation","Submain Install","LV-2A-023 - C-SSB-2A to CRAH-1-0-CA2-01"
"75163c69-134c-4c67-88e7-6cba60b9cf90","","checklist-sectioned","not-started","_RPL - AE-ITCX-010 - Torque Settings for Bolts (Rev 0 +Names)","checklist","FALSE","FALSE","HDC Site QA","Main Reticulation","Submain Install","LV-2A-023 - C-SSB-2A to CRAH-1-0-CA2-01","Torque settings"
"027b55cf-3a0f-452d-ac92-cab853462fc2","","folder-normal","not-started","","step","TRUE","FALSE","HDC Site QA","Main Reticulation","Submain Install","LV-2A-024 - C-SSB-2A to CRAC-1-0-MVSB4-01"
"57d589a0-36fc-4b21-acde-8d961968708c","","checklist-sectioned","not-started","_RPL - AE-ITCX-010 - Torque Settings for Bolts (Rev 0 +Names)","checklist","FALSE","FALSE","HDC Site QA","Main Reticulation","Submain Install","LV-2A-024 - C-SSB-2A to CRAC-1-0-MVSB4-01","Torque settings"
"b00f0072-0f8b-43c6-919c-a557be9c164c","","folder-normal","not-started","","step","TRUE","FALSE","HDC Site QA","Main Reticulation","Submain Install","LV-2A-025 - C-SSB-2A to CRAC-1-0-MVSB2-01"
"1defe924-4356-465b-a8ae-5db990097311","","checklist-sectioned","not-started","_RPL - AE-ITCX-010 - Torque Settings for Bolts (Rev 0 +Names)","checklist","FALSE","FALSE","HDC Site QA","Main Reticulation","Submain Install","LV-2A-025 - C-SSB-2A to CRAC-1-0-MVSB2-01","Torque settings"
"1a696493-7e05-4c5e-a07e-74a569ec00b2","","folder-normal","not-started","","step","TRUE","FALSE","HDC Site QA","Main Reticulation","Submain Install","LV-2A-026 - C-SSB-2A to Industrial Water IW-2A"
"689caf9d-9e30-41e1-b7df-f8075f3f78e2","","checklist-sectioned","not-started","_RPL - AE-ITCX-010 - Torque Settings for Bolts (Rev 0 +Names)","checklist","FALSE","FALSE","HDC Site QA","Main Reticulation","Submain Install","LV-2A-026 - C-SSB-2A to Industrial Water IW-2A","Torque settings"
"21d4faee-ad31-4aec-be1f-11df14877128","","folder-normal","not-started","","step","TRUE","FALSE","HDC Site QA","Main Reticulation","Submain Install","LV-2A-027 - C-SSB-2A to UPS"
"6e57667d-3ca4-4adf-bd3d-1978e907d7fb","","checklist-sectioned","not-started","_RPL - AE-ITCX-010 - Torque Settings for Bolts (Rev 0 +Names)","checklist","FALSE","FALSE","HDC Site QA","Main Reticulation","Submain Install","LV-2A-027 - C-SSB-2A to UPS","Torque settings"
"424754c5-8af9-45f3-87f2-5395cc7809bf","","folder-normal","not-started","","step","TRUE","FALSE","HDC Site QA","Main Reticulation","Submain Install","LV-2A-028 -"
"914c71c3-1989-41dc-ac36-1a577f26a448","","checklist-sectioned","not-started","_RPL - AE-ITCX-010 - Torque Settings for Bolts (Rev 0 +Names)","checklist","FALSE","FALSE","HDC Site QA","Main Reticulation","Submain Install","LV-2A-028 -","Torque settings"
"ae0be5eb-c9db-4393-9afa-8f8b161bc1c0","","folder-normal","not-started","","step","TRUE","FALSE","HDC Site QA","Main Reticulation","Submain Install","LV-2A-029 - C-SSB-2A to MUPS"
"48de8479-40c7-473a-a24f-37fb148569a3","","checklist-sectioned","not-started","_RPL - AE-ITCX-010 - Torque Settings for Bolts (Rev 0 +Names)","checklist","FALSE","FALSE","HDC Site QA","Main Reticulation","Submain Install","LV-2A-029 - C-SSB-2A to MUPS","Torque settings"
"855c9272-0124-41c8-9156-f477427cff81","","folder-normal","not-started","","step","TRUE","FALSE","HDC Site QA","Main Reticulation","Submain Install","LV-2A-030 -"
"0c50e037-6dc7-44c4-b43d-e85128949afa","","checklist-sectioned","not-started","_RPL - AE-ITCX-010 - Torque Settings for Bolts (Rev 0 +Names)","checklist","FALSE","FALSE","HDC Site QA","Main Reticulation","Submain Install","LV-2A-030 -","Torque settings"
"5fce3327-16c7-4e50-979b-6139f11c4f03","","folder-normal","not-started","","step","TRUE","FALSE","HDC Site QA","Main Reticulation","Submain Install","LV-2A-031 - C-TOB-2A-01 to PDU-2A-1"
"1de59cd3-b2b5-454d-959e-1259a6052eb8","","checklist-sectioned","not-started","_RPL - AE-ITCX-010 - Torque Settings for Bolts (Rev 0 +Names)","checklist","FALSE","FALSE","HDC Site QA","Main Reticulation","Submain Install","LV-2A-031 - C-TOB-2A-01 to PDU-2A-1","Torque settings"
"57efeff0-a4eb-4bc1-9a91-834d9a51d6c4","","folder-normal","not-started","","step","TRUE","FALSE","HDC Site QA","Main Reticulation","Submain Install","LV-2A-033 - C-TOB-2A-02 to PDU-2A-2"
"cf7229fd-af67-4fbf-9ba0-22ecc8ecd0b5","","checklist-sectioned","not-started","_RPL - AE-ITCX-010 - Torque Settings for Bolts (Rev 0 +Names)","checklist","FALSE","FALSE","HDC Site QA","Main Reticulation","Submain Install","LV-2A-033 - C-TOB-2A-02 to PDU-2A-2","Torque settings"
"928a7fb4-5e1a-4b76-8edc-007517c7848d","","folder-normal","not-started","","step","TRUE","FALSE","HDC Site QA","Main Reticulation","Submain Install","LV-2A-035 - C-TOB-2A-03 to PDU-2A-3"
"43cf550f-417e-4fa9-9bc7-7fc3f25a6573","","checklist-sectioned","not-started","_RPL - AE-ITCX-010 - Torque Settings for Bolts (Rev 0 +Names)","checklist","FALSE","FALSE","HDC Site QA","Main Reticulation","Submain Install","LV-2A-035 - C-TOB-2A-03 to PDU-2A-3","Torque settings"
"9ccec6cd-7db0-46a6-82d5-e8cdde43ee68","","folder-normal","not-started","","step","TRUE","FALSE","HDC Site QA","Main Reticulation","Submain Install","LV-2A-037 - C-TOB-2A-04 to PDU-2A-4"
"830ecf77-d67d-4e39-bea6-51502cf5c61b","","checklist-sectioned","not-started","_RPL - AE-ITCX-010 - Torque Settings for Bolts (Rev 0 +Names)","checklist","FALSE","FALSE","HDC Site QA","Main Reticulation","Submain Install","LV-2A-037 - C-TOB-2A-04 to PDU-2A-4","Torque settings"
"8e5b652a-1031-445a-8fe6-6844f8074de6","","folder-normal","not-started","","step","TRUE","FALSE","HDC Site QA","Main Reticulation","Submain Install","LV-2A-039 - C-TOB-2A-05 to PDU-2A-5"
"e089ca25-afe4-4444-82ee-54ab4c13dff7","","checklist-sectioned","not-started","_RPL - AE-ITCX-010 - Torque Settings for Bolts (Rev 0 +Names)","checklist","FALSE","FALSE","HDC Site QA","Main Reticulation","Submain Install","LV-2A-039 - C-TOB-2A-05 to PDU-2A-5","Torque settings"
"e33677d7-67cc-4b3c-bf88-099936e72fc7","","folder-normal","not-started","","step","TRUE","FALSE","HDC Site QA","Main Reticulation","Submain Install","LV-2A-041 - C-TOB-2A-06 to PDU-2A-6"
"06b25168-5df1-4095-8886-2c0080bd2e45","","checklist-sectioned","not-started","_RPL - AE-ITCX-010 - Torque Settings for Bolts (Rev 0 +Names)","checklist","FALSE","FALSE","HDC Site QA","Main Reticulation","Submain Install","LV-2A-041 - C-TOB-2A-06 to PDU-2A-6","Torque settings"
"86e8f0e4-9554-49b9-8bcb-7e1897a8adf5","","folder-normal","not-started","","step","TRUE","FALSE","HDC Site QA","Main Reticulation","Submain Install","LV-2A-043 - C-TOB-2A-07 to PDU-2A-7"
"ea0d1d0b-38ee-49d7-ba58-fe99109576b4","","checklist-sectioned","not-started","_RPL - AE-ITCX-010 - Torque Settings for Bolts (Rev 0 +Names)","checklist","FALSE","FALSE","HDC Site QA","Main Reticulation","Submain Install","LV-2A-043 - C-TOB-2A-07 to PDU-2A-7","Torque settings"
"3630fc5d-b1a1-4ea6-9ef2-0611296ec293","","folder-normal","not-started","","step","TRUE","FALSE","HDC Site QA","Main Reticulation","Submain Install","LV-2A-045 - C-TOB-2A-08 to PDU-2A-8"
"b20ec011-f064-4cca-b73c-1d44e2ce78d4","","checklist-sectioned","not-started","_RPL - AE-ITCX-010 - Torque Settings for Bolts (Rev 0 +Names)","checklist","FALSE","FALSE","HDC Site QA","Main Reticulation","Submain Install","LV-2A-045 - C-TOB-2A-08 to PDU-2A-8","Torque settings"
"eca25ece-7e64-470d-b066-9b5128fe8bad","","folder-normal","not-started","","step","TRUE","FALSE","HDC Site QA","Main Reticulation","Submain Install","LV-2A-047 - C-UPS-2A to C-MUPS-1A"
"318a5d8d-2908-43eb-a220-bc28f0331945","","checklist-sectioned","not-started","_RPL - AE-ITCX-010 - Torque Settings for Bolts (Rev 0 +Names)","checklist","FALSE","FALSE","HDC Site QA","Main Reticulation","Submain Install","LV-2A-047 - C-UPS-2A to C-MUPS-1A","Torque settings"
"4fbe1518-3061-42bd-966d-222c915b606b","","folder-normal","not-started","","step","TRUE","FALSE","HDC Site QA","Main Reticulation","Submain Install","LV-2A-049 - MSB-2A to LP-2A"
"c3338941-ef30-4a32-8164-d65622ff7d95","","checklist-sectioned","not-started","_RPL - AE-ITCX-010 - Torque Settings for Bolts (Rev 0 +Names)","checklist","FALSE","FALSE","HDC Site QA","Main Reticulation","Submain Install","LV-2A-049 - MSB-2A to LP-2A","Torque settings"
"283c9c4c-c1fc-4b00-a08f-fba618f6222f","","folder-normal","not-started","","step","TRUE","FALSE","HDC Site QA","Main Reticulation","Submain Install","LV-2A-050 - MSB-2A to DC-2A-1"
"5218a0b5-4226-4082-a6a7-15ddbd676db9","","checklist-sectioned","not-started","_RPL - AE-ITCX-010 - Torque Settings for Bolts (Rev 0 +Names)","checklist","FALSE","FALSE","HDC Site QA","Main Reticulation","Submain Install","LV-2A-050 - MSB-2A to DC-2A-1","Torque settings"
"54300f00-49c6-4437-b291-2050ba2e6ecb","","folder-normal","not-started","","step","TRUE","FALSE","HDC Site QA","Main Reticulation","Submain Install","LV-2A-051 - MSB-2A to DC-2A-2"
"da2484fc-7ce7-41e9-a424-ec323064ccea","","checklist-sectioned","not-started","_RPL - AE-ITCX-010 - Torque Settings for Bolts (Rev 0 +Names)","checklist","FALSE","FALSE","HDC Site QA","Main Reticulation","Submain Install","LV-2A-051 - MSB-2A to DC-2A-2","Torque settings"
"fb1d6c6d-32e4-468f-921b-8a7d7910c5d9","","folder-normal","not-started","","step","TRUE","FALSE","HDC Site QA","Main Reticulation","Submain Install","LV-2A-052 - MSB-2A to DC-GLB-2"
"117f1006-59ea-47c3-bcd5-dd8971594463","","checklist-sectioned","not-started","_RPL - AE-ITCX-010 - Torque Settings for Bolts (Rev 0 +Names)","checklist","FALSE","FALSE","HDC Site QA","Main Reticulation","Submain Install","LV-2A-052 - MSB-2A to DC-GLB-2","Torque settings"
"947bf769-773f-485a-87eb-2668bb67f099","","folder-normal","not-started","","step","TRUE","FALSE","HDC Site QA","Main Reticulation","Submain Install","LV-2A-053 - MUPS-2A to U-LP-2A"
"6ffbe2f9-4a60-48c6-b0e4-d6bade75b782","","checklist-sectioned","not-started","_RPL - AE-ITCX-010 - Torque Settings for Bolts (Rev 0 +Names)","checklist","FALSE","FALSE","HDC Site QA","Main Reticulation","Submain Install","LV-2A-053 - MUPS-2A to U-LP-2A","Torque settings"
"f864b521-c0c1-4525-a579-cb0e8a455b2d","","folder-normal","not-started","","step","TRUE","FALSE","HDC Site QA","Main Reticulation","Submain Install","LV-2A-054 - MUPS-2A to FWU-1-0-DH2-09"
"92f3782a-cfdb-4ef4-b866-1f6ca4817497","","checklist-sectioned","not-started","_RPL - AE-ITCX-010 - Torque Settings for Bolts (Rev 0 +Names)","checklist","FALSE","FALSE","HDC Site QA","Main Reticulation","Submain Install","LV-2A-054 - MUPS-2A to FWU-1-0-DH2-09","Torque settings"
"16fc8c70-1854-42d6-8694-57b45c5b716d","","folder-normal","not-started","","step","TRUE","FALSE","HDC Site QA","Main Reticulation","Submain Install","LV-2A-055 - MUPS-2A to FWU-1-0-DH2-08"
"82c78b96-d6e6-472c-acb4-2199549874ec","","checklist-sectioned","not-started","_RPL - AE-ITCX-010 - Torque Settings for Bolts (Rev 0 +Names)","checklist","FALSE","FALSE","HDC Site QA","Main Reticulation","Submain Install","LV-2A-055 - MUPS-2A to FWU-1-0-DH2-08","Torque settings"
"f5c20ef7-721f-4a0f-8793-d04f6a2c9166","","folder-normal","not-started","","step","TRUE","FALSE","HDC Site QA","Main Reticulation","Submain Install","LV-2A-056 - MUPS-2A to FWU-1-0-DH2-07"
"b54f7659-234d-46fc-83f8-79bdccdada33","","checklist-sectioned","not-started","_RPL - AE-ITCX-010 - Torque Settings for Bolts (Rev 0 +Names)","checklist","FALSE","FALSE","HDC Site QA","Main Reticulation","Submain Install","LV-2A-056 - MUPS-2A to FWU-1-0-DH2-07","Torque settings"
"b2c7ccbd-c842-413f-a497-fb99e04962d1","","folder-normal","not-started","","step","TRUE","FALSE","HDC Site QA","Main Reticulation","Submain Install","LV-2A-057 - MUPS-2A to FWU-1-0-DH2-06"
"a2071441-36f6-4ac7-a1ea-34ea1ff59ff6","","checklist-sectioned","not-started","_RPL - AE-ITCX-010 - Torque Settings for Bolts (Rev 0 +Names)","checklist","FALSE","FALSE","HDC Site QA","Main Reticulation","Submain Install","LV-2A-057 - MUPS-2A to FWU-1-0-DH2-06","Torque settings"
"b44f9c51-a050-4164-8aeb-c758b120af67","","folder-normal","not-started","","step","TRUE","FALSE","HDC Site QA","Main Reticulation","Submain Install","LV-2A-058 - MUPS-2A to FWU-1-0-DH2-05"
"ee9c7253-7117-4645-b5fb-8d6de4f7e3bb","","checklist-sectioned","not-started","_RPL - AE-ITCX-010 - Torque Settings for Bolts (Rev 0 +Names)","checklist","FALSE","FALSE","HDC Site QA","Main Reticulation","Submain Install","LV-2A-058 - MUPS-2A to FWU-1-0-DH2-05","Torque settings"
"77e64f62-87c9-480b-963c-a113c593bf8d","","folder-normal","not-started","","step","TRUE","FALSE","HDC Site QA","Main Reticulation","Submain Install","LV-2A-059 - MUPS-2A to FWU-1-0-DH2-04"
"9ecb4959-85ed-4a2a-8a5b-1825a2df0024","","checklist-sectioned","not-started","_RPL - AE-ITCX-010 - Torque Settings for Bolts (Rev 0 +Names)","checklist","FALSE","FALSE","HDC Site QA","Main Reticulation","Submain Install","LV-2A-059 - MUPS-2A to FWU-1-0-DH2-04","Torque settings"
"847e084f-f972-406a-89df-d625d5ea4d10","","folder-normal","not-started","","step","TRUE","FALSE","HDC Site QA","Main Reticulation","Submain Install","LV-2A-060 - MUPS-2A to FWU-1-0-DH2-03"
"c2d27577-179d-4c6a-a035-3e5916a4d62f","","checklist-sectioned","not-started","_RPL - AE-ITCX-010 - Torque Settings for Bolts (Rev 0 +Names)","checklist","FALSE","FALSE","HDC Site QA","Main Reticulation","Submain Install","LV-2A-060 - MUPS-2A to FWU-1-0-DH2-03","Torque settings"
"19609cf9-6b1a-4888-9ae8-513d6252a711","","folder-normal","not-started","","step","TRUE","FALSE","HDC Site QA","Main Reticulation","Submain Install","LV-2A-061 - MUPS-2A to FWU-1-0-DH2-02"
"7b32377f-23fa-454f-9931-5a19fdf18b6f","","checklist-sectioned","not-started","_RPL - AE-ITCX-010 - Torque Settings for Bolts (Rev 0 +Names)","checklist","FALSE","FALSE","HDC Site QA","Main Reticulation","Submain Install","LV-2A-061 - MUPS-2A to FWU-1-0-DH2-02","Torque settings"
"c9e7bed7-2670-4f63-ac5c-f3f8d24ba3a9","","folder-normal","not-started","","step","TRUE","FALSE","HDC Site QA","Main Reticulation","Submain Install","LV-2A-062 - MUPS-2A to FWU-1-0-DH2-01"
"ffc7e4a0-8181-4edd-8f9b-d7977cb7561f","","checklist-sectioned","not-started","_RPL - AE-ITCX-010 - Torque Settings for Bolts (Rev 0 +Names)","checklist","FALSE","FALSE","HDC Site QA","Main Reticulation","Submain Install","LV-2A-062 - MUPS-2A to FWU-1-0-DH2-01","Torque settings"
"5e3a32ca-dd68-4210-9cc0-de1f2bca7692","","folder-normal","not-started","","step","TRUE","FALSE","HDC Site QA","Main Reticulation","Submain Install","LV-2A-063 - MUPS-2A to CHW PUMP 4 CHWP-1-3-04"
"32d28a38-c514-479e-883f-2c1695d0a491","","checklist-sectioned","not-started","_RPL - AE-ITCX-010 - Torque Settings for Bolts (Rev 0 +Names)","checklist","FALSE","FALSE","HDC Site QA","Main Reticulation","Submain Install","LV-2A-063 - MUPS-2A to CHW PUMP 4 CHWP-1-3-04","Torque settings"
"9c4a5779-82ae-4337-ac12-0d50a793ea0b","","folder-normal","not-started","","step","TRUE","FALSE","HDC Site QA","Main Reticulation","Submain Install","LV-2A-064 - SSB-2A to Chiller 4 ACCH-1-3-04"
"6e37e21d-bd78-48ce-bca2-7424b922c89e","","checklist-sectioned","not-started","_RPL - AE-ITCX-010 - Torque Settings for Bolts (Rev 0 +Names)","checklist","FALSE","FALSE","HDC Site QA","Main Reticulation","Submain Install","LV-2A-064 - SSB-2A to Chiller 4 ACCH-1-3-04","Torque settings"
"271db3e0-aa63-45b7-8637-dfdd683b3ce7","","folder-normal","not-started","","step","TRUE","FALSE","HDC Site QA","Main Reticulation","Submain Install","LV-2A-066 - SSB-2A to PAHU-1-3-DHX-02"
"7651ce37-c0ed-4e04-b468-9afca2b54ffe","","checklist-sectioned","not-started","_RPL - AE-ITCX-010 - Torque Settings for Bolts (Rev 0 +Names)","checklist","FALSE","FALSE","HDC Site QA","Main Reticulation","Submain Install","LV-2A-066 - SSB-2A to PAHU-1-3-DHX-02","Torque settings"
"eb058f3c-ee0d-4367-b540-4c0183961285","","folder-normal","not-started","","step","TRUE","FALSE","HDC Site QA","Main Reticulation","Submain Install","LV-2A-067 - SSB-2A to CU-1-RF-MVSB4-02"
"ab191816-c524-4d66-b461-d3bc4b618221","","checklist-sectioned","not-started","_RPL - AE-ITCX-010 - Torque Settings for Bolts (Rev 0 +Names)","checklist","FALSE","FALSE","HDC Site QA","Main Reticulation","Submain Install","LV-2A-067 - SSB-2A to CU-1-RF-MVSB4-02","Torque settings"
"c2fb04f5-ff36-4efe-a083-f4235e7fa827","","folder-normal","not-started","","step","TRUE","FALSE","HDC Site QA","Main Reticulation","Submain Install","LV-2A-068 - SSB-2A to CU-1-RF-MVSB2-01"
"bc09a2c4-81b6-4b50-836e-bfdbf7899e18","","checklist-sectioned","not-started","_RPL - AE-ITCX-010 - Torque Settings for Bolts (Rev 0 +Names)","checklist","FALSE","FALSE","HDC Site QA","Main Reticulation","Submain Install","LV-2A-068 - SSB-2A to CU-1-RF-MVSB2-01","Torque settings"
"3542c15a-622e-4db3-9cca-ec05dbfa6f64","","folder-normal","not-started","","step","TRUE","FALSE","HDC Site QA","Main Reticulation","Submain Install","LV-2A-069 - SSB-2A to CRAC-1-0-LV2-04"
"a5c02180-5095-4027-b407-83e213f555a6","","checklist-sectioned","not-started","_RPL - AE-ITCX-010 - Torque Settings for Bolts (Rev 0 +Names)","checklist","FALSE","FALSE","HDC Site QA","Main Reticulation","Submain Install","LV-2A-069 - SSB-2A to CRAC-1-0-LV2-04","Torque settings"
"ff382efa-86c1-4d95-a1b2-5281315b7a17","","folder-normal","not-started","","step","TRUE","FALSE","HDC Site QA","Main Reticulation","Submain Install","LV-2A-070 - SSB-2A to CRAC-1-0-LV2-03"
"7f8d2f85-7755-4456-9816-97bd73b33061","","checklist-sectioned","not-started","_RPL - AE-ITCX-010 - Torque Settings for Bolts (Rev 0 +Names)","checklist","FALSE","FALSE","HDC Site QA","Main Reticulation","Submain Install","LV-2A-070 - SSB-2A to CRAC-1-0-LV2-03","Torque settings"
"0b540e0b-855d-4abc-bcda-270332c8d67f","","folder-normal","not-started","","step","TRUE","FALSE","HDC Site QA","Main Reticulation","Submain Install","LV-2A-071 - SSB-2A to CRA-MV2B-02"
"e429afcc-2fc8-4b34-b0aa-62b9e40e6d09","","checklist-sectioned","not-started","_RPL - AE-ITCX-010 - Torque Settings for Bolts (Rev 0 +Names)","checklist","FALSE","FALSE","HDC Site QA","Main Reticulation","Submain Install","LV-2A-071 - SSB-2A to CRA-MV2B-02","Torque settings"
"514f315e-4f61-4846-8856-14221d6dd067","","folder-normal","not-started","","step","TRUE","FALSE","HDC Site QA","Main Reticulation","Submain Install","LV-2A-072 - SSB-2A to CRAH-MV2A-01"
"da9af94e-91f4-4c09-8fa5-643d1ed4121b","","checklist-sectioned","not-started","_RPL - AE-ITCX-010 - Torque Settings for Bolts (Rev 0 +Names)","checklist","FALSE","FALSE","HDC Site QA","Main Reticulation","Submain Install","LV-2A-072 - SSB-2A to CRAH-MV2A-01","Torque settings"
"5708fcda-1146-4540-853b-59cad5c6c3ef","","folder-normal","not-started","","step","TRUE","FALSE","HDC Site QA","Main Reticulation","Submain Install","LV-2A-073 - SSB-2A to CRAH-1-0-CA2-01"
"5bcf2c0f-9a38-4c07-8b8f-714f36bcc1df","","checklist-sectioned","not-started","_RPL - AE-ITCX-010 - Torque Settings for Bolts (Rev 0 +Names)","checklist","FALSE","FALSE","HDC Site QA","Main Reticulation","Submain Install","LV-2A-073 - SSB-2A to CRAH-1-0-CA2-01","Torque settings"
"6af56b59-2fc9-414a-b0b0-63502d6c2822","","folder-normal","not-started","","step","TRUE","FALSE","HDC Site QA","Main Reticulation","Submain Install","LV-2A-074 - SSB-2A to CRAC-1-0-MVSB4-01"
"c3b6be6c-390f-4b8c-9f3d-9f816ecca476","","checklist-sectioned","not-started","_RPL - AE-ITCX-010 - Torque Settings for Bolts (Rev 0 +Names)","checklist","FALSE","FALSE","HDC Site QA","Main Reticulation","Submain Install","LV-2A-074 - SSB-2A to CRAC-1-0-MVSB4-01","Torque settings"
"a5e0d83e-701f-49de-aef8-58425907f653","","folder-normal","not-started","","step","TRUE","FALSE","HDC Site QA","Main Reticulation","Submain Install","LV-2A-075 - SSB-2A to CRAC-1-0-MVSB2-01"
"fd78b424-0ab6-423b-881e-31effbacf5ff","","checklist-sectioned","not-started","_RPL - AE-ITCX-010 - Torque Settings for Bolts (Rev 0 +Names)","checklist","FALSE","FALSE","HDC Site QA","Main Reticulation","Submain Install","LV-2A-075 - SSB-2A to CRAC-1-0-MVSB2-01","Torque settings"
"250b11a2-769f-4253-b0a2-0a9032fc7dce","","folder-normal","not-started","","step","TRUE","FALSE","HDC Site QA","Main Reticulation","Submain Install","LV-2A-076 - SSB-2A to Industrial Water IW-2A"
"4015ef95-c4fc-4b14-bcf8-d2c3c416bcad","","checklist-sectioned","not-started","_RPL - AE-ITCX-010 - Torque Settings for Bolts (Rev 0 +Names)","checklist","FALSE","FALSE","HDC Site QA","Main Reticulation","Submain Install","LV-2A-076 - SSB-2A to Industrial Water IW-2A","Torque settings"
"ee0f65ae-3084-47ab-a430-b87142688f19","","folder-normal","not-started","","step","TRUE","FALSE","HDC Site QA","Main Reticulation","Submain Install","LV-2A-077 - SSB-2A to UPS-2A"
"1114655d-111a-4752-bcd7-ce39ef274a14","","checklist-sectioned","not-started","_RPL - AE-ITCX-010 - Torque Settings for Bolts (Rev 0 +Names)","checklist","FALSE","FALSE","HDC Site QA","Main Reticulation","Submain Install","LV-2A-077 - SSB-2A to UPS-2A","Torque settings"
"80475005-4336-443e-a7cf-7f2352a7749a","","folder-normal","not-started","","step","TRUE","FALSE","HDC Site QA","Main Reticulation","Submain Install","LV-2A-078 - SSB-2A to UPS-2A"
"bb13a9da-6418-471c-a5ea-df594cce2456","","checklist-sectioned","not-started","_RPL - AE-ITCX-010 - Torque Settings for Bolts (Rev 0 +Names)","checklist","FALSE","FALSE","HDC Site QA","Main Reticulation","Submain Install","LV-2A-078 - SSB-2A to UPS-2A","Torque settings"
"6c286f1c-fdd8-4601-b489-428c487965de","","folder-normal","not-started","","step","TRUE","FALSE","HDC Site QA","Main Reticulation","Submain Install","LV-2A-079 - SSB-2A to MUPS-2A"
"612a12e4-b27f-4e1d-99fa-fb2d5418d1b8","","checklist-sectioned","not-started","_RPL - AE-ITCX-010 - Torque Settings for Bolts (Rev 0 +Names)","checklist","FALSE","FALSE","HDC Site QA","Main Reticulation","Submain Install","LV-2A-079 - SSB-2A to MUPS-2A","Torque settings"
"35c212ad-29fe-40b8-80a1-961178347aaf","","folder-normal","not-started","","step","TRUE","FALSE","HDC Site QA","Main Reticulation","Submain Install","LV-2A-080 - SSB-2A to MUPS-2A"
"61677502-0195-4fc4-ac63-8455162e6189","","checklist-sectioned","not-started","_RPL - AE-ITCX-010 - Torque Settings for Bolts (Rev 0 +Names)","checklist","FALSE","FALSE","HDC Site QA","Main Reticulation","Submain Install","LV-2A-080 - SSB-2A to MUPS-2A","Torque settings"
"e671c899-18fa-4d51-b5cb-546bb38be2ec","","folder-normal","not-started","","step","TRUE","FALSE","HDC Site QA","Main Reticulation","Submain Install","LV-2A-081 - TOB-2A-01 to PDU-2A-1"
"f6be794b-305d-41fa-b755-51ee7190554f","","checklist-sectioned","not-started","_RPL - AE-ITCX-010 - Torque Settings for Bolts (Rev 0 +Names)","checklist","FALSE","FALSE","HDC Site QA","Main Reticulation","Submain Install","LV-2A-081 - TOB-2A-01 to PDU-2A-1","Torque settings"
"b6930d97-7bd4-433e-ad6f-4529acf8f93f","","folder-normal","not-started","","step","TRUE","FALSE","HDC Site QA","Main Reticulation","Submain Install","LV-2A-083 - TOB-2A-02 to PDU-2A-2"
"7d8e3a2c-9d31-4a2f-a2c6-613bac8aa68c","","checklist-sectioned","not-started","_RPL - AE-ITCX-010 - Torque Settings for Bolts (Rev 0 +Names)","checklist","FALSE","FALSE","HDC Site QA","Main Reticulation","Submain Install","LV-2A-083 - TOB-2A-02 to PDU-2A-2","Torque settings"
"387620af-7719-41c3-b5a6-53daea0c98b3","","folder-normal","not-started","","step","TRUE","FALSE","HDC Site QA","Main Reticulation","Submain Install","LV-2A-085 - TOB-2A-03 to PDU-2A-3"
"8c5d42be-9f66-4e69-835a-736213f11740","","checklist-sectioned","not-started","_RPL - AE-ITCX-010 - Torque Settings for Bolts (Rev 0 +Names)","checklist","FALSE","FALSE","HDC Site QA","Main Reticulation","Submain Install","LV-2A-085 - TOB-2A-03 to PDU-2A-3","Torque settings"
"8793d924-1669-40ad-bf72-34092e1fec25","","folder-normal","not-started","","step","TRUE","FALSE","HDC Site QA","Main Reticulation","Submain Install","LV-2A-087 - TOB-2A-04 to PDU-2A-4"
"5d3be267-77c1-48d5-ac4c-522fd4cf4707","","checklist-sectioned","not-started","_RPL - AE-ITCX-010 - Torque Settings for Bolts (Rev 0 +Names)","checklist","FALSE","FALSE","HDC Site QA","Main Reticulation","Submain Install","LV-2A-087 - TOB-2A-04 to PDU-2A-4","Torque settings"
"555e147e-122b-4615-9f5c-a59883ba46a5","","folder-normal","not-started","","step","TRUE","FALSE","HDC Site QA","Main Reticulation","Submain Install","LV-2A-089 - TOB-2A-05 to PDU-2A-5"
"a6d0f962-10da-4d86-8332-67e75cc23459","","checklist-sectioned","not-started","_RPL - AE-ITCX-010 - Torque Settings for Bolts (Rev 0 +Names)","checklist","FALSE","FALSE","HDC Site QA","Main Reticulation","Submain Install","LV-2A-089 - TOB-2A-05 to PDU-2A-5","Torque settings"
"3cefaba9-7db4-4cc0-98bd-c26287284e38","","folder-normal","not-started","","step","TRUE","FALSE","HDC Site QA","Main Reticulation","Submain Install","LV-2A-091 - TOB-2A-06 to PDU-2A-6"
"4a089247-9c7f-4d62-97f7-3b18abf246cd","","checklist-sectioned","not-started","_RPL - AE-ITCX-010 - Torque Settings for Bolts (Rev 0 +Names)","checklist","FALSE","FALSE","HDC Site QA","Main Reticulation","Submain Install","LV-2A-091 - TOB-2A-06 to PDU-2A-6","Torque settings"
"9db3757d-3cb6-42b5-924d-3bb08ecf6ae9","","folder-normal","not-started","","step","TRUE","FALSE","HDC Site QA","Main Reticulation","Submain Install","LV-2A-093 - TOB-2A-07 to PDU-2A-7"
"b0ea47be-aca4-40ad-9b2e-952050d78aff","","checklist-sectioned","not-started","_RPL - AE-ITCX-010 - Torque Settings for Bolts (Rev 0 +Names)","checklist","FALSE","FALSE","HDC Site QA","Main Reticulation","Submain Install","LV-2A-093 - TOB-2A-07 to PDU-2A-7","Torque settings"
"40acd941-e8e9-4fa7-9164-40eeff191d28","","folder-normal","not-started","","step","TRUE","FALSE","HDC Site QA","Main Reticulation","Submain Install","LV-2A-095 - TOB-2A-08 to PDU-2A-8"
"22490b87-cd9c-442e-b3a1-25b372a3f3b8","","checklist-sectioned","not-started","_RPL - AE-ITCX-010 - Torque Settings for Bolts (Rev 0 +Names)","checklist","FALSE","FALSE","HDC Site QA","Main Reticulation","Submain Install","LV-2A-095 - TOB-2A-08 to PDU-2A-8","Torque settings"
"0457530b-4b13-4bde-991f-93607cc75358","","folder-normal","not-started","","step","TRUE","FALSE","HDC Site QA","Main Reticulation","Submain Install","LV-2A-097 - UPS to BATT"
"311c7011-645b-4ebd-be8c-75c135c12870","","checklist-sectioned","not-started","_RPL - AE-ITCX-010 - Torque Settings for Bolts (Rev 0 +Names)","checklist","FALSE","FALSE","HDC Site QA","Main Reticulation","Submain Install","LV-2A-097 - UPS to BATT","Torque settings"
"7954c2ec-d717-45e9-9a07-0d48d51cfa99","","folder-normal","not-started","","step","TRUE","FALSE","HDC Site QA","Main Reticulation","Submain Install","LV-2A-099 - UPS to BATT"
"1c993447-98c6-42f3-aa6d-53d99aad21a5","","checklist-sectioned","not-started","_RPL - AE-ITCX-010 - Torque Settings for Bolts (Rev 0 +Names)","checklist","FALSE","FALSE","HDC Site QA","Main Reticulation","Submain Install","LV-2A-099 - UPS to BATT","Torque settings"
"e02cbc0c-6f82-4152-80b6-c9639ac7ab78","","folder-normal","not-started","","step","TRUE","FALSE","HDC Site QA","Main Reticulation","Submain Install","LV-2A-101 - UPS-2A to MUPS-1A"
"ffbeea0c-e48d-4d77-9460-633d5f84cc4f","","checklist-sectioned","not-started","_RPL - AE-ITCX-010 - Torque Settings for Bolts (Rev 0 +Names)","checklist","FALSE","FALSE","HDC Site QA","Main Reticulation","Submain Install","LV-2A-101 - UPS-2A to MUPS-1A","Torque settings"
"17d9f842-db51-47cf-af7d-73f5a28076c2","","folder-normal","not-started","","step","TRUE","FALSE","HDC Site QA","Main Reticulation","Submain Install","LV-2B-001 - C-MUPS-2B to FWU-1-0-DH2-10"
"4ada852b-d9ae-4712-a3ce-0504bf5813ca","","checklist-sectioned","not-started","_RPL - AE-ITCX-010 - Torque Settings for Bolts (Rev 0 +Names)","checklist","FALSE","FALSE","HDC Site QA","Main Reticulation","Submain Install","LV-2B-001 - C-MUPS-2B to FWU-1-0-DH2-10","Torque settings"
"9d6e1ec5-f0c0-48bf-9bda-399f9cba3782","","folder-normal","not-started","","step","TRUE","FALSE","HDC Site QA","Main Reticulation","Submain Install","LV-2B-002 - C-MUPS-2B to FWU-1-0-DH2-11"
"ec5a37d0-cb22-4ee0-a9eb-520551bfd692","","checklist-sectioned","not-started","_RPL - AE-ITCX-010 - Torque Settings for Bolts (Rev 0 +Names)","checklist","FALSE","FALSE","HDC Site QA","Main Reticulation","Submain Install","LV-2B-002 - C-MUPS-2B to FWU-1-0-DH2-11","Torque settings"
"3b836be3-7398-4f49-b89e-5c156a8baec4","","folder-normal","not-started","","step","TRUE","FALSE","HDC Site QA","Main Reticulation","Submain Install","LV-2B-003 - C-MUPS-2B to FWU-1-0-DH2-12"
"13dc54a0-90d4-42ef-83ac-2f23bc343ce5","","checklist-sectioned","not-started","_RPL - AE-ITCX-010 - Torque Settings for Bolts (Rev 0 +Names)","checklist","FALSE","FALSE","HDC Site QA","Main Reticulation","Submain Install","LV-2B-003 - C-MUPS-2B to FWU-1-0-DH2-12","Torque settings"
"d629afb9-a649-491a-949d-86c60d83a204","","folder-normal","not-started","","step","TRUE","FALSE","HDC Site QA","Main Reticulation","Submain Install","LV-2B-004 - C-MUPS-2B to FWU-1-0-DH2-13"
"cb5ad96c-570f-4060-b5ff-d9ebbca1837f","","checklist-sectioned","not-started","_RPL - AE-ITCX-010 - Torque Settings for Bolts (Rev 0 +Names)","checklist","FALSE","FALSE","HDC Site QA","Main Reticulation","Submain Install","LV-2B-004 - C-MUPS-2B to FWU-1-0-DH2-13","Torque settings"
"44b2776f-b3a3-496d-af24-92ba00b02c93","","folder-normal","not-started","","step","TRUE","FALSE","HDC Site QA","Main Reticulation","Submain Install","LV-2B-005 - C-MUPS-2B to FWU-1-0-DH2-14"
"81fd1200-bae0-4e3d-adad-743b6b0a9391","","checklist-sectioned","not-started","_RPL - AE-ITCX-010 - Torque Settings for Bolts (Rev 0 +Names)","checklist","FALSE","FALSE","HDC Site QA","Main Reticulation","Submain Install","LV-2B-005 - C-MUPS-2B to FWU-1-0-DH2-14","Torque settings"
"c54bbba7-2c4d-4354-b1a4-9210f035e98a","","folder-normal","not-started","","step","TRUE","FALSE","HDC Site QA","Main Reticulation","Submain Install","LV-2B-006 - C-MUPS-2B to FWU-1-0-DH2-15"
"45113bbb-067a-4847-a9fd-fff4118a9b23","","checklist-sectioned","not-started","_RPL - AE-ITCX-010 - Torque Settings for Bolts (Rev 0 +Names)","checklist","FALSE","FALSE","HDC Site QA","Main Reticulation","Submain Install","LV-2B-006 - C-MUPS-2B to FWU-1-0-DH2-15","Torque settings"
"2987fe5c-ee7f-4b6d-9073-bc8ff6b0716f","","folder-normal","not-started","","step","TRUE","FALSE","HDC Site QA","Main Reticulation","Submain Install","LV-2B-007 - C-MUPS-2B to FWU-1-0-DH2-16"
"59e3ee0e-6a88-4ce3-8f92-2ef28d5f83b3","","checklist-sectioned","not-started","_RPL - AE-ITCX-010 - Torque Settings for Bolts (Rev 0 +Names)","checklist","FALSE","FALSE","HDC Site QA","Main Reticulation","Submain Install","LV-2B-007 - C-MUPS-2B to FWU-1-0-DH2-16","Torque settings"
"72f64a71-253b-4b0e-b04e-c09b6a872f95","","folder-normal","not-started","","step","TRUE","FALSE","HDC Site QA","Main Reticulation","Submain Install","LV-2B-008 - C-MUPS-2B to FWU-1-0-DH2-17"
"1e2ef5bb-12e2-4e56-84a6-98d58c2c2c01","","checklist-sectioned","not-started","_RPL - AE-ITCX-010 - Torque Settings for Bolts (Rev 0 +Names)","checklist","FALSE","FALSE","HDC Site QA","Main Reticulation","Submain Install","LV-2B-008 - C-MUPS-2B to FWU-1-0-DH2-17","Torque settings"
"2fe60d21-9a3f-4dad-97aa-7e01fa4813f0","","folder-normal","not-started","","step","TRUE","FALSE","HDC Site QA","Main Reticulation","Submain Install","LV-2B-009 - C-MUPS-2B to FWU-1-0-DH2-18"
"98162d76-0c7f-44c4-a890-7730379d4d13","","checklist-sectioned","not-started","_RPL - AE-ITCX-010 - Torque Settings for Bolts (Rev 0 +Names)","checklist","FALSE","FALSE","HDC Site QA","Main Reticulation","Submain Install","LV-2B-009 - C-MUPS-2B to FWU-1-0-DH2-18","Torque settings"
"d012c56b-a548-4d7a-9ad6-0e1127e053ae","","folder-normal","not-started","","step","TRUE","FALSE","HDC Site QA","Main Reticulation","Submain Install","LV-2B-010 - C-MUPS-2B to CHW PUMP 6 CHWP-1-3-06"
"23ff9130-2add-4e46-bb99-2cd0b4481724","","checklist-sectioned","not-started","_RPL - AE-ITCX-010 - Torque Settings for Bolts (Rev 0 +Names)","checklist","FALSE","FALSE","HDC Site QA","Main Reticulation","Submain Install","LV-2B-010 - C-MUPS-2B to CHW PUMP 6 CHWP-1-3-06","Torque settings"
"2f555239-a6b8-4683-a8a6-3883b1645b82","","folder-normal","not-started","","step","TRUE","FALSE","HDC Site QA","Main Reticulation","Submain Install","LV-2B-011 - C-MUPS-2B to CHW PUMP 5 CHWP-1-3-05"
"7dcc9874-79ca-4d22-8d9a-94206ff518cf","","checklist-sectioned","not-started","_RPL - AE-ITCX-010 - Torque Settings for Bolts (Rev 0 +Names)","checklist","FALSE","FALSE","HDC Site QA","Main Reticulation","Submain Install","LV-2B-011 - C-MUPS-2B to CHW PUMP 5 CHWP-1-3-05","Torque settings"
"c3032609-7899-4639-994e-ef09bba2f7c3","","folder-normal","not-started","","step","TRUE","FALSE","HDC Site QA","Main Reticulation","Submain Install","LV-2B-012 - C-SSB-2B to Chiller 5 ACCH-1-3-05"
"741c3011-977f-4324-9985-024949111e33","","checklist-sectioned","not-started","_RPL - AE-ITCX-010 - Torque Settings for Bolts (Rev 0 +Names)","checklist","FALSE","FALSE","HDC Site QA","Main Reticulation","Submain Install","LV-2B-012 - C-SSB-2B to Chiller 5 ACCH-1-3-05","Torque settings"
"95306ef1-25e4-455d-ad7d-18f732760977","","folder-normal","not-started","","step","TRUE","FALSE","HDC Site QA","Main Reticulation","Submain Install","LV-2B-014 - C-SSB-2B to Chiller 6 ACCH-1-3-06"
"2fae6a3b-d919-448f-80f0-7cb8a5cf256e","","checklist-sectioned","not-started","_RPL - AE-ITCX-010 - Torque Settings for Bolts (Rev 0 +Names)","checklist","FALSE","FALSE","HDC Site QA","Main Reticulation","Submain Install","LV-2B-014 - C-SSB-2B to Chiller 6 ACCH-1-3-06","Torque settings"
"d243eab7-4e1c-47d4-917c-731bb2b244c5","","folder-normal","not-started","","step","TRUE","FALSE","HDC Site QA","Main Reticulation","Submain Install","LV-2B-016 - C-SSB-2B to PAHU-1-3-DH2"
"573139c8-31c6-400f-8d0f-e06eb0b3ca1d","","checklist-sectioned","not-started","_RPL - AE-ITCX-010 - Torque Settings for Bolts (Rev 0 +Names)","checklist","FALSE","FALSE","HDC Site QA","Main Reticulation","Submain Install","LV-2B-016 - C-SSB-2B to PAHU-1-3-DH2","Torque settings"
"e09c64d9-31d6-4675-aef7-2801b8e58de9","","folder-normal","not-started","","step","TRUE","FALSE","HDC Site QA","Main Reticulation","Submain Install","LV-2B-017 - C-SSB-2B to CU-1-RF-MVSB4-01"
"401dcc8d-dbd2-42f9-82b9-4b8b5463987c","","checklist-sectioned","not-started","_RPL - AE-ITCX-010 - Torque Settings for Bolts (Rev 0 +Names)","checklist","FALSE","FALSE","HDC Site QA","Main Reticulation","Submain Install","LV-2B-017 - C-SSB-2B to CU-1-RF-MVSB4-01","Torque settings"
"89e930e8-63cb-4ddb-9b2f-df83b5b0d888","","folder-normal","not-started","","step","TRUE","FALSE","HDC Site QA","Main Reticulation","Submain Install","LV-2B-018 - C-SSB-2B to CU-1-RF-MVSB2-02"
"36edca77-12f9-4d57-bb3d-c52f53653dc4","","checklist-sectioned","not-started","_RPL - AE-ITCX-010 - Torque Settings for Bolts (Rev 0 +Names)","checklist","FALSE","FALSE","HDC Site QA","Main Reticulation","Submain Install","LV-2B-018 - C-SSB-2B to CU-1-RF-MVSB2-02","Torque settings"
"5c65a9a6-4f4a-4539-ad79-674d9f7ea93d","","folder-normal","not-started","","step","TRUE","FALSE","HDC Site QA","Main Reticulation","Submain Install","LV-2B-019 - C-SSB-2B to CRAC-1-0-LV2-02"
"06a63b97-06aa-4e17-b829-6b524b6ac821","","checklist-sectioned","not-started","_RPL - AE-ITCX-010 - Torque Settings for Bolts (Rev 0 +Names)","checklist","FALSE","FALSE","HDC Site QA","Main Reticulation","Submain Install","LV-2B-019 - C-SSB-2B to CRAC-1-0-LV2-02","Torque settings"
"1c84af63-fce4-4eac-8f74-9b6258d258a2","","folder-normal","not-started","","step","TRUE","FALSE","HDC Site QA","Main Reticulation","Submain Install","LV-2B-020 - C-SSB-2B to CRAC-1-0-LV2-01"
"033c2d33-6181-483c-a168-672eaaae01c3","","checklist-sectioned","not-started","_RPL - AE-ITCX-010 - Torque Settings for Bolts (Rev 0 +Names)","checklist","FALSE","FALSE","HDC Site QA","Main Reticulation","Submain Install","LV-2B-020 - C-SSB-2B to CRAC-1-0-LV2-01","Torque settings"
"780c381a-29f9-4f08-87a9-6d1a27572659","","folder-normal","not-started","","step","TRUE","FALSE","HDC Site QA","Main Reticulation","Submain Install","LV-2B-021 - C-SSB-2B to CRA-MV2B-01"
"b572021a-c42b-42bc-afb7-7b79565d51bf","","checklist-sectioned","not-started","_RPL - AE-ITCX-010 - Torque Settings for Bolts (Rev 0 +Names)","checklist","FALSE","FALSE","HDC Site QA","Main Reticulation","Submain Install","LV-2B-021 - C-SSB-2B to CRA-MV2B-01","Torque settings"
"34783139-1520-43cb-8668-d292264f89c9","","folder-normal","not-started","","step","TRUE","FALSE","HDC Site QA","Main Reticulation","Submain Install","LV-2B-022 - C-SSB-2B to CRAH-MV2A-02"
"cd15688f-3d20-446f-9a2d-c6a3b0cd9731","","checklist-sectioned","not-started","_RPL - AE-ITCX-010 - Torque Settings for Bolts (Rev 0 +Names)","checklist","FALSE","FALSE","HDC Site QA","Main Reticulation","Submain Install","LV-2B-022 - C-SSB-2B to CRAH-MV2A-02","Torque settings"
"2699d2d7-9a11-424c-9c9e-f532a2c44124","","folder-normal","not-started","","step","TRUE","FALSE","HDC Site QA","Main Reticulation","Submain Install","LV-2B-023 - C-SSB-2B to CRAH-1-0-CA3-02"
"d486435c-7006-44af-85a8-cd32ee40008c","","checklist-sectioned","not-started","_RPL - AE-ITCX-010 - Torque Settings for Bolts (Rev 0 +Names)","checklist","FALSE","FALSE","HDC Site QA","Main Reticulation","Submain Install","LV-2B-023 - C-SSB-2B to CRAH-1-0-CA3-02","Torque settings"
"ea63ee49-54bb-4cbd-b455-f0b3aa496463","","folder-normal","not-started","","step","TRUE","FALSE","HDC Site QA","Main Reticulation","Submain Install","LV-2B-024 - C-SSB-2B to CRAC-1-0-MVSB4-01"
"15fc89e3-f0c7-4c42-890e-b5eaebc96ad3","","checklist-sectioned","not-started","_RPL - AE-ITCX-010 - Torque Settings for Bolts (Rev 0 +Names)","checklist","FALSE","FALSE","HDC Site QA","Main Reticulation","Submain Install","LV-2B-024 - C-SSB-2B to CRAC-1-0-MVSB4-01","Torque settings"
"87631399-6642-4cd1-a29d-5ff645dcf559","","folder-normal","not-started","","step","TRUE","FALSE","HDC Site QA","Main Reticulation","Submain Install","LV-2B-025 - C-SSB-2B to CRAC-1-0-MVSB2-02"
"8f493863-b1df-4131-ae08-c6a4b79e034e","","checklist-sectioned","not-started","_RPL - AE-ITCX-010 - Torque Settings for Bolts (Rev 0 +Names)","checklist","FALSE","FALSE","HDC Site QA","Main Reticulation","Submain Install","LV-2B-025 - C-SSB-2B to CRAC-1-0-MVSB2-02","Torque settings"
"31fd87cb-2995-48d2-bf8e-a4c706cfba26","","folder-normal","not-started","","step","TRUE","FALSE","HDC Site QA","Main Reticulation","Submain Install","LV-2B-026 - C-SSB-2B to Industrial Water IW-2B"
"a51f995e-57c5-43f1-a423-0070ad8b1a32","","checklist-sectioned","not-started","_RPL - AE-ITCX-010 - Torque Settings for Bolts (Rev 0 +Names)","checklist","FALSE","FALSE","HDC Site QA","Main Reticulation","Submain Install","LV-2B-026 - C-SSB-2B to Industrial Water IW-2B","Torque settings"
"a0bf7d86-7b2d-4031-80da-fedda8885525","","folder-normal","not-started","","step","TRUE","FALSE","HDC Site QA","Main Reticulation","Submain Install","LV-2B-027 - C-SSB-2B to C-UPS-2B"
"0de914ea-503f-48da-b8c7-faa8f8f4ac6f","","checklist-sectioned","not-started","_RPL - AE-ITCX-010 - Torque Settings for Bolts (Rev 0 +Names)","checklist","FALSE","FALSE","HDC Site QA","Main Reticulation","Submain Install","LV-2B-027 - C-SSB-2B to C-UPS-2B","Torque settings"
"88bde9e6-c1fa-44c1-9be9-1139d946cf7f","","folder-normal","not-started","","step","TRUE","FALSE","HDC Site QA","Main Reticulation","Submain Install","LV-2B-029 - C-SSB-2B to C-MUPS-2B"
"2d4724a4-84e1-490d-ae4a-49eb869daa28","","checklist-sectioned","not-started","_RPL - AE-ITCX-010 - Torque Settings for Bolts (Rev 0 +Names)","checklist","FALSE","FALSE","HDC Site QA","Main Reticulation","Submain Install","LV-2B-029 - C-SSB-2B to C-MUPS-2B","Torque settings"
"97ac1096-9522-4bd6-8d4c-ce41d4fe2deb","","folder-normal","not-started","","step","TRUE","FALSE","HDC Site QA","Main Reticulation","Submain Install","LV-2B-031 - C-TOB-2B-01 to PDU-2B-1"
"bdd92220-eef9-4be3-a4e2-2f8569166344","","checklist-sectioned","not-started","_RPL - AE-ITCX-010 - Torque Settings for Bolts (Rev 0 +Names)","checklist","FALSE","FALSE","HDC Site QA","Main Reticulation","Submain Install","LV-2B-031 - C-TOB-2B-01 to PDU-2B-1","Torque settings"
"a5a41363-d907-4ae0-82d1-35f3a8637c21","","folder-normal","not-started","","step","TRUE","FALSE","HDC Site QA","Main Reticulation","Submain Install","LV-2B-033 - C-TOB-2B-02 to PDU-2B-2"
"34fc1c9b-3110-4b41-90c1-f302b4393358","","checklist-sectioned","not-started","_RPL - AE-ITCX-010 - Torque Settings for Bolts (Rev 0 +Names)","checklist","FALSE","FALSE","HDC Site QA","Main Reticulation","Submain Install","LV-2B-033 - C-TOB-2B-02 to PDU-2B-2","Torque settings"
"15ad1bf2-a9b6-4dd0-a98a-1f8333efcd37","","folder-normal","not-started","","step","TRUE","FALSE","HDC Site QA","Main Reticulation","Submain Install","LV-2B-035 - C-TOB-2B-03 to PDU-2B-3"
"db7612ac-1af2-47be-a681-4d3a0ca8a3ed","","checklist-sectioned","not-started","_RPL - AE-ITCX-010 - Torque Settings for Bolts (Rev 0 +Names)","checklist","FALSE","FALSE","HDC Site QA","Main Reticulation","Submain Install","LV-2B-035 - C-TOB-2B-03 to PDU-2B-3","Torque settings"
"7e4407e9-c122-4bdc-94fe-a28383db4498","","folder-normal","not-started","","step","TRUE","FALSE","HDC Site QA","Main Reticulation","Submain Install","LV-2B-037 - C-TOB-2B-04 to PDU-2B-4"
"e4bc31da-fdc4-4028-8de0-ac1916f94cc6","","checklist-sectioned","not-started","_RPL - AE-ITCX-010 - Torque Settings for Bolts (Rev 0 +Names)","checklist","FALSE","FALSE","HDC Site QA","Main Reticulation","Submain Install","LV-2B-037 - C-TOB-2B-04 to PDU-2B-4","Torque settings"
"f4984de4-d296-4b3e-90e9-27165ded51ed","","folder-normal","not-started","","step","TRUE","FALSE","HDC Site QA","Main Reticulation","Submain Install","LV-2B-039 - C-TOB-2B-05 to PDU-2B-5"
"e8aa23f7-dd4b-4407-826f-ecf5cffcf701","","checklist-sectioned","not-started","_RPL - AE-ITCX-010 - Torque Settings for Bolts (Rev 0 +Names)","checklist","FALSE","FALSE","HDC Site QA","Main Reticulation","Submain Install","LV-2B-039 - C-TOB-2B-05 to PDU-2B-5","Torque settings"
"1afce970-7276-4d72-a1a4-09eb6aa32f38","","folder-normal","not-started","","step","TRUE","FALSE","HDC Site QA","Main Reticulation","Submain Install","LV-2B-041 - C-TOB-2B-06 to PDU-2B-6"
"5a59612a-e8e0-4de7-8e8f-d9ba1a41a6e1","","checklist-sectioned","not-started","_RPL - AE-ITCX-010 - Torque Settings for Bolts (Rev 0 +Names)","checklist","FALSE","FALSE","HDC Site QA","Main Reticulation","Submain Install","LV-2B-041 - C-TOB-2B-06 to PDU-2B-6","Torque settings"
"913aea07-a188-4cee-b4ad-a1d0ac1f2deb","","folder-normal","not-started","","step","TRUE","FALSE","HDC Site QA","Main Reticulation","Submain Install","LV-2B-043 - C-TOB-2B-07 to PDU-2B-7"
"5d48a9f7-c4b2-4732-ad8f-c82a57b6cab3","","checklist-sectioned","not-started","_RPL - AE-ITCX-010 - Torque Settings for Bolts (Rev 0 +Names)","checklist","FALSE","FALSE","HDC Site QA","Main Reticulation","Submain Install","LV-2B-043 - C-TOB-2B-07 to PDU-2B-7","Torque settings"
"75be52b4-a595-443d-86a8-cf348b3de0c4","","folder-normal","not-started","","step","TRUE","FALSE","HDC Site QA","Main Reticulation","Submain Install","LV-2B-045 - C-TOB-2B-08 to PDU-2B-8"
"2b5ec1ec-328a-43be-a2af-1cb667f179d0","","checklist-sectioned","not-started","_RPL - AE-ITCX-010 - Torque Settings for Bolts (Rev 0 +Names)","checklist","FALSE","FALSE","HDC Site QA","Main Reticulation","Submain Install","LV-2B-045 - C-TOB-2B-08 to PDU-2B-8","Torque settings"
"c9615d0a-5d28-4f41-bdd8-474ff70c641d","","folder-normal","not-started","","step","TRUE","FALSE","HDC Site QA","Main Reticulation","Submain Install","LV-2B-047 - C-UPS-2B to C-MUPS-1A"
"d3b1045b-0505-4588-a990-025df929b43b","","checklist-sectioned","not-started","_RPL - AE-ITCX-010 - Torque Settings for Bolts (Rev 0 +Names)","checklist","FALSE","FALSE","HDC Site QA","Main Reticulation","Submain Install","LV-2B-047 - C-UPS-2B to C-MUPS-1A","Torque settings"
"0ab35420-e907-4761-b5c0-bd104fc68ebf","","folder-normal","not-started","","step","TRUE","FALSE","HDC Site QA","Main Reticulation","Submain Install","LV-2B-049 - MSB-2B to LP-2B"
"c9230b89-191d-477a-bd52-4aaf508a9f6a","","checklist-sectioned","not-started","_RPL - AE-ITCX-010 - Torque Settings for Bolts (Rev 0 +Names)","checklist","FALSE","FALSE","HDC Site QA","Main Reticulation","Submain Install","LV-2B-049 - MSB-2B to LP-2B","Torque settings"
"2a48d9d2-14a7-43cd-8245-c9b9712214ac","","folder-normal","not-started","","step","TRUE","FALSE","HDC Site QA","Main Reticulation","Submain Install","LV-2B-050 - MSB-2B to DC-2B-1"
"29595cf0-9079-4180-b8a0-bcccb6db1dea","","checklist-sectioned","not-started","_RPL - AE-ITCX-010 - Torque Settings for Bolts (Rev 0 +Names)","checklist","FALSE","FALSE","HDC Site QA","Main Reticulation","Submain Install","LV-2B-050 - MSB-2B to DC-2B-1","Torque settings"
"84c9a959-0cf2-424c-93a4-0d47aa097bbd","","folder-normal","not-started","","step","TRUE","FALSE","HDC Site QA","Main Reticulation","Submain Install","LV-2B-051 - MSB-2B to DC-2B-2"
"f4ce5b60-08c1-4ef3-9896-df77e294449c","","checklist-sectioned","not-started","_RPL - AE-ITCX-010 - Torque Settings for Bolts (Rev 0 +Names)","checklist","FALSE","FALSE","HDC Site QA","Main Reticulation","Submain Install","LV-2B-051 - MSB-2B to DC-2B-2","Torque settings"
"fbe2abf0-d687-4b4a-aa09-1d0a9ee999e9","","folder-normal","not-started","","step","TRUE","FALSE","HDC Site QA","Main Reticulation","Submain Install","LV-2B-052 - MUPS-2B to U-LP-2B"
"964d63f7-102c-429a-ab0f-19584f044e35","","checklist-sectioned","not-started","_RPL - AE-ITCX-010 - Torque Settings for Bolts (Rev 0 +Names)","checklist","FALSE","FALSE","HDC Site QA","Main Reticulation","Submain Install","LV-2B-052 - MUPS-2B to U-LP-2B","Torque settings"
"36c45cdf-a24b-40bd-86d0-bfb539508784","","folder-normal","not-started","","step","TRUE","FALSE","HDC Site QA","Main Reticulation","Submain Install","LV-2B-053 - MUPS-2B to FWU-1-0-DH2-18"
"96fb69c5-fb49-48cd-a3a9-d6c4eb3106dd","","checklist-sectioned","not-started","_RPL - AE-ITCX-010 - Torque Settings for Bolts (Rev 0 +Names)","checklist","FALSE","FALSE","HDC Site QA","Main Reticulation","Submain Install","LV-2B-053 - MUPS-2B to FWU-1-0-DH2-18","Torque settings"
"c8b56600-0dc7-4ea5-960b-1cd9c454f238","","folder-normal","not-started","","step","TRUE","FALSE","HDC Site QA","Main Reticulation","Submain Install","LV-2B-054 - MUPS-2B to FWU-1-0-DH2-17"
"43a69f78-b2bc-43a2-a9cc-58d1c720523f","","checklist-sectioned","not-started","_RPL - AE-ITCX-010 - Torque Settings for Bolts (Rev 0 +Names)","checklist","FALSE","FALSE","HDC Site QA","Main Reticulation","Submain Install","LV-2B-054 - MUPS-2B to FWU-1-0-DH2-17","Torque settings"
"971a88aa-8c96-4753-93d2-56a9f7839ca0","","folder-normal","not-started","","step","TRUE","FALSE","HDC Site QA","Main Reticulation","Submain Install","LV-2B-055 - MUPS-2B to FWU-1-0-DH2-16"
"e4085dae-e407-429f-a165-a12e83b93d23","","checklist-sectioned","not-started","_RPL - AE-ITCX-010 - Torque Settings for Bolts (Rev 0 +Names)","checklist","FALSE","FALSE","HDC Site QA","Main Reticulation","Submain Install","LV-2B-055 - MUPS-2B to FWU-1-0-DH2-16","Torque settings"
"740d4215-78c2-40c9-b10c-1f52ca5635c9","","folder-normal","not-started","","step","TRUE","FALSE","HDC Site QA","Main Reticulation","Submain Install","LV-2B-056 - MUPS-2B to FWU-1-0-DH2-15"
"d09b2246-198f-4ec8-861f-50c6d507003c","","checklist-sectioned","not-started","_RPL - AE-ITCX-010 - Torque Settings for Bolts (Rev 0 +Names)","checklist","FALSE","FALSE","HDC Site QA","Main Reticulation","Submain Install","LV-2B-056 - MUPS-2B to FWU-1-0-DH2-15","Torque settings"
"99d779f9-a9c5-4f1d-b15f-29c48b6a1692","","folder-normal","not-started","","step","TRUE","FALSE","HDC Site QA","Main Reticulation","Submain Install","LV-2B-057 - MUPS-2B to FWU-1-0-DH2-14"
"f02ca1aa-707f-4de4-8af8-3995a814c941","","checklist-sectioned","not-started","_RPL - AE-ITCX-010 - Torque Settings for Bolts (Rev 0 +Names)","checklist","FALSE","FALSE","HDC Site QA","Main Reticulation","Submain Install","LV-2B-057 - MUPS-2B to FWU-1-0-DH2-14","Torque settings"
"1a85e658-4116-4760-8fad-0f6a270f2eec","","folder-normal","not-started","","step","TRUE","FALSE","HDC Site QA","Main Reticulation","Submain Install","LV-2B-058 - MUPS-2B to FWU-1-0-DH2-13"
"3a8d7a43-35fe-4ccd-ac08-27dcd68e2da6","","checklist-sectioned","not-started","_RPL - AE-ITCX-010 - Torque Settings for Bolts (Rev 0 +Names)","checklist","FALSE","FALSE","HDC Site QA","Main Reticulation","Submain Install","LV-2B-058 - MUPS-2B to FWU-1-0-DH2-13","Torque settings"
"905e70b1-9f12-4885-9a47-2bf6d63f7e6e","","folder-normal","not-started","","step","TRUE","FALSE","HDC Site QA","Main Reticulation","Submain Install","LV-2B-059 - MUPS-2B to FWU-1-0-DH2-12"
"6f3e62d7-bd2d-4857-ad6c-1166be671a19","","checklist-sectioned","not-started","_RPL - AE-ITCX-010 - Torque Settings for Bolts (Rev 0 +Names)","checklist","FALSE","FALSE","HDC Site QA","Main Reticulation","Submain Install","LV-2B-059 - MUPS-2B to FWU-1-0-DH2-12","Torque settings"
"8f2a49f6-989a-4dc6-96d2-008c76861b75","","folder-normal","not-started","","step","TRUE","FALSE","HDC Site QA","Main Reticulation","Submain Install","LV-2B-060 - MUPS-2B to FWU-1-0-DH2-11"
"ccf736af-cb81-4683-ab20-f7703359aea2","","checklist-sectioned","not-started","_RPL - AE-ITCX-010 - Torque Settings for Bolts (Rev 0 +Names)","checklist","FALSE","FALSE","HDC Site QA","Main Reticulation","Submain Install","LV-2B-060 - MUPS-2B to FWU-1-0-DH2-11","Torque settings"
"5966748d-2338-4026-9063-bb38e414cf27","","folder-normal","not-started","","step","TRUE","FALSE","HDC Site QA","Main Reticulation","Submain Install","LV-2B-061 - MUPS-2B to FWU-1-0-DH2-10"
"f184fd79-6c29-40b7-93d5-4b41c0810551","","checklist-sectioned","not-started","_RPL - AE-ITCX-010 - Torque Settings for Bolts (Rev 0 +Names)","checklist","FALSE","FALSE","HDC Site QA","Main Reticulation","Submain Install","LV-2B-061 - MUPS-2B to FWU-1-0-DH2-10","Torque settings"
"4dae5886-3cbb-4a48-aa55-b5816afeace0","","folder-normal","not-started","","step","TRUE","FALSE","HDC Site QA","Main Reticulation","Submain Install","LV-2B-062 - MUPS-2B to CHW PUMP 6 CHWP-1-3-06"
"60be9a56-2d0f-4e99-9a74-2a2a021785fe","","checklist-sectioned","not-started","_RPL - AE-ITCX-010 - Torque Settings for Bolts (Rev 0 +Names)","checklist","FALSE","FALSE","HDC Site QA","Main Reticulation","Submain Install","LV-2B-062 - MUPS-2B to CHW PUMP 6 CHWP-1-3-06","Torque settings"
"16ed01cc-a2bb-476f-af96-8d485b73fe42","","folder-normal","not-started","","step","TRUE","FALSE","HDC Site QA","Main Reticulation","Submain Install","LV-2B-063 - MUPS-2B to CHW PUMP 5 CHWP-1-3-05"
"4e4b8550-01d4-434f-948d-291cfa722bec","","checklist-sectioned","not-started","_RPL - AE-ITCX-010 - Torque Settings for Bolts (Rev 0 +Names)","checklist","FALSE","FALSE","HDC Site QA","Main Reticulation","Submain Install","LV-2B-063 - MUPS-2B to CHW PUMP 5 CHWP-1-3-05","Torque settings"
"c9e8ecd0-1657-4479-a4b6-5dfa985f8921","","folder-normal","not-started","","step","TRUE","FALSE","HDC Site QA","Main Reticulation","Submain Install","LV-2B-064 - SSB-2B to Chiller 5 ACCH-1-3-05"
"581c9f43-903a-419a-a620-bc2121adb300","","checklist-sectioned","not-started","_RPL - AE-ITCX-010 - Torque Settings for Bolts (Rev 0 +Names)","checklist","FALSE","FALSE","HDC Site QA","Main Reticulation","Submain Install","LV-2B-064 - SSB-2B to Chiller 5 ACCH-1-3-05","Torque settings"
"8199357a-dfce-45f3-ac69-d260e54f9283","","folder-normal","not-started","","step","TRUE","FALSE","HDC Site QA","Main Reticulation","Submain Install","LV-2B-066 - SSB-2B to Chiller 6 ACCH-1-3-06"
"20cc8b94-fde2-40f4-a520-39194ad86f89","","checklist-sectioned","not-started","_RPL - AE-ITCX-010 - Torque Settings for Bolts (Rev 0 +Names)","checklist","FALSE","FALSE","HDC Site QA","Main Reticulation","Submain Install","LV-2B-066 - SSB-2B to Chiller 6 ACCH-1-3-06","Torque settings"
"561c90bc-000c-48f9-8e94-b5a2b896fa2e","","folder-normal","not-started","","step","TRUE","FALSE","HDC Site QA","Main Reticulation","Submain Install","LV-2B-068 - SSB-2B to PAHU-1-3-DH2"
"db57500b-f950-4f65-b0bd-4e908348792d","","checklist-sectioned","not-started","_RPL - AE-ITCX-010 - Torque Settings for Bolts (Rev 0 +Names)","checklist","FALSE","FALSE","HDC Site QA","Main Reticulation","Submain Install","LV-2B-068 - SSB-2B to PAHU-1-3-DH2","Torque settings"
"65e56fc5-4780-4169-828d-ac733317cbb7","","folder-normal","not-started","","step","TRUE","FALSE","HDC Site QA","Main Reticulation","Submain Install","LV-2B-069 - SSB-2B to CU-1-RF-MVSB4-01"
"1e85802a-95c1-44a2-bd45-0c601dee8cbb","","checklist-sectioned","not-started","_RPL - AE-ITCX-010 - Torque Settings for Bolts (Rev 0 +Names)","checklist","FALSE","FALSE","HDC Site QA","Main Reticulation","Submain Install","LV-2B-069 - SSB-2B to CU-1-RF-MVSB4-01","Torque settings"
"64fb8ecb-4651-4f97-9a0b-80acbf649408","","folder-normal","not-started","","step","TRUE","FALSE","HDC Site QA","Main Reticulation","Submain Install","LV-2B-070 - SSB-2B to CU-1-RF-MVSB2-02"
"d8190d36-213a-46db-9010-7acfc2fc0b96","","checklist-sectioned","not-started","_RPL - AE-ITCX-010 - Torque Settings for Bolts (Rev 0 +Names)","checklist","FALSE","FALSE","HDC Site QA","Main Reticulation","Submain Install","LV-2B-070 - SSB-2B to CU-1-RF-MVSB2-02","Torque settings"
"d96e1695-30c0-4be8-9406-1f40b6ec3a2c","","folder-normal","not-started","","step","TRUE","FALSE","HDC Site QA","Main Reticulation","Submain Install","LV-2B-071 - SSB-2B to CRAC-1-0-LV2-02"
"71868eed-36f4-480f-963a-bba84a517261","","checklist-sectioned","not-started","_RPL - AE-ITCX-010 - Torque Settings for Bolts (Rev 0 +Names)","checklist","FALSE","FALSE","HDC Site QA","Main Reticulation","Submain Install","LV-2B-071 - SSB-2B to CRAC-1-0-LV2-02","Torque settings"
"db745c90-811f-455d-898e-86d0ea59182e","","folder-normal","not-started","","step","TRUE","FALSE","HDC Site QA","Main Reticulation","Submain Install","LV-2B-072 - SSB-2B to CRAC-1-0-LV2-01"
"60b1b57a-6516-4eac-9f2d-51d608e097b1","","checklist-sectioned","not-started","_RPL - AE-ITCX-010 - Torque Settings for Bolts (Rev 0 +Names)","checklist","FALSE","FALSE","HDC Site QA","Main Reticulation","Submain Install","LV-2B-072 - SSB-2B to CRAC-1-0-LV2-01","Torque settings"
"9571ea80-446b-4d0b-81bc-f0e70c65256e","","folder-normal","not-started","","step","TRUE","FALSE","HDC Site QA","Main Reticulation","Submain Install","LV-2B-073 - SSB-2B to CRA-MV2B-01"
"2a2fd4c2-65c9-4465-9394-a63f7b3329e0","","checklist-sectioned","not-started","_RPL - AE-ITCX-010 - Torque Settings for Bolts (Rev 0 +Names)","checklist","FALSE","FALSE","HDC Site QA","Main Reticulation","Submain Install","LV-2B-073 - SSB-2B to CRA-MV2B-01","Torque settings"
"4bd7f61d-5c03-4628-8d6a-bf9b5c9dbdcf","","folder-normal","not-started","","step","TRUE","FALSE","HDC Site QA","Main Reticulation","Submain Install","LV-2B-074 - SSB-2B to CRAH-MV2A-02"
"d650435b-e01f-4814-9693-6683f7380a93","","checklist-sectioned","not-started","_RPL - AE-ITCX-010 - Torque Settings for Bolts (Rev 0 +Names)","checklist","FALSE","FALSE","HDC Site QA","Main Reticulation","Submain Install","LV-2B-074 - SSB-2B to CRAH-MV2A-02","Torque settings"
"766354b8-3f35-48bb-b969-670366bc9852","","folder-normal","not-started","","step","TRUE","FALSE","HDC Site QA","Main Reticulation","Submain Install","LV-2B-075 - SSB-2B to CRAH-1-0-CA3-02"
"3017bee6-cda5-463b-94c4-78a649b9d293","","checklist-sectioned","not-started","_RPL - AE-ITCX-010 - Torque Settings for Bolts (Rev 0 +Names)","checklist","FALSE","FALSE","HDC Site QA","Main Reticulation","Submain Install","LV-2B-075 - SSB-2B to CRAH-1-0-CA3-02","Torque settings"
"5cc6575c-a005-40a8-9765-939d796e1833","","folder-normal","not-started","","step","TRUE","FALSE","HDC Site QA","Main Reticulation","Submain Install","LV-2B-076 - SSB-2B to CRAC-1-0-MVSB4-01"
"ccc632cf-e315-4905-9d44-e6ef76a27565","","checklist-sectioned","not-started","_RPL - AE-ITCX-010 - Torque Settings for Bolts (Rev 0 +Names)","checklist","FALSE","FALSE","HDC Site QA","Main Reticulation","Submain Install","LV-2B-076 - SSB-2B to CRAC-1-0-MVSB4-01","Torque settings"
"b03bbe46-187a-4ac3-a886-90983194b7cb","","folder-normal","not-started","","step","TRUE","FALSE","HDC Site QA","Main Reticulation","Submain Install","LV-2B-077 - SSB-2B to CRAC-1-0-MVSB2-02"
"ffa73e04-9e52-4af6-b947-ad37e6745a4b","","checklist-sectioned","not-started","_RPL - AE-ITCX-010 - Torque Settings for Bolts (Rev 0 +Names)","checklist","FALSE","FALSE","HDC Site QA","Main Reticulation","Submain Install","LV-2B-077 - SSB-2B to CRAC-1-0-MVSB2-02","Torque settings"
"1cd230ed-6c05-4b46-8da6-da64c4754973","","folder-normal","not-started","","step","TRUE","FALSE","HDC Site QA","Main Reticulation","Submain Install","LV-2B-078 - SSB-2B to Industrial Water IW-2B"
"78b02016-06b0-463c-835e-53cf2324c60d","","checklist-sectioned","not-started","_RPL - AE-ITCX-010 - Torque Settings for Bolts (Rev 0 +Names)","checklist","FALSE","FALSE","HDC Site QA","Main Reticulation","Submain Install","LV-2B-078 - SSB-2B to Industrial Water IW-2B","Torque settings"
"f99eac0b-ca5b-4c60-95ce-d88a0363943d","","folder-normal","not-started","","step","TRUE","FALSE","HDC Site QA","Main Reticulation","Submain Install","LV-2B-079 - SSB-2B to UPS-2B"
"85ae9d42-75e6-4f65-a82d-799bf37d8883","","checklist-sectioned","not-started","_RPL - AE-ITCX-010 - Torque Settings for Bolts (Rev 0 +Names)","checklist","FALSE","FALSE","HDC Site QA","Main Reticulation","Submain Install","LV-2B-079 - SSB-2B to UPS-2B","Torque settings"
"56436d13-4eb5-4d69-827b-96257e5996f5","","folder-normal","not-started","","step","TRUE","FALSE","HDC Site QA","Main Reticulation","Submain Install","LV-2B-081 - SSB-2B to MUPS-2B"
"132a42df-9462-4b63-b626-765200fdb35e","","checklist-sectioned","not-started","_RPL - AE-ITCX-010 - Torque Settings for Bolts (Rev 0 +Names)","checklist","FALSE","FALSE","HDC Site QA","Main Reticulation","Submain Install","LV-2B-081 - SSB-2B to MUPS-2B","Torque settings"
"e837f0fe-6503-4a2b-b792-51b3ccf6eb7d","","folder-normal","not-started","","step","TRUE","FALSE","HDC Site QA","Main Reticulation","Submain Install","LV-2B-083 - TOB-2B-01 to PDU-2B-1"
"114dc7ae-0797-4e80-8fa5-90876f7b4aef","","checklist-sectioned","not-started","_RPL - AE-ITCX-010 - Torque Settings for Bolts (Rev 0 +Names)","checklist","FALSE","FALSE","HDC Site QA","Main Reticulation","Submain Install","LV-2B-083 - TOB-2B-01 to PDU-2B-1","Torque settings"
"5c3ee14b-28c7-4c3b-b186-5ff165a3d24a","","folder-normal","not-started","","step","TRUE","FALSE","HDC Site QA","Main Reticulation","Submain Install","LV-2B-085 - TOB-2B-02 to PDU-2B-2"
"f2560003-7a68-4653-9426-76e3576c79f2","","checklist-sectioned","not-started","_RPL - AE-ITCX-010 - Torque Settings for Bolts (Rev 0 +Names)","checklist","FALSE","FALSE","HDC Site QA","Main Reticulation","Submain Install","LV-2B-085 - TOB-2B-02 to PDU-2B-2","Torque settings"
"6b7a350d-f785-4b6b-9272-079e585a9388","","folder-normal","not-started","","step","TRUE","FALSE","HDC Site QA","Main Reticulation","Submain Install","LV-2B-087 - TOB-2B-03 to PDU-2B-3"
"13895ae2-f639-40c9-bcf8-9d75ad625230","","checklist-sectioned","not-started","_RPL - AE-ITCX-010 - Torque Settings for Bolts (Rev 0 +Names)","checklist","FALSE","FALSE","HDC Site QA","Main Reticulation","Submain Install","LV-2B-087 - TOB-2B-03 to PDU-2B-3","Torque settings"
"4921a4f0-18bb-426c-8fb4-5f528b66046f","","folder-normal","not-started","","step","TRUE","FALSE","HDC Site QA","Main Reticulation","Submain Install","LV-2B-089 - TOB-2B-04 to PDU-2B-4"
"1c479c7d-d72e-4045-a454-ab1602787920","","checklist-sectioned","not-started","_RPL - AE-ITCX-010 - Torque Settings for Bolts (Rev 0 +Names)","checklist","FALSE","FALSE","HDC Site QA","Main Reticulation","Submain Install","LV-2B-089 - TOB-2B-04 to PDU-2B-4","Torque settings"
"d5bf69c4-632f-4ca4-ab41-844895ef3193","","folder-normal","not-started","","step","TRUE","FALSE","HDC Site QA","Main Reticulation","Submain Install","LV-2B-091 - TOB-2B-05 to PDU-2B-5"
"3a60da65-149b-4e6f-a6c4-107bf0a28019","","checklist-sectioned","not-started","_RPL - AE-ITCX-010 - Torque Settings for Bolts (Rev 0 +Names)","checklist","FALSE","FALSE","HDC Site QA","Main Reticulation","Submain Install","LV-2B-091 - TOB-2B-05 to PDU-2B-5","Torque settings"
"51c3dfe4-ec39-4fa4-93f1-a61970955928","","folder-normal","not-started","","step","TRUE","FALSE","HDC Site QA","Main Reticulation","Submain Install","LV-2B-093 - TOB-2B-06 to PDU-2B-6"
"29109a6c-fd6d-4639-9aee-cefc0d93dbe7","","checklist-sectioned","not-started","_RPL - AE-ITCX-010 - Torque Settings for Bolts (Rev 0 +Names)","checklist","FALSE","FALSE","HDC Site QA","Main Reticulation","Submain Install","LV-2B-093 - TOB-2B-06 to PDU-2B-6","Torque settings"
"643a5243-af10-4f31-9fc3-36a45e4f966f","","folder-normal","not-started","","step","TRUE","FALSE","HDC Site QA","Main Reticulation","Submain Install","LV-2B-095 - TOB-2B-07 to PDU-2B-7"
"b574688f-a302-45d2-b265-6f5c747207b0","","checklist-sectioned","not-started","_RPL - AE-ITCX-010 - Torque Settings for Bolts (Rev 0 +Names)","checklist","FALSE","FALSE","HDC Site QA","Main Reticulation","Submain Install","LV-2B-095 - TOB-2B-07 to PDU-2B-7","Torque settings"
"2982bdec-2385-4c95-bc7d-8cb3a68d5b82","","folder-normal","not-started","","step","TRUE","FALSE","HDC Site QA","Main Reticulation","Submain Install","LV-2B-097 - TOB-2B-08 to PDU-2B-8"
"1f97cd9e-c33f-4a09-9b73-d3e7647d5c56","","checklist-sectioned","not-started","_RPL - AE-ITCX-010 - Torque Settings for Bolts (Rev 0 +Names)","checklist","FALSE","FALSE","HDC Site QA","Main Reticulation","Submain Install","LV-2B-097 - TOB-2B-08 to PDU-2B-8","Torque settings"
"b0ccf873-a08f-4f37-851b-6c9692223ba2","","folder-normal","not-started","","step","TRUE","FALSE","HDC Site QA","Main Reticulation","Submain Install","LV-2B-099 - UPS to BATT-2B-1"
"65eb0dd1-366d-4adc-bcdb-5cd65fcbc565","","checklist-sectioned","not-started","_RPL - AE-ITCX-010 - Torque Settings for Bolts (Rev 0 +Names)","checklist","FALSE","FALSE","HDC Site QA","Main Reticulation","Submain Install","LV-2B-099 - UPS to BATT-2B-1","Torque settings"
"42c5184a-7cb1-4a91-b75c-1d3190db4b47","","folder-normal","not-started","","step","TRUE","FALSE","HDC Site QA","Main Reticulation","Submain Install","LV-2B-101 - UPS to BATT-2B-2"
"b4e0697d-509a-43e1-88d5-646435cc5b52","","checklist-sectioned","not-started","_RPL - AE-ITCX-010 - Torque Settings for Bolts (Rev 0 +Names)","checklist","FALSE","FALSE","HDC Site QA","Main Reticulation","Submain Install","LV-2B-101 - UPS to BATT-2B-2","Torque settings"
"1d2e6f7b-fcbd-4090-8b59-296dbf98568b","","folder-normal","not-started","","step","TRUE","FALSE","HDC Site QA","Main Reticulation","Submain Install","LV-2B-103 - UPS-2B to MUPS-2B"
"b16ce043-e937-4ac7-9a76-bc6943e83665","","checklist-sectioned","not-started","_RPL - AE-ITCX-010 - Torque Settings for Bolts (Rev 0 +Names)","checklist","FALSE","FALSE","HDC Site QA","Main Reticulation","Submain Install","LV-2B-103 - UPS-2B to MUPS-2B","Torque settings"
"9ae7348a-4452-40e0-a8ea-667451912b6f","","folder-normal","not-started","","step","TRUE","FALSE","HDC Site QA","Main Reticulation","Submain Install","LV-H-001 - MSB-H to LP-FPR"
"8581add0-d2dc-4ed0-9cf1-56cfb0abd6fc","","checklist-sectioned","not-started","_RPL - AE-ITCX-010 - Torque Settings for Bolts (Rev 0 +Names)","checklist","FALSE","FALSE","HDC Site QA","Main Reticulation","Submain Install","LV-H-001 - MSB-H to LP-FPR","Torque settings"
"7d9b93ae-7ab3-4778-a33d-d789eee7ca87","","folder-normal","not-started","","step","TRUE","FALSE","HDC Site QA","Main Reticulation","Submain Install","LV-H-002 - MSB-H to LP-GLB"
"1b3f43ed-081f-4a69-a3bc-09345e55b674","","checklist-sectioned","not-started","_RPL - AE-ITCX-010 - Torque Settings for Bolts (Rev 0 +Names)","checklist","FALSE","FALSE","HDC Site QA","Main Reticulation","Submain Install","LV-H-002 - MSB-H to LP-GLB","Torque settings"
"90127900-8045-4b22-965b-ab2d8e895015","","folder-normal","not-started","","step","TRUE","FALSE","HDC Site QA","Main Reticulation","Submain Install","LV-H-003 - MSB-H to LP-H-G"
"2c9368c4-3bd2-4f02-97dc-9ddbd6a16d47","","checklist-sectioned","not-started","_RPL - AE-ITCX-010 - Torque Settings for Bolts (Rev 0 +Names)","checklist","FALSE","FALSE","HDC Site QA","Main Reticulation","Submain Install","LV-H-003 - MSB-H to LP-H-G","Torque settings"
"4ccad1ff-f951-416b-90fa-4a93c3b1dc8b","","folder-normal","not-started","","step","TRUE","FALSE","HDC Site QA","Main Reticulation","Submain Install","LV-H-004 - MSB-H to LP-H-1"
"86afbe06-d192-4528-9976-3a762ef63741","","checklist-sectioned","not-started","_RPL - AE-ITCX-010 - Torque Settings for Bolts (Rev 0 +Names)","checklist","FALSE","FALSE","HDC Site QA","Main Reticulation","Submain Install","LV-H-004 - MSB-H to LP-H-1","Torque settings"
"46e91952-4af3-42c6-8ae4-57fa6417bbe3","","folder-normal","not-started","","step","TRUE","FALSE","HDC Site QA","Main Reticulation","Submain Install","LV-H-005 - MSB-H to LP-H-2"
"e81e26ec-fc61-49f9-960c-e11e439c8471","","checklist-sectioned","not-started","_RPL - AE-ITCX-010 - Torque Settings for Bolts (Rev 0 +Names)","checklist","FALSE","FALSE","HDC Site QA","Main Reticulation","Submain Install","LV-H-005 - MSB-H to LP-H-2","Torque settings"
"7e537e9f-9237-41cf-abdd-84a91570e6fa","","folder-normal","not-started","","step","TRUE","FALSE","HDC Site QA","Main Reticulation","Submain Install","LV-H-006 - MSB-H to LP-H-2B"
"18bcb9c0-0b14-4996-ba2a-f53b0ed88933","","checklist-sectioned","not-started","_RPL - AE-ITCX-010 - Torque Settings for Bolts (Rev 0 +Names)","checklist","FALSE","FALSE","HDC Site QA","Main Reticulation","Submain Install","LV-H-006 - MSB-H to LP-H-2B","Torque settings"
"2482ccb5-bfa1-44ee-a6c8-3f3b0090d567","","folder-normal","not-started","","step","TRUE","FALSE","HDC Site QA","Main Reticulation","Submain Install","LV-H-007 - MSB-H to LP-H-3"
"4a6fdf5c-c2e3-43ed-9931-501cb0240a7e","","checklist-sectioned","not-started","_RPL - AE-ITCX-010 - Torque Settings for Bolts (Rev 0 +Names)","checklist","FALSE","FALSE","HDC Site QA","Main Reticulation","Submain Install","LV-H-007 - MSB-H to LP-H-3","Torque settings"
"98325065-8651-4d31-beb5-5e1c44f8529d","","folder-normal","not-started","","step","TRUE","FALSE","HDC Site QA","Main Reticulation","Submain Install","LV-H-008 - MSB-H to LP-H-RF"
"50175005-f63d-4de6-8f0e-031e70b66fd8","","checklist-sectioned","not-started","_RPL - AE-ITCX-010 - Torque Settings for Bolts (Rev 0 +Names)","checklist","FALSE","FALSE","HDC Site QA","Main Reticulation","Submain Install","LV-H-008 - MSB-H to LP-H-RF","Torque settings"
"e7064883-f8b6-46bf-9308-cd90bc84d9e4","","folder-normal","not-started","","step","TRUE","FALSE","HDC Site QA","Main Reticulation","Submain Install","LV-H-009 - MSB-H to Fire Pump (Electric)"
"11bf2d6c-26db-4649-a38c-05b84b425e16","","checklist-sectioned","not-started","_RPL - AE-ITCX-010 - Torque Settings for Bolts (Rev 0 +Names)","checklist","FALSE","FALSE","HDC Site QA","Main Reticulation","Submain Install","LV-H-009 - MSB-H to Fire Pump (Electric)","Torque settings"
"d4dd8198-f5d9-44c9-bff5-1a50d070abe8","","folder-normal","not-started","","step","TRUE","FALSE","HDC Site QA","Main Reticulation","Submain Install","LV-H-011 - MSB-H to Fire Pump (Diesel)"
"9e8d12e2-35cb-455e-ba35-6d514c8cab60","","checklist-sectioned","not-started","_RPL - AE-ITCX-010 - Torque Settings for Bolts (Rev 0 +Names)","checklist","FALSE","FALSE","HDC Site QA","Main Reticulation","Submain Install","LV-H-011 - MSB-H to Fire Pump (Diesel)","Torque settings"
"73848b66-b654-4c87-88fb-6593cfed8842","","folder-normal","not-started","","step","TRUE","FALSE","HDC Site QA","Main Reticulation","Submain Install","LV-H-012 - MSB-H to Jacking Pump"
"a57f28dd-dc93-4416-99d3-40b2d8d6f461","","checklist-sectioned","not-started","_RPL - AE-ITCX-010 - Torque Settings for Bolts (Rev 0 +Names)","checklist","FALSE","FALSE","HDC Site QA","Main Reticulation","Submain Install","LV-H-012 - MSB-H to Jacking Pump","Torque settings"
"5209cfce-f2d7-495e-83ed-92b008741f07","","folder-normal","not-started","","step","TRUE","FALSE","HDC Site QA","Main Reticulation","Submain Install","LV-H-013 - MSB-H to MSSB-FOH"
"e335721e-9bfd-45e7-8b42-feb820fb7ec2","","checklist-sectioned","not-started","_RPL - AE-ITCX-010 - Torque Settings for Bolts (Rev 0 +Names)","checklist","FALSE","FALSE","HDC Site QA","Main Reticulation","Submain Install","LV-H-013 - MSB-H to MSSB-FOH","Torque settings"
"0e52a49f-de38-401b-b75f-699ed4351a2c","","folder-normal","not-started","","step","TRUE","FALSE","HDC Site QA","Main Reticulation","Submain Install","LV-H-015 - MSB-H to PAHU-1-RF-01"
"7c8c63e4-9ed4-49bf-a28a-e57dd5eb71de","","checklist-sectioned","not-started","_RPL - AE-ITCX-010 - Torque Settings for Bolts (Rev 0 +Names)","checklist","FALSE","FALSE","HDC Site QA","Main Reticulation","Submain Install","LV-H-015 - MSB-H to PAHU-1-RF-01","Torque settings"
"d25de1d5-adea-497a-b08a-361b8ebd2d10","","folder-normal","not-started","","step","TRUE","FALSE","HDC Site QA","Main Reticulation","Submain Install","LV-H-016 - MSB-H to PAHU-1-RF-02"
"460e56e9-446d-4930-b5fb-573fffb9222e","","checklist-sectioned","not-started","_RPL - AE-ITCX-010 - Torque Settings for Bolts (Rev 0 +Names)","checklist","FALSE","FALSE","HDC Site QA","Main Reticulation","Submain Install","LV-H-016 - MSB-H to PAHU-1-RF-02","Torque settings"
"04a112cf-ea22-496b-beed-d012a89354ad","","folder-normal","not-started","","step","TRUE","FALSE","HDC Site QA","Main Reticulation","Submain Install","LV-H-017 - MSB-H to PV"
"94f0ec4e-57ff-498d-bbc7-b6078a8b8a06","","checklist-sectioned","not-started","_RPL - AE-ITCX-010 - Torque Settings for Bolts (Rev 0 +Names)","checklist","FALSE","FALSE","HDC Site QA","Main Reticulation","Submain Install","LV-H-017 - MSB-H to PV","Torque settings"
"0ce9f9e2-f1f2-484b-b4dd-84aff043904c","","folder-normal","not-started","","step","TRUE","FALSE","HDC Site QA","Main Reticulation","Submain Install","LV-H-018 - MSB-H to Temporary Power"
"f5272b62-6067-42a4-b6ac-133ca6a04851","","checklist-sectioned","not-started","_RPL - AE-ITCX-010 - Torque Settings for Bolts (Rev 0 +Names)","checklist","FALSE","FALSE","HDC Site QA","Main Reticulation","Submain Install","LV-H-018 - MSB-H to Temporary Power","Torque settings"
"00528ac0-51b6-4dea-a96d-52bdca04bfad","","folder-normal","not-started","","step","TRUE","FALSE","HDC Site QA","Main Reticulation","Submain Install","LV-H-019 - MSB-H to Temporary Power"
"47e6c521-dde6-4659-9c76-573952d1b167","","checklist-sectioned","not-started","_RPL - AE-ITCX-010 - Torque Settings for Bolts (Rev 0 +Names)","checklist","FALSE","FALSE","HDC Site QA","Main Reticulation","Submain Install","LV-H-019 - MSB-H to Temporary Power","Torque settings"
"72fba728-249d-4bc5-91f1-ac478c938c9d","","folder-normal","not-started","","step","TRUE","FALSE","HDC Site QA","Main Reticulation","Submain Install","LV-H-020 - MSB-H to Temporary Power"
"d1846d61-e1c4-44fb-94b9-eb5b01d832a7","","checklist-sectioned","not-started","_RPL - AE-ITCX-010 - Torque Settings for Bolts (Rev 0 +Names)","checklist","FALSE","FALSE","HDC Site QA","Main Reticulation","Submain Install","LV-H-020 - MSB-H to Temporary Power","Torque settings"
"7910ab28-9041-45e0-9d08-5be6dc8d7c61","","folder-normal","not-started","","step","TRUE","FALSE","HDC Site QA","Main Reticulation","Submain Install","LV-H-021 - MSB-H to UPS-H"
"07f43402-c574-4a8b-9fc4-83874c40eb3f","","checklist-sectioned","not-started","_RPL - AE-ITCX-010 - Torque Settings for Bolts (Rev 0 +Names)","checklist","FALSE","FALSE","HDC Site QA","Main Reticulation","Submain Install","LV-H-021 - MSB-H to UPS-H","Torque settings"
"43991026-fa72-4189-8d74-88c0d7ca90a5","","folder-normal","not-started","","step","TRUE","FALSE","HDC Site QA","Main Reticulation","Submain Install","LV-H-023 - MSB-H to MUPS-H"
"8ccb0bcd-af42-42e0-9cc6-e56b9e589739","","checklist-sectioned","not-started","_RPL - AE-ITCX-010 - Torque Settings for Bolts (Rev 0 +Names)","checklist","FALSE","FALSE","HDC Site QA","Main Reticulation","Submain Install","LV-H-023 - MSB-H to MUPS-H","Torque settings"
"05aa2eb8-a549-4347-b25a-7eed4dcb5ce2","","folder-normal","not-started","","step","TRUE","FALSE","HDC Site QA","Main Reticulation","Submain Install","LV-H-025 - MSB-H to LIFT"
"ebb6c676-f878-4085-9db3-5be5b258ef0c","","checklist-sectioned","not-started","_RPL - AE-ITCX-010 - Torque Settings for Bolts (Rev 0 +Names)","checklist","FALSE","FALSE","HDC Site QA","Main Reticulation","Submain Install","LV-H-025 - MSB-H to LIFT","Torque settings"
"c8c63d87-f1a0-49e0-ab4b-e9d0f3819375","","folder-normal","not-started","","step","TRUE","FALSE","HDC Site QA","Main Reticulation","DB Installation (Top of main switch only)"
"7af9e8af-5278-4256-a00e-bc3fed48649b","","folder-normal","not-started","","step","TRUE","FALSE","HDC Site QA","Main Reticulation","DB Installation (Top of main switch only)","LP-1A"
"08760f87-9e8c-4dfe-a738-de4ad8e070dd","","checklist-sectioned","not-started","_RPL - AE-ITCX-010 - Torque Settings for Bolts (Rev 0 +Names)","checklist","FALSE","FALSE","HDC Site QA","Main Reticulation","DB Installation (Top of main switch only)","LP-1A","Torque Settings"
"3a46b684-0ab9-488a-9c23-b141db6b904c","","folder-normal","not-started","","step","TRUE","FALSE","HDC Site QA","Main Reticulation","DB Installation (Top of main switch only)","LP-1B"
"3c47ab36-6942-4fef-ba42-4cfa3f226bdb","","checklist-sectioned","not-started","_RPL - AE-ITCX-010 - Torque Settings for Bolts (Rev 0 +Names)","checklist","FALSE","FALSE","HDC Site QA","Main Reticulation","DB Installation (Top of main switch only)","LP-1B","Torque Settings"
"840402c0-42da-446d-8992-c7bf69ea11ce","","folder-normal","not-started","","step","TRUE","FALSE","HDC Site QA","Main Reticulation","DB Installation (Top of main switch only)","LP-2A"
"464cd2da-95bd-4f74-8d1b-40cf8178bb7e","","checklist-sectioned","not-started","_RPL - AE-ITCX-010 - Torque Settings for Bolts (Rev 0 +Names)","checklist","FALSE","FALSE","HDC Site QA","Main Reticulation","DB Installation (Top of main switch only)","LP-2A","Torque Settings"
"f6a96f3f-2fe8-432d-9126-b12ce53c60d9","","folder-normal","not-started","","step","TRUE","FALSE","HDC Site QA","Main Reticulation","DB Installation (Top of main switch only)","LP-2B"
"ea1fc3c9-863b-455d-84ad-af3067f0305c","","checklist-sectioned","not-started","_RPL - AE-ITCX-010 - Torque Settings for Bolts (Rev 0 +Names)","checklist","FALSE","FALSE","HDC Site QA","Main Reticulation","DB Installation (Top of main switch only)","LP-2B","Torque Settings"
"a5092d53-bc90-49fb-a908-5622082e3289","","folder-normal","not-started","","step","TRUE","FALSE","HDC Site QA","Main Reticulation","DB Installation (Top of main switch only)","LP-FPR"
"694087e9-9c56-4450-8bb3-77fcb37085cb","","checklist-sectioned","not-started","_RPL - AE-ITCX-010 - Torque Settings for Bolts (Rev 0 +Names)","checklist","FALSE","FALSE","HDC Site QA","Main Reticulation","DB Installation (Top of main switch only)","LP-FPR","Torque Settings"
"8e543804-ba5f-4df2-b955-74da1b7e891f","","folder-normal","not-started","","step","TRUE","FALSE","HDC Site QA","Main Reticulation","DB Installation (Top of main switch only)","LP-GLB"
"63fac58b-9c46-42c6-b04a-fc7af0f5f821","","checklist-sectioned","not-started","_RPL - AE-ITCX-010 - Torque Settings for Bolts (Rev 0 +Names)","checklist","FALSE","FALSE","HDC Site QA","Main Reticulation","DB Installation (Top of main switch only)","LP-GLB","Torque Settings"
"ef8e281a-b5f5-4c85-81d2-fdff450629db","","folder-normal","not-started","","step","TRUE","FALSE","HDC Site QA","Main Reticulation","DB Installation (Top of main switch only)","LP-H-1"
"c98d8e80-1ee4-4049-9f3f-4bad5144f21e","","checklist-sectioned","not-started","_RPL - AE-ITCX-010 - Torque Settings for Bolts (Rev 0 +Names)","checklist","FALSE","FALSE","HDC Site QA","Main Reticulation","DB Installation (Top of main switch only)","LP-H-1","Torque Settings"
"3f139e4f-63de-4489-97ea-4d6a3e28c0ce","","folder-normal","not-started","","step","TRUE","FALSE","HDC Site QA","Main Reticulation","DB Installation (Top of main switch only)","LP-H-2"
"9d1ef9d2-9dd0-4cb7-bdbf-171f5e5e6a27","","checklist-sectioned","not-started","_RPL - AE-ITCX-010 - Torque Settings for Bolts (Rev 0 +Names)","checklist","FALSE","FALSE","HDC Site QA","Main Reticulation","DB Installation (Top of main switch only)","LP-H-2","Torque Settings"
"37adf176-c61d-4f62-a5ec-5bb14e472744","","folder-normal","not-started","","step","TRUE","FALSE","HDC Site QA","Main Reticulation","DB Installation (Top of main switch only)","LP-H-2B"
"b391860d-2956-4dec-84ba-ad1c3faa4136","","checklist-sectioned","not-started","_RPL - AE-ITCX-010 - Torque Settings for Bolts (Rev 0 +Names)","checklist","FALSE","FALSE","HDC Site QA","Main Reticulation","DB Installation (Top of main switch only)","LP-H-2B","Torque Settings"
"fa86227d-fa28-40fb-b991-e48aec49139c","","folder-normal","not-started","","step","TRUE","FALSE","HDC Site QA","Main Reticulation","DB Installation (Top of main switch only)","LP-H-3"
"211a45a9-5fa6-4c9f-9ffc-5c01623c6beb","","checklist-sectioned","not-started","_RPL - AE-ITCX-010 - Torque Settings for Bolts (Rev 0 +Names)","checklist","FALSE","FALSE","HDC Site QA","Main Reticulation","DB Installation (Top of main switch only)","LP-H-3","Torque Settings"
"b2727f9b-30bd-4221-a5b6-afeef9185168","","folder-normal","not-started","","step","TRUE","FALSE","HDC Site QA","Main Reticulation","DB Installation (Top of main switch only)","LP-H-G"
"b6154604-b874-4280-b093-a038e3662282","","checklist-sectioned","not-started","_RPL - AE-ITCX-010 - Torque Settings for Bolts (Rev 0 +Names)","checklist","FALSE","FALSE","HDC Site QA","Main Reticulation","DB Installation (Top of main switch only)","LP-H-G","Torque Settings"
"c834479f-5c67-413f-a6bb-e5b11ea417a4","","folder-normal","not-started","","step","TRUE","FALSE","HDC Site QA","Main Reticulation","DB Installation (Top of main switch only)","LP-H-RF"
"6fd42a17-97ec-49d3-8485-0e0c1827df96","","checklist-sectioned","not-started","_RPL - AE-ITCX-010 - Torque Settings for Bolts (Rev 0 +Names)","checklist","FALSE","FALSE","HDC Site QA","Main Reticulation","DB Installation (Top of main switch only)","LP-H-RF","Torque Settings"
"637ffe6c-968c-4ca6-a338-6d01b1f33577","","folder-normal","not-started","","step","TRUE","FALSE","HDC Site QA","Main Reticulation","DB Installation (Top of main switch only)","U-LP-1A"
"89bb53e6-080b-4c5f-b4e8-5d1e5e3d8d64","","checklist-sectioned","not-started","_RPL - AE-ITCX-010 - Torque Settings for Bolts (Rev 0 +Names)","checklist","FALSE","FALSE","HDC Site QA","Main Reticulation","DB Installation (Top of main switch only)","U-LP-1A","Torque Settings"
"c9971924-eb44-4a07-9dbd-eb16f95d1fb3","","folder-normal","not-started","","step","TRUE","FALSE","HDC Site QA","Main Reticulation","DB Installation (Top of main switch only)","U-LP-1B"
"7c8cda4a-5959-4260-b7e1-8c8c2b17dd25","","checklist-sectioned","not-started","_RPL - AE-ITCX-010 - Torque Settings for Bolts (Rev 0 +Names)","checklist","FALSE","FALSE","HDC Site QA","Main Reticulation","DB Installation (Top of main switch only)","U-LP-1B","Torque Settings"
"fb3c79ad-0a7e-44c2-8c21-e992db1e505a","","folder-normal","not-started","","step","TRUE","FALSE","HDC Site QA","Main Reticulation","DB Installation (Top of main switch only)","U-LP-2A"
"92844133-1a86-441b-b6ef-a1fa7ead8c68","","checklist-sectioned","not-started","_RPL - AE-ITCX-010 - Torque Settings for Bolts (Rev 0 +Names)","checklist","FALSE","FALSE","HDC Site QA","Main Reticulation","DB Installation (Top of main switch only)","U-LP-2A","Torque Settings"
"d2a49080-c149-4a85-82b9-08f831334c17","","folder-normal","not-started","","step","TRUE","FALSE","HDC Site QA","Main Reticulation","DB Installation (Top of main switch only)","U-LP-2B"
"01da554b-c44c-4011-a6e7-7811c2bd5a60","","checklist-sectioned","not-started","_RPL - AE-ITCX-010 - Torque Settings for Bolts (Rev 0 +Names)","checklist","FALSE","FALSE","HDC Site QA","Main Reticulation","DB Installation (Top of main switch only)","U-LP-2B","Torque Settings"
"e654f464-d81f-41f0-8427-7d381c2296a7","","folder-normal","not-started","","step","TRUE","FALSE","HDC Site QA","Main Reticulation","DB Installation (Top of main switch only)","U-LP-H-G"
"c841a732-6165-4163-a32d-60ba709c2a9b","","checklist-sectioned","not-started","_RPL - AE-ITCX-010 - Torque Settings for Bolts (Rev 0 +Names)","checklist","FALSE","FALSE","HDC Site QA","Main Reticulation","DB Installation (Top of main switch only)","U-LP-H-G","Torque Settings"
"0831dece-099f-43ec-8097-a64b931789a1","","folder-normal","not-started","","step","TRUE","FALSE","HDC Site QA","Main Reticulation","DB Installation (Top of main switch only)","U-LP-H-1"
"013abc5f-d7af-4f02-8968-d94a63fc3616","","checklist-sectioned","not-started","_RPL - AE-ITCX-010 - Torque Settings for Bolts (Rev 0 +Names)","checklist","FALSE","FALSE","HDC Site QA","Main Reticulation","DB Installation (Top of main switch only)","U-LP-H-1","Torque Settings"
"863a64f2-ea20-4f27-8aa8-bd3b104f8fef","","folder-normal","not-started","","step","TRUE","FALSE","HDC Site QA","Main Reticulation","DB Installation (Top of main switch only)","U-LP-H-2"
"1e742be7-75b9-450f-bac0-28b2ec612b09","","checklist-sectioned","not-started","_RPL - AE-ITCX-010 - Torque Settings for Bolts (Rev 0 +Names)","checklist","FALSE","FALSE","HDC Site QA","Main Reticulation","DB Installation (Top of main switch only)","U-LP-H-2","Torque Settings"
"1f7c8206-cc5a-460b-a30e-3af793ffb2bc","","folder-normal","not-started","","step","TRUE","FALSE","HDC Site QA","Main Reticulation","DB Installation (Top of main switch only)","U-LP-H-2B"
"f8586c4c-4a05-4693-9686-ed66f9633104","","checklist-sectioned","not-started","_RPL - AE-ITCX-010 - Torque Settings for Bolts (Rev 0 +Names)","checklist","FALSE","FALSE","HDC Site QA","Main Reticulation","DB Installation (Top of main switch only)","U-LP-H-2B","Torque Settings"
"e02bdb3b-ab1b-4147-a3f9-0519fa98070c","","folder-normal","not-started","","step","TRUE","FALSE","HDC Site QA","Main Reticulation","DB Installation (Top of main switch only)","U-LP-H-3"
"5af3c15a-f973-4f46-94ab-380800fde351","","checklist-sectioned","not-started","_RPL - AE-ITCX-010 - Torque Settings for Bolts (Rev 0 +Names)","checklist","FALSE","FALSE","HDC Site QA","Main Reticulation","DB Installation (Top of main switch only)","U-LP-H-3","Torque Settings"
"a867b80c-7e5b-45d4-992e-368b3f1a6958","","folder-normal","not-started","","step","TRUE","FALSE","HDC Site QA","Main Reticulation","DB Installation (Top of main switch only)","U-LP-H-RF"
"08707577-361a-4d71-8717-de49e3563281","","checklist-sectioned","not-started","_RPL - AE-ITCX-010 - Torque Settings for Bolts (Rev 0 +Names)","checklist","FALSE","FALSE","HDC Site QA","Main Reticulation","DB Installation (Top of main switch only)","U-LP-H-RF","Torque Settings"
"4fcb803f-c583-4779-92d3-f35edf7c817b","","folder-normal","not-started","","step","TRUE","FALSE","HDC Site QA","Main Reticulation","DB Installation (Top of main switch only)","PDU-1A.1"
"801d21db-0f6f-4b6a-ae4d-9f8971c5b3cb","","checklist-sectioned","not-started","_RPL - AE-ITCX-010 - Torque Settings for Bolts (Rev 0 +Names)","checklist","FALSE","FALSE","HDC Site QA","Main Reticulation","DB Installation (Top of main switch only)","PDU-1A.1","Torque Settings"
"a436d029-612e-4e55-9460-c9dfd341b107","","folder-normal","not-started","","step","TRUE","FALSE","HDC Site QA","Main Reticulation","DB Installation (Top of main switch only)","PDU-1A.2"
"166b2db1-41a6-4284-a5d6-49307aed63c5","","checklist-sectioned","not-started","_RPL - AE-ITCX-010 - Torque Settings for Bolts (Rev 0 +Names)","checklist","FALSE","FALSE","HDC Site QA","Main Reticulation","DB Installation (Top of main switch only)","PDU-1A.2","Torque Settings"
"31a039d3-209b-4057-b01b-15828df59c51","","folder-normal","not-started","","step","TRUE","FALSE","HDC Site QA","Main Reticulation","DB Installation (Top of main switch only)","PDU-1A.3"
"49b47509-ee8e-46e1-aa36-178cdd476799","","checklist-sectioned","not-started","_RPL - AE-ITCX-010 - Torque Settings for Bolts (Rev 0 +Names)","checklist","FALSE","FALSE","HDC Site QA","Main Reticulation","DB Installation (Top of main switch only)","PDU-1A.3","Torque Settings"
"6cd8eee9-3b39-477f-a2e5-b151cc67bc62","","folder-normal","not-started","","step","TRUE","FALSE","HDC Site QA","Main Reticulation","DB Installation (Top of main switch only)","PDU-1A.4"
"2ffa24c1-376c-415d-b361-dda87773b423","","checklist-sectioned","not-started","_RPL - AE-ITCX-010 - Torque Settings for Bolts (Rev 0 +Names)","checklist","FALSE","FALSE","HDC Site QA","Main Reticulation","DB Installation (Top of main switch only)","PDU-1A.4","Torque Settings"
"fb443d93-430b-4ce0-aded-d401f1fb86fd","","folder-normal","not-started","","step","TRUE","FALSE","HDC Site QA","Main Reticulation","DB Installation (Top of main switch only)","PDU-1A.5"
"b6c393c5-0260-4723-b03f-6c6ce89e2e3a","","checklist-sectioned","not-started","_RPL - AE-ITCX-010 - Torque Settings for Bolts (Rev 0 +Names)","checklist","FALSE","FALSE","HDC Site QA","Main Reticulation","DB Installation (Top of main switch only)","PDU-1A.5","Torque Settings"
"b1f91d77-2a8d-43ca-8aae-fc45635406e2","","folder-normal","not-started","","step","TRUE","FALSE","HDC Site QA","Main Reticulation","DB Installation (Top of main switch only)","PDU-1A.6"
"e79df86e-5f41-4f98-a74a-03149649108f","","checklist-sectioned","not-started","_RPL - AE-ITCX-010 - Torque Settings for Bolts (Rev 0 +Names)","checklist","FALSE","FALSE","HDC Site QA","Main Reticulation","DB Installation (Top of main switch only)","PDU-1A.6","Torque Settings"
"3ed96eee-e654-45af-ba6e-6a53a372985c","","folder-normal","not-started","","step","TRUE","FALSE","HDC Site QA","Main Reticulation","DB Installation (Top of main switch only)","PDU-1A.7"
"330f48db-aa54-4101-9e85-24adc9b8e289","","checklist-sectioned","not-started","_RPL - AE-ITCX-010 - Torque Settings for Bolts (Rev 0 +Names)","checklist","FALSE","FALSE","HDC Site QA","Main Reticulation","DB Installation (Top of main switch only)","PDU-1A.7","Torque Settings"
"f52d9175-11b1-4f1b-9fe5-88090dd0a6b3","","folder-normal","not-started","","step","TRUE","FALSE","HDC Site QA","Main Reticulation","DB Installation (Top of main switch only)","PDU-1A.8"
"9ce14594-4be6-4e84-97c7-d33210388eaa","","checklist-sectioned","not-started","_RPL - AE-ITCX-010 - Torque Settings for Bolts (Rev 0 +Names)","checklist","FALSE","FALSE","HDC Site QA","Main Reticulation","DB Installation (Top of main switch only)","PDU-1A.8","Torque Settings"
"08cb4495-eb98-474c-9933-d19746892500","","folder-normal","not-started","","step","TRUE","FALSE","HDC Site QA","Main Reticulation","DB Installation (Top of main switch only)","PDU-1B.1"
"153ffe71-7e39-486d-8766-7168b0c1ee5b","","checklist-sectioned","not-started","_RPL - AE-ITCX-010 - Torque Settings for Bolts (Rev 0 +Names)","checklist","FALSE","FALSE","HDC Site QA","Main Reticulation","DB Installation (Top of main switch only)","PDU-1B.1","Torque Settings"
"73e402da-fb39-44be-b9c7-fe1c1e4d54f1","","folder-normal","not-started","","step","TRUE","FALSE","HDC Site QA","Main Reticulation","DB Installation (Top of main switch only)","PDU-1B.2"
"7ee08f08-1b2a-4abf-860b-64bb42d4900c","","checklist-sectioned","not-started","_RPL - AE-ITCX-010 - Torque Settings for Bolts (Rev 0 +Names)","checklist","FALSE","FALSE","HDC Site QA","Main Reticulation","DB Installation (Top of main switch only)","PDU-1B.2","Torque Settings"
"2f1e935a-be68-41ed-a0f5-d553a2da586e","","folder-normal","not-started","","step","TRUE","FALSE","HDC Site QA","Main Reticulation","DB Installation (Top of main switch only)","PDU-1B.3"
"0e0e23c8-190e-411d-8fe0-02832a1cf287","","checklist-sectioned","not-started","_RPL - AE-ITCX-010 - Torque Settings for Bolts (Rev 0 +Names)","checklist","FALSE","FALSE","HDC Site QA","Main Reticulation","DB Installation (Top of main switch only)","PDU-1B.3","Torque Settings"
"021a6375-cf43-4b85-ab43-3ca73ab866cc","","folder-normal","not-started","","step","TRUE","FALSE","HDC Site QA","Main Reticulation","DB Installation (Top of main switch only)","PDU-1B.4"
"f18b937f-d02f-4fce-a6fe-aa28fd0c1c0f","","checklist-sectioned","not-started","_RPL - AE-ITCX-010 - Torque Settings for Bolts (Rev 0 +Names)","checklist","FALSE","FALSE","HDC Site QA","Main Reticulation","DB Installation (Top of main switch only)","PDU-1B.4","Torque Settings"
"f54d2636-aeb5-45cc-8933-60315b9ca762","","folder-normal","not-started","","step","TRUE","FALSE","HDC Site QA","Main Reticulation","DB Installation (Top of main switch only)","PDU-1B.5"
"ac8a5705-0dae-4bfc-9eba-8378a24a564e","","checklist-sectioned","not-started","_RPL - AE-ITCX-010 - Torque Settings for Bolts (Rev 0 +Names)","checklist","FALSE","FALSE","HDC Site QA","Main Reticulation","DB Installation (Top of main switch only)","PDU-1B.5","Torque Settings"
"fa335666-b2d8-442b-bb84-91b5085a150a","","folder-normal","not-started","","step","TRUE","FALSE","HDC Site QA","Main Reticulation","DB Installation (Top of main switch only)","PDU-1B.6"
"42890fe0-567a-45f1-9edd-7351f4595cbd","","checklist-sectioned","not-started","_RPL - AE-ITCX-010 - Torque Settings for Bolts (Rev 0 +Names)","checklist","FALSE","FALSE","HDC Site QA","Main Reticulation","DB Installation (Top of main switch only)","PDU-1B.6","Torque Settings"
"96126f20-d804-48e9-84f5-72689656781e","","folder-normal","not-started","","step","TRUE","FALSE","HDC Site QA","Main Reticulation","DB Installation (Top of main switch only)","PDU-1B.7"
"8f9d120b-f06c-4a5f-89ca-3298d5844586","","checklist-sectioned","not-started","_RPL - AE-ITCX-010 - Torque Settings for Bolts (Rev 0 +Names)","checklist","FALSE","FALSE","HDC Site QA","Main Reticulation","DB Installation (Top of main switch only)","PDU-1B.7","Torque Settings"
"f1cd2939-23c8-45a2-82ad-9f1122694d2a","","folder-normal","not-started","","step","TRUE","FALSE","HDC Site QA","Main Reticulation","DB Installation (Top of main switch only)","PDU-1B.8"
"b86a7d8b-5f41-4d23-976e-7c943cb9a673","","checklist-sectioned","not-started","_RPL - AE-ITCX-010 - Torque Settings for Bolts (Rev 0 +Names)","checklist","FALSE","FALSE","HDC Site QA","Main Reticulation","DB Installation (Top of main switch only)","PDU-1B.8","Torque Settings"
"d8bf1386-49d0-4059-bd8a-57d37a7dbbe3","","folder-normal","not-started","","step","TRUE","FALSE","HDC Site QA","Main Reticulation","DB Installation (Top of main switch only)","PDU-2A.1"
"9360fb46-b0ce-41a3-b386-5cc077cd8569","","checklist-sectioned","not-started","_RPL - AE-ITCX-010 - Torque Settings for Bolts (Rev 0 +Names)","checklist","FALSE","FALSE","HDC Site QA","Main Reticulation","DB Installation (Top of main switch only)","PDU-2A.1","Torque Settings"
"796a03ef-d5bd-4fd2-b27b-3c316f6b5c98","","folder-normal","not-started","","step","TRUE","FALSE","HDC Site QA","Main Reticulation","DB Installation (Top of main switch only)","PDU-2A.2"
"ba1a94eb-b064-44f2-a747-ded80307cf39","","checklist-sectioned","not-started","_RPL - AE-ITCX-010 - Torque Settings for Bolts (Rev 0 +Names)","checklist","FALSE","FALSE","HDC Site QA","Main Reticulation","DB Installation (Top of main switch only)","PDU-2A.2","Torque Settings"
"f2bc57c4-9013-424f-95f8-2a80c2e4816e","","folder-normal","not-started","","step","TRUE","FALSE","HDC Site QA","Main Reticulation","DB Installation (Top of main switch only)","PDU-2A.3"
"e2c7fe86-7fbf-410f-b708-d0f64f735ec6","","checklist-sectioned","not-started","_RPL - AE-ITCX-010 - Torque Settings for Bolts (Rev 0 +Names)","checklist","FALSE","FALSE","HDC Site QA","Main Reticulation","DB Installation (Top of main switch only)","PDU-2A.3","Torque Settings"
"422f7ddb-945a-4e05-9a64-779f5f8d768c","","folder-normal","not-started","","step","TRUE","FALSE","HDC Site QA","Main Reticulation","DB Installation (Top of main switch only)","PDU-2A.4"
"b6ec0e14-7d8c-4345-9279-ca057d39c767","","checklist-sectioned","not-started","_RPL - AE-ITCX-010 - Torque Settings for Bolts (Rev 0 +Names)","checklist","FALSE","FALSE","HDC Site QA","Main Reticulation","DB Installation (Top of main switch only)","PDU-2A.4","Torque Settings"
"9bf24338-73e6-4805-834a-84e358fbcb64","","folder-normal","not-started","","step","TRUE","FALSE","HDC Site QA","Main Reticulation","DB Installation (Top of main switch only)","PDU-2A.5"
"74149d83-faf9-4a87-aaf1-61e3e93cdabf","","checklist-sectioned","not-started","_RPL - AE-ITCX-010 - Torque Settings for Bolts (Rev 0 +Names)","checklist","FALSE","FALSE","HDC Site QA","Main Reticulation","DB Installation (Top of main switch only)","PDU-2A.5","Torque Settings"
"3f3be65f-2294-4aa6-89e9-fa747e19135b","","folder-normal","not-started","","step","TRUE","FALSE","HDC Site QA","Main Reticulation","DB Installation (Top of main switch only)","PDU-2A.6"
"75fe6c37-996f-485d-abf4-41209f4d2151","","checklist-sectioned","not-started","_RPL - AE-ITCX-010 - Torque Settings for Bolts (Rev 0 +Names)","checklist","FALSE","FALSE","HDC Site QA","Main Reticulation","DB Installation (Top of main switch only)","PDU-2A.6","Torque Settings"
"88ec0019-74e2-4fd1-8cd3-62aa6c987b58","","folder-normal","not-started","","step","TRUE","FALSE","HDC Site QA","Main Reticulation","DB Installation (Top of main switch only)","PDU-2A.7"
"3298f762-b602-477b-b21b-d1f7350330b9","","checklist-sectioned","not-started","_RPL - AE-ITCX-010 - Torque Settings for Bolts (Rev 0 +Names)","checklist","FALSE","FALSE","HDC Site QA","Main Reticulation","DB Installation (Top of main switch only)","PDU-2A.7","Torque Settings"
"8342e4c8-7bf2-4482-a167-80e84f4d08f6","","folder-normal","not-started","","step","TRUE","FALSE","HDC Site QA","Main Reticulation","DB Installation (Top of main switch only)","PDU-2A.8"
"973179f5-0b81-4db3-9981-4d534cbfb2d0","","checklist-sectioned","not-started","_RPL - AE-ITCX-010 - Torque Settings for Bolts (Rev 0 +Names)","checklist","FALSE","FALSE","HDC Site QA","Main Reticulation","DB Installation (Top of main switch only)","PDU-2A.8","Torque Settings"
"127784af-d0af-4d02-b763-63efc9b26fff","","folder-normal","not-started","","step","TRUE","FALSE","HDC Site QA","Main Reticulation","DB Installation (Top of main switch only)","PDU-2B.1"
"e69926ef-02ad-4eb8-ba40-047fa73d9178","","checklist-sectioned","not-started","_RPL - AE-ITCX-010 - Torque Settings for Bolts (Rev 0 +Names)","checklist","FALSE","FALSE","HDC Site QA","Main Reticulation","DB Installation (Top of main switch only)","PDU-2B.1","Torque Settings"
"40ea70c7-4d09-41d5-b545-1dc6098a358e","","folder-normal","not-started","","step","TRUE","FALSE","HDC Site QA","Main Reticulation","DB Installation (Top of main switch only)","PDU-2B.2"
"6ab2453d-fc0a-4a24-9858-d31642cf1715","","checklist-sectioned","not-started","_RPL - AE-ITCX-010 - Torque Settings for Bolts (Rev 0 +Names)","checklist","FALSE","FALSE","HDC Site QA","Main Reticulation","DB Installation (Top of main switch only)","PDU-2B.2","Torque Settings"
"29357764-8808-4b80-8a0e-5a1bbd923e5a","","folder-normal","not-started","","step","TRUE","FALSE","HDC Site QA","Main Reticulation","DB Installation (Top of main switch only)","PDU-2B.3"
"9ea1d64a-c70b-4515-81c8-a08b489e0dfc","","checklist-sectioned","not-started","_RPL - AE-ITCX-010 - Torque Settings for Bolts (Rev 0 +Names)","checklist","FALSE","FALSE","HDC Site QA","Main Reticulation","DB Installation (Top of main switch only)","PDU-2B.3","Torque Settings"
"73cbdf9c-bf88-430a-94c5-ca9cbda14471","","folder-normal","not-started","","step","TRUE","FALSE","HDC Site QA","Main Reticulation","DB Installation (Top of main switch only)","PDU-2B.4"
"1a4a8d51-bf51-4f00-8b12-6c95ace201d6","","checklist-sectioned","not-started","_RPL - AE-ITCX-010 - Torque Settings for Bolts (Rev 0 +Names)","checklist","FALSE","FALSE","HDC Site QA","Main Reticulation","DB Installation (Top of main switch only)","PDU-2B.4","Torque Settings"
"23c96973-2a05-40c6-9b13-116d3bdb50e0","","folder-normal","not-started","","step","TRUE","FALSE","HDC Site QA","Main Reticulation","DB Installation (Top of main switch only)","PDU-2B.5"
"3e0c4e3d-f505-4eb1-950a-1d8d5e3ac189","","checklist-sectioned","not-started","_RPL - AE-ITCX-010 - Torque Settings for Bolts (Rev 0 +Names)","checklist","FALSE","FALSE","HDC Site QA","Main Reticulation","DB Installation (Top of main switch only)","PDU-2B.5","Torque Settings"
"c468a2fe-8267-4a68-8ef2-c76242c0676d","","folder-normal","not-started","","step","TRUE","FALSE","HDC Site QA","Main Reticulation","DB Installation (Top of main switch only)","PDU-2B.6"
"3eb131bb-bc21-48d6-9290-5e1ccd5878e5","","checklist-sectioned","not-started","_RPL - AE-ITCX-010 - Torque Settings for Bolts (Rev 0 +Names)","checklist","FALSE","FALSE","HDC Site QA","Main Reticulation","DB Installation (Top of main switch only)","PDU-2B.6","Torque Settings"
"e8d21d01-e18e-4ffb-a083-2625b557232f","","folder-normal","not-started","","step","TRUE","FALSE","HDC Site QA","Main Reticulation","DB Installation (Top of main switch only)","PDU-2B.7"
"3b23fe8a-2b4a-451d-8bec-029cce5a2dae","","checklist-sectioned","not-started","_RPL - AE-ITCX-010 - Torque Settings for Bolts (Rev 0 +Names)","checklist","FALSE","FALSE","HDC Site QA","Main Reticulation","DB Installation (Top of main switch only)","PDU-2B.7","Torque Settings"
"57086ba8-5bfa-4667-bd87-50aeb4e47e28","","folder-normal","no-status-not-started","","step","TRUE","FALSE","HDC Site QA","Main Reticulation","DB Installation (Top of main switch only)","PDU-2B.8"
"1eb6293f-1d53-4286-9276-11be9230aba5","","folder-normal","not-started","","step","FALSE","FALSE","HDC Site QA","Main Reticulation","DB Installation (Top of main switch only)","PDU-2B.7"
"8e35f0ab-94f2-4c10-8b2e-dc42c18d833b","","checklist-sectioned","not-started","_RPL - AE-ITCX-010 - Torque Settings for Bolts (Rev 0 +Names)","checklist","FALSE","FALSE","HDC Site QA","Main Reticulation","DB Installation (Top of main switch only)","PDU-2B.7","Torque Settings"
"e32a2a50-57eb-45b5-ae32-f571d07087ee","","folder-normal","work-in-progress","","step","TRUE","FALSE","HDC Site QA","Cable tray Install"
"4014a709-b2d0-4e8e-817a-a8a92bc14218","","folder-normal","work-in-progress","","step","TRUE","FALSE","HDC Site QA","Cable tray Install","Ground floor"
"eabd05e3-8434-4ed9-a090-e43361678622","","folder-normal","pass","","step","TRUE","FALSE","HDC Site QA","Cable tray Install","Ground floor","Plant rooms"
"dedc72a1-006f-41f0-b843-3cb56918d9f7","","checklist-flat","pass","e49e09705d51a204c5ff6e4793335428bc6daa588ac0394dcf7c3c65f78f588c","checklist-flat","FALSE","FALSE","HDC Site QA","Cable tray Install","Ground floor","Plant rooms","Store 1"
"feec594b-858f-403e-a341-c334543a6b8d","","checklist-flat","pass","e49e09705d51a204c5ff6e4793335428bc6daa588ac0394dcf7c3c65f78f588c","checklist-flat","FALSE","FALSE","HDC Site QA","Cable tray Install","Ground floor","Plant rooms","Catcher Riser 1"
"e1512189-a3fe-4e1d-8180-98c598e46def","","checklist-flat","pass","e49e09705d51a204c5ff6e4793335428bc6daa588ac0394dcf7c3c65f78f588c","checklist-flat","FALSE","FALSE","HDC Site QA","Cable tray Install","Ground floor","Plant rooms","MV Room XFMR 1A"
"3a7463a2-fed7-440d-a78c-2ebd20f57ed8","","checklist-flat","pass","e49e09705d51a204c5ff6e4793335428bc6daa588ac0394dcf7c3c65f78f588c","checklist-flat","FALSE","FALSE","HDC Site QA","Cable tray Install","Ground floor","Plant rooms","LV ER Room 1A"
"6816919b-9f37-4596-9d8c-36b3fb4a320a","","checklist-flat","pass","e49e09705d51a204c5ff6e4793335428bc6daa588ac0394dcf7c3c65f78f588c","checklist-flat","FALSE","FALSE","HDC Site QA","Cable tray Install","Ground floor","Plant rooms","LV ER Room 1B"
"fa9cbd6f-194c-49b0-9ad3-8ff962bf804d","","checklist-flat","pass","e49e09705d51a204c5ff6e4793335428bc6daa588ac0394dcf7c3c65f78f588c","checklist-flat","FALSE","FALSE","HDC Site QA","Cable tray Install","Ground floor","Plant rooms","MV Room XFMR 1B"
"42e50c51-0136-4c2d-b746-27eba28ece7b","","checklist-flat","pass","e49e09705d51a204c5ff6e4793335428bc6daa588ac0394dcf7c3c65f78f588c","checklist-flat","FALSE","FALSE","HDC Site QA","Cable tray Install","Ground floor","Plant rooms","MV XFMR 3C"
"a41a680e-662d-45fb-a949-e729bea46771","","checklist-flat","pass","e49e09705d51a204c5ff6e4793335428bc6daa588ac0394dcf7c3c65f78f588c","checklist-flat","FALSE","FALSE","HDC Site QA","Cable tray Install","Ground floor","Plant rooms","MV Room MV ER 1-4"
"fa953a52-dbbf-47e9-a9e4-9f468fbc78e6","","checklist-flat","pass","e49e09705d51a204c5ff6e4793335428bc6daa588ac0394dcf7c3c65f78f588c","checklist-flat","FALSE","FALSE","HDC Site QA","Cable tray Install","Ground floor","Plant rooms","MV Room MV ER 1-3"
"16662034-2d9f-4539-a5cf-2188d3365924","","checklist-flat","pass","e49e09705d51a204c5ff6e4793335428bc6daa588ac0394dcf7c3c65f78f588c","checklist-flat","FALSE","FALSE","HDC Site QA","Cable tray Install","Ground floor","Plant rooms","MV Room MV ER 1-2"
"f7a580b1-42fa-47ee-a24b-e109c0d63da5","","checklist-flat","pass","e49e09705d51a204c5ff6e4793335428bc6daa588ac0394dcf7c3c65f78f588c","checklist-flat","FALSE","FALSE","HDC Site QA","Cable tray Install","Ground floor","Plant rooms","MV Room MV ER 1-1"
"4b04125b-148a-4596-8f72-0bb8137ff241","","checklist-flat","pass","e49e09705d51a204c5ff6e4793335428bc6daa588ac0394dcf7c3c65f78f588c","checklist-flat","FALSE","FALSE","HDC Site QA","Cable tray Install","Ground floor","Plant rooms","MV XFMR 2A"
"3509864f-89fc-4e0c-812c-dd260acb5852","","checklist-flat","pass","e49e09705d51a204c5ff6e4793335428bc6daa588ac0394dcf7c3c65f78f588c","checklist-flat","FALSE","FALSE","HDC Site QA","Cable tray Install","Ground floor","Plant rooms","LV ER Room 2A"
"3449002c-cca0-43f5-b1cf-5d0a00fde7f0","","checklist-flat","pass","e49e09705d51a204c5ff6e4793335428bc6daa588ac0394dcf7c3c65f78f588c","checklist-flat","FALSE","FALSE","HDC Site QA","Cable tray Install","Ground floor","Plant rooms","LV ER Room 2B"
"bbd631c4-9e22-48da-8bd8-19c6e3dd5fb5","","checklist-flat","pass","e49e09705d51a204c5ff6e4793335428bc6daa588ac0394dcf7c3c65f78f588c","checklist-flat","FALSE","FALSE","HDC Site QA","Cable tray Install","Ground floor","Plant rooms","MV XFMR 2B"
"e6657c9f-00d2-43fc-8a78-1c013a1b57f6","","checklist-flat","pass","e49e09705d51a204c5ff6e4793335428bc6daa588ac0394dcf7c3c65f78f588c","checklist-flat","FALSE","FALSE","HDC Site QA","Cable tray Install","Ground floor","Plant rooms","MV XFMR 2C"
"ee80711e-8bb0-41bb-8898-00c46e5df5af","","folder-normal","work-in-progress","","step","TRUE","FALSE","HDC Site QA","Cable tray Install","Ground floor","Corridors"
"da844f79-86aa-487b-9394-a20f9e04ab97","","checklist-flat","work-in-progress","_RPL - AE-ITCX-008 - Cable Tray Checklist (Rev 0 +Names)","checklist-flat","FALSE","FALSE","HDC Site QA","Cable tray Install","Ground floor","Corridors","GL Corridor 1"
"3713d66b-6c07-44d2-b8da-ee7abbe78645","","checklist-flat","work-in-progress","_RPL - AE-ITCX-008 - Cable Tray Checklist (Rev 0 +Names)","checklist-flat","FALSE","FALSE","HDC Site QA","Cable tray Install","Ground floor","Corridors","GL Corridor 1"
"151590f3-5028-49ef-bee1-d976de0ebf17","","checklist-flat","not-started","_RPL - AE-ITCX-008 - Cable Tray Checklist (Rev 0 +Names)","checklist-flat","FALSE","FALSE","HDC Site QA","Cable tray Install","Ground floor","Corridors","GL Corridor 2"
"601df28b-e673-49de-848d-44dc37517932","","checklist-flat","not-started","_RPL - AE-ITCX-008 - Cable Tray Checklist (Rev 0 +Names)","checklist-flat","FALSE","FALSE","HDC Site QA","Cable tray Install","Ground floor","Corridors","GL Corridor 3"
"826d2d4e-8d8f-4b9a-ab0a-895ee8581f23","","checklist-flat","not-started","_RPL - AE-ITCX-008 - Cable Tray Checklist (Rev 0 +Names)","checklist-flat","FALSE","FALSE","HDC Site QA","Cable tray Install","Ground floor","Corridors","Fanm Wall 1A"
"e2c6d9bb-482f-4ba1-986c-85b43772c2e5","","checklist-flat","not-started","_RPL - AE-ITCX-008 - Cable Tray Checklist (Rev 0 +Names)","checklist-flat","FALSE","FALSE","HDC Site QA","Cable tray Install","Ground floor","Corridors","Fanm Wall 1B"
"042a2eae-db4c-4807-ba77-f5b99b99dde0","","checklist-flat","not-started","_RPL - AE-ITCX-008 - Cable Tray Checklist (Rev 0 +Names)","checklist-flat","FALSE","FALSE","HDC Site QA","Cable tray Install","Ground floor","Corridors","Fanm Wall 2A"
"b691a86b-837c-47b6-bcf5-25a13b823183","","checklist-flat","not-started","_RPL - AE-ITCX-008 - Cable Tray Checklist (Rev 0 +Names)","checklist-flat","FALSE","FALSE","HDC Site QA","Cable tray Install","Ground floor","Corridors","Fanm Wall 2B"
"5b43f7c6-48fd-4b56-a8c6-14d3c94c2996","","checklist-flat","not-started","_RPL - AE-ITCX-008 - Cable Tray Checklist (Rev 0 +Names)","checklist-flat","FALSE","FALSE","HDC Site QA","Cable tray Install","Ground floor","Corridors","Pre action valve cabinet 1"
"7cf5a742-bdbf-4dac-ae1a-6834a9521f72","","checklist-flat","not-started","_RPL - AE-ITCX-008 - Cable Tray Checklist (Rev 0 +Names)","checklist-flat","FALSE","FALSE","HDC Site QA","Cable tray Install","Ground floor","Corridors","Pre action valve cabinet 2"
"481b6496-db04-45aa-8c13-b88feb88a34b","","checklist-flat","not-started","_RPL - AE-ITCX-008 - Cable Tray Checklist (Rev 0 +Names)","checklist-flat","FALSE","FALSE","HDC Site QA","Cable tray Install","Ground floor","Corridors","Generators"
"dea8d441-ab47-420e-991b-3a7bde5942e9","","folder-normal","not-started","","step","TRUE","FALSE","HDC Site QA","Cable tray Install","Ground floor","DH1"
"99b65891-1f71-46ff-bb12-c8b584edf4cf","","checklist-flat","not-started","_RPL - AE-ITCX-008 - Cable Tray Checklist (Rev 0 +Names)","checklist-flat","FALSE","FALSE","HDC Site QA","Cable tray Install","Ground floor","DH1","Comms"
"8a2d0960-6688-40c3-96fb-5ef55f1f3017","","checklist-flat","not-started","_RPL - AE-ITCX-008 - Cable Tray Checklist (Rev 0 +Names)","checklist-flat","FALSE","FALSE","HDC Site QA","Cable tray Install","Ground floor","DH1","LV"
"47b03d51-e95d-4674-92d8-744f3b6af210","","folder-normal","not-started","","step","TRUE","FALSE","HDC Site QA","Cable tray Install","Ground floor","DH2"
"075eab4b-2b5c-46d2-b679-37eabdebe7f3","","checklist-flat","not-started","_RPL - AE-ITCX-008 - Cable Tray Checklist (Rev 0 +Names)","checklist-flat","FALSE","FALSE","HDC Site QA","Cable tray Install","Ground floor","DH2","Comms"
"733ebce4-da20-4f7a-b5c1-6fc2128ec763","","checklist-flat","not-started","_RPL - AE-ITCX-008 - Cable Tray Checklist (Rev 0 +Names)","checklist-flat","FALSE","FALSE","HDC Site QA","Cable tray Install","Ground floor","DH2","LV"
"5089ab79-fec8-470e-bb59-3e560f8eaf97","","folder-normal","not-started","","step","TRUE","FALSE","HDC Site QA","Cable tray Install","Ground floor","DH3"
"99c41d06-a7aa-4473-b304-0391758b1b15","","checklist-flat","not-started","_RPL - AE-ITCX-008 - Cable Tray Checklist (Rev 0 +Names)","checklist-flat","FALSE","FALSE","HDC Site QA","Cable tray Install","Ground floor","DH3","Comms"
"423772ec-ba63-4ab7-afb6-46c9ea4df5f9","","checklist-flat","not-started","_RPL - AE-ITCX-008 - Cable Tray Checklist (Rev 0 +Names)","checklist-flat","FALSE","FALSE","HDC Site QA","Cable tray Install","Ground floor","DH3","LV"
"28f176dc-1bdf-4837-bb72-8aee53c00428","","folder-normal","work-in-progress","","step","TRUE","FALSE","HDC Site QA","Cable tray Install","Level 1"
"036e4b69-fa84-4708-9849-6265d0943a81","","folder-normal","not-started","","step","TRUE","FALSE","HDC Site QA","Cable tray Install","Level 1","Corridors"
"7a90c024-d5d3-4d2b-a7e0-8fcb9d74cfa4","","checklist-flat","not-started","_RPL - AE-ITCX-008 - Cable Tray Checklist (Rev 0 +Names)","checklist-flat","FALSE","FALSE","HDC Site QA","Cable tray Install","Level 1","Corridors","GL Corridor 1"
"44ff2c34-53e4-4e08-8d5a-0bfcdb607147","","checklist-flat","not-started","_RPL - AE-ITCX-008 - Cable Tray Checklist (Rev 0 +Names)","checklist-flat","FALSE","FALSE","HDC Site QA","Cable tray Install","Level 1","Corridors","GL Corridor 2"
"326fff3c-3ccb-451a-9f1a-7e3c6d99ba0b","","checklist-flat","not-started","_RPL - AE-ITCX-008 - Cable Tray Checklist (Rev 0 +Names)","checklist-flat","FALSE","FALSE","HDC Site QA","Cable tray Install","Level 1","Corridors","GL Corridor 3"
"25f77889-39ea-4d16-802b-54d44040a321","","checklist-flat","not-started","_RPL - AE-ITCX-008 - Cable Tray Checklist (Rev 0 +Names)","checklist-flat","FALSE","FALSE","HDC Site QA","Cable tray Install","Level 1","Corridors","GL Corridor 4"
"e4e7f74c-fedd-4990-9dd9-da8cc1ccface","","folder-normal","not-started","","step","TRUE","FALSE","HDC Site QA","Cable tray Install","Level 1","MMR Room"
"50e20aa3-e1ff-43e1-a6f8-466eb3f12f8b","","checklist-flat","not-started","_RPL - AE-ITCX-008 - Cable Tray Checklist (Rev 0 +Names)","checklist-flat","FALSE","FALSE","HDC Site QA","Cable tray Install","Level 1","MMR Room","MMR Room 1"
"1dec208e-77d3-4bc9-bf4a-7d0e959df727","","checklist-flat","not-started","_RPL - AE-ITCX-008 - Cable Tray Checklist (Rev 0 +Names)","checklist-flat","FALSE","FALSE","HDC Site QA","Cable tray Install","Level 1","MMR Room","MMR Room 2"
"95649c7e-276c-4cb8-8422-91da667b539d","","folder-normal","work-in-progress","","step","TRUE","FALSE","HDC Site QA","Cable tray Install","Level 1","DH1"
"c5b9351a-61dc-4040-a8ab-d45e3e185015","","checklist-flat","work-in-progress","e49e09705d51a204c5ff6e4793335428bc6daa588ac0394dcf7c3c65f78f588c","checklist-flat","FALSE","FALSE","HDC Site QA","Cable tray Install","Level 1","DH1","Comms"
"64af4b0f-52ad-43b3-a945-a56a6ce8a34b","","checklist-flat","work-in-progress","e49e09705d51a204c5ff6e4793335428bc6daa588ac0394dcf7c3c65f78f588c","checklist-flat","FALSE","FALSE","HDC Site QA","Cable tray Install","Level 1","DH1","LV"
"8b2f6b16-01ee-4630-9718-3d93cf815c40","","folder-normal","work-in-progress","","step","TRUE","FALSE","HDC Site QA","Cable tray Install","Level 1","DH2"
"b325604c-82ae-4fd6-9649-e61d2a00e5b8","","checklist-flat","work-in-progress","e49e09705d51a204c5ff6e4793335428bc6daa588ac0394dcf7c3c65f78f588c","checklist-flat","FALSE","FALSE","HDC Site QA","Cable tray Install","Level 1","DH2","Comms"
"827a19d8-6c1a-40af-95ce-d9e7cde99122","","checklist-flat","work-in-progress","e49e09705d51a204c5ff6e4793335428bc6daa588ac0394dcf7c3c65f78f588c","checklist-flat","FALSE","FALSE","HDC Site QA","Cable tray Install","Level 1","DH2","LV"
"5db503e3-6f51-43a1-8c05-4189fe71991f","","checklist-flat","work-in-progress","e49e09705d51a204c5ff6e4793335428bc6daa588ac0394dcf7c3c65f78f588c","checklist-flat","FALSE","FALSE","HDC Site QA","Cable tray Install","Level 1","DH2","HV"
"44fb5875-de31-4d63-8b21-412e5ab74a71","","folder-normal","not-started","","step","TRUE","FALSE","HDC Site QA","Cable tray Install","Level 1","DH3"
"82562864-986f-4375-bc46-b9938e401841","","checklist-flat","not-started","_RPL - AE-ITCX-008 - Cable Tray Checklist (Rev 0 +Names)","checklist-flat","FALSE","FALSE","HDC Site QA","Cable tray Install","Level 1","DH3","Comms"
"d22580de-29d2-49f0-83e7-38419fc37483","","checklist-flat","not-started","_RPL - AE-ITCX-008 - Cable Tray Checklist (Rev 0 +Names)","checklist-flat","FALSE","FALSE","HDC Site QA","Cable tray Install","Level 1","DH3","LV"
"32611a0b-5bb5-42be-b030-022d1e8d56f9","","folder-normal","not-started","","step","TRUE","FALSE","HDC Site QA","Cable tray Install","Roof"
"59694eca-4257-4b23-8afe-073a0cb92a25","","folder-normal","not-started","","step","TRUE","FALSE","HDC Site QA","Cable tray Install","Roof","DH1"
"fec2a919-6fd3-4ec7-a8a9-49f5c1293ed6","","checklist-flat","not-started","_RPL - AE-ITCX-008 - Cable Tray Checklist (Rev 0 +Names)","checklist-flat","FALSE","FALSE","HDC Site QA","Cable tray Install","Roof","DH1","Comms"
"91e25294-e1a9-4981-944f-e9943f47ac1b","","checklist-flat","not-started","_RPL - AE-ITCX-008 - Cable Tray Checklist (Rev 0 +Names)","checklist-flat","FALSE","FALSE","HDC Site QA","Cable tray Install","Roof","DH1","LV"
"69770bb3-3ec0-498e-8c6f-44b497cdff94","","folder-normal","not-started","","step","TRUE","FALSE","HDC Site QA","Cable tray Install","Roof","DH2"
"4428dc27-e183-4e6f-b22b-3731f5c78435","","checklist-flat","not-started","_RPL - AE-ITCX-008 - Cable Tray Checklist (Rev 0 +Names)","checklist-flat","FALSE","FALSE","HDC Site QA","Cable tray Install","Roof","DH2","Comms"
"6492718d-990c-452d-8e4a-8ae5f94bf642","","checklist-flat","not-started","_RPL - AE-ITCX-008 - Cable Tray Checklist (Rev 0 +Names)","checklist-flat","FALSE","FALSE","HDC Site QA","Cable tray Install","Roof","DH2","LV"
"6920d4fe-256a-4f97-99e7-5540a381a130","","folder-normal","not-started","","step","TRUE","FALSE","HDC Site QA","Cable tray Install","Roof","DH3"
"c77dd729-1e54-4930-98b4-74affca21b38","","checklist-flat","not-started","_RPL - AE-ITCX-008 - Cable Tray Checklist (Rev 0 +Names)","checklist-flat","FALSE","FALSE","HDC Site QA","Cable tray Install","Roof","DH3","Comms"
"8eac735f-e603-4df6-90c9-60eb5b9146f5","","checklist-flat","not-started","_RPL - AE-ITCX-008 - Cable Tray Checklist (Rev 0 +Names)","checklist-flat","FALSE","FALSE","HDC Site QA","Cable tray Install","Roof","DH3","LV"
"2055327b-c2a9-4097-b816-83f66bcb54ed","","folder-normal","not-started","","step","TRUE","FALSE","HDC Site QA","Cable tray Install","Office"
"62605786-88f9-48ed-95d3-d649ad554138","","folder-normal","not-started","","step","TRUE","FALSE","HDC Site QA","Cable tray Install","Office","Level 1"
"27a34366-0ce2-468c-b5f2-c2c4744e26b1","","checklist-flat","not-started","_RPL - AE-ITCX-008 - Cable Tray Checklist (Rev 0 +Names)","checklist-flat","FALSE","FALSE","HDC Site QA","Cable tray Install","Office","Level 1","Comms"
"f771546f-1601-4223-8df9-04e603ba85fb","","checklist-flat","not-started","_RPL - AE-ITCX-008 - Cable Tray Checklist (Rev 0 +Names)","checklist-flat","FALSE","FALSE","HDC Site QA","Cable tray Install","Office","Level 1","LV"
"63a05f0a-127e-4dd9-97d1-e2a62cd9493c","","folder-normal","not-started","","step","TRUE","FALSE","HDC Site QA","Cable tray Install","Office","Level 2"
"a3adc389-9e6e-4227-a0d6-2a3e50be44b6","","checklist-flat","not-started","_RPL - AE-ITCX-008 - Cable Tray Checklist (Rev 0 +Names)","checklist-flat","FALSE","FALSE","HDC Site QA","Cable tray Install","Office","Level 2","Comms"
"1736e9de-6b7c-4e21-8160-c60a0319860e","","checklist-flat","not-started","_RPL - AE-ITCX-008 - Cable Tray Checklist (Rev 0 +Names)","checklist-flat","FALSE","FALSE","HDC Site QA","Cable tray Install","Office","Level 2","LV"
"dde4fd4b-8702-454f-8de0-0094e3b50aed","","folder-normal","not-started","","step","TRUE","FALSE","HDC Site QA","Cable tray Install","Office","Level 3"
"6629fc01-c884-48e0-8efd-b69287f49a83","","checklist-flat","not-started","_RPL - AE-ITCX-008 - Cable Tray Checklist (Rev 0 +Names)","checklist-flat","FALSE","FALSE","HDC Site QA","Cable tray Install","Office","Level 3","Comms"
"abe00b57-64ee-4c6c-845d-e201a3b49fe9","","checklist-flat","not-started","_RPL - AE-ITCX-008 - Cable Tray Checklist (Rev 0 +Names)","checklist-flat","FALSE","FALSE","HDC Site QA","Cable tray Install","Office","Level 3","LV"
"39ee7927-2017-484d-9538-42ec703901c1","","folder-normal","work-in-progress","","step","TRUE","FALSE","HDC Site QA","Data Hall 1"
"f71f5500-447b-42d4-827d-2caaaae8356b","","checklist-flat","work-in-progress","d67088165c4526858b5eb155c32056c12aa0dc7ba855077b64ba063617a991ce","checklist-flat","FALSE","FALSE","HDC Site QA","Data Hall 1","Roughin"
"3e0f2597-d623-4ba3-9097-27e56ad123fb","","checklist-flat","not-applicable","f41a8482c36a2254357ae12836fa98869af3ce684c1404562d5a55e61955360e","checklist-flat","FALSE","FALSE","HDC Site QA","Data Hall 1","Cut out"
"e6cc60e3-3580-4eb3-910b-729e3b05eb14","","checklist-flat","work-in-progress","91b2e1be8ed4518bb61b0d4674b63d1a8d4a1dcc475461f29067578f4608f6c5","checklist-flat","FALSE","FALSE","HDC Site QA","Data Hall 1","Fit off"
"a46a4857-6b65-43df-b5c7-debe185a90d7","","checklist-flat","not-started","AE-ITCX-031 - Fit-Off General Checklist (Rev 1 +Names)","checklist-flat","FALSE","FALSE","HDC Site QA","Data Hall 1","DB Fit off"
"a120754c-caf5-4e13-8bfb-666ce7d75e44","","checklist-flat","not-started","AE-ITCX-032 - Electrical Commissioning Checklist (Rev 0 +Names)","checklist-flat","FALSE","FALSE","HDC Site QA","Data Hall 1","Commissioning"
"315386d0-198f-4ee0-becc-9a0c973e1d94","","folder-normal","not-started","","step","TRUE","FALSE","HDC Site QA","Data Hall 1","PDU"
"72bef273-c7e8-463e-8f2e-f2bc0bfa407a","","folder-normal","not-started","","step","TRUE","FALSE","HDC Site QA","Data Hall 1","PDU","PDU-1A.1"
"7ec4e451-3211-4d22-b7c1-a2ad3bc5da5d","","checklist-flat","not-started","AE-ITCX-015 - Mandatory Test Results (Rev 1 +Names)","checklist-flat","FALSE","FALSE","HDC Site QA","Data Hall 1","PDU","PDU-1A.1","CB1 - CBXX"
"a5232fe6-8ff5-4a6a-b23b-368768c18613","","folder-normal","not-started","","step","TRUE","FALSE","HDC Site QA","Data Hall 1","PDU","PDU-1A.2"
"9635db7a-fbff-40bc-b6e2-1cdf30e6f3b7","","checklist-flat","not-started","AE-ITCX-015 - Mandatory Test Results (Rev 1 +Names)","checklist-flat","FALSE","FALSE","HDC Site QA","Data Hall 1","PDU","PDU-1A.2","CB1 - CBXX"
"8740ebb0-6b9d-4d43-89ba-9d4e82493320","","folder-normal","not-started","","step","TRUE","FALSE","HDC Site QA","Data Hall 1","PDU","PDU-1A.3"
"535ce68e-ca5e-4991-a9f0-c7a5cc34f504","","checklist-flat","not-started","AE-ITCX-015 - Mandatory Test Results (Rev 1 +Names)","checklist-flat","FALSE","FALSE","HDC Site QA","Data Hall 1","PDU","PDU-1A.3","CB1 - CBXX"
"31679975-e741-4ba1-96ad-3fe8c94b232b","","folder-normal","not-started","","step","TRUE","FALSE","HDC Site QA","Data Hall 1","PDU","PDU-1A.4"
"f3dff0ad-d1f1-49ca-93f1-8049643058d1","","checklist-flat","not-started","AE-ITCX-015 - Mandatory Test Results (Rev 1 +Names)","checklist-flat","FALSE","FALSE","HDC Site QA","Data Hall 1","PDU","PDU-1A.4","CB1 - CBXX"
"1d9b67ab-2c77-45e4-ae61-b8b140a3c8a8","","folder-normal","not-started","","step","TRUE","FALSE","HDC Site QA","Data Hall 1","PDU","PDU-1A.5"
"10e84951-a8b8-41d0-9d9b-61ea173900dc","","checklist-flat","not-started","AE-ITCX-015 - Mandatory Test Results (Rev 1 +Names)","checklist-flat","FALSE","FALSE","HDC Site QA","Data Hall 1","PDU","PDU-1A.5","CB1 - CBXX"
"a36f6825-64e7-49e2-a161-729321717eaf","","folder-normal","not-started","","step","TRUE","FALSE","HDC Site QA","Data Hall 1","PDU","PDU-1A.6"
"4ad87c86-d838-4360-8690-754a719d0a5f","","checklist-flat","not-started","AE-ITCX-015 - Mandatory Test Results (Rev 1 +Names)","checklist-flat","FALSE","FALSE","HDC Site QA","Data Hall 1","PDU","PDU-1A.6","CB1 - CBXX"
"8318e64e-1726-419e-be58-f2cc5a289f88","","folder-normal","not-started","","step","TRUE","FALSE","HDC Site QA","Data Hall 1","PDU","PDU-1A.7"
"ca8453e3-7d0f-447d-a819-e5ab20cb1a47","","checklist-flat","not-started","AE-ITCX-015 - Mandatory Test Results (Rev 1 +Names)","checklist-flat","FALSE","FALSE","HDC Site QA","Data Hall 1","PDU","PDU-1A.7","CB1 - CBXX"
"20361a96-3375-4a4c-a46c-e169be6ec432","","folder-normal","not-started","","step","TRUE","FALSE","HDC Site QA","Data Hall 1","PDU","PDU-1A.8"
"fda5c1c5-d7a3-4cf0-9a9a-958ddc08e16d","","checklist-flat","not-started","AE-ITCX-015 - Mandatory Test Results (Rev 1 +Names)","checklist-flat","FALSE","FALSE","HDC Site QA","Data Hall 1","PDU","PDU-1A.8","CB1 - CBXX"
"68cbe315-71d2-45e2-b443-a649aa78ad2c","","folder-normal","not-started","","step","TRUE","FALSE","HDC Site QA","Data Hall 1","PDU","PDU-1B.1"
"f85ecabd-31ff-4401-b4eb-bdfe71b6df7d","","checklist-flat","not-started","AE-ITCX-015 - Mandatory Test Results (Rev 1 +Names)","checklist-flat","FALSE","FALSE","HDC Site QA","Data Hall 1","PDU","PDU-1B.1","CB1 - CBXX"
"5080c9ae-7bac-4685-b536-53eb36343c40","","folder-normal","not-started","","step","TRUE","FALSE","HDC Site QA","Data Hall 1","PDU","PDU-1B.2"
"47a56f0d-795f-4fcd-9772-4c5adccaefa7","","checklist-flat","not-started","AE-ITCX-015 - Mandatory Test Results (Rev 1 +Names)","checklist-flat","FALSE","FALSE","HDC Site QA","Data Hall 1","PDU","PDU-1B.2","CB1 - CBXX"
"03cd27a8-7efe-4f31-af54-9871fe8bf597","","folder-normal","not-started","","step","TRUE","FALSE","HDC Site QA","Data Hall 1","PDU","PDU-1B.3"
"8e5327bb-e5d0-4daf-9727-a5eb5b181fc2","","checklist-flat","not-started","AE-ITCX-015 - Mandatory Test Results (Rev 1 +Names)","checklist-flat","FALSE","FALSE","HDC Site QA","Data Hall 1","PDU","PDU-1B.3","CB1 - CBXX"
"27f61955-91d9-4c9d-b96d-1fdcfe0165af","","folder-normal","not-started","","step","TRUE","FALSE","HDC Site QA","Data Hall 1","PDU","PDU-1B.4"
"79b5ae78-7871-4793-9d28-172d01d16d09","","checklist-flat","not-started","AE-ITCX-015 - Mandatory Test Results (Rev 1 +Names)","checklist-flat","FALSE","FALSE","HDC Site QA","Data Hall 1","PDU","PDU-1B.4","CB1 - CBXX"
"bf77bf47-6793-4224-9f1d-8d3e765ed078","","folder-normal","not-started","","step","TRUE","FALSE","HDC Site QA","Data Hall 1","PDU","PDU-1B.5"
"31939ac6-68f5-4545-b31c-45e9ed1d850a","","checklist-flat","not-started","AE-ITCX-015 - Mandatory Test Results (Rev 1 +Names)","checklist-flat","FALSE","FALSE","HDC Site QA","Data Hall 1","PDU","PDU-1B.5","CB1 - CBXX"
"d876a129-44e5-456d-8511-3e4c2e40f630","","folder-normal","not-started","","step","TRUE","FALSE","HDC Site QA","Data Hall 1","PDU","PDU-1B.6"
"078d2483-882a-4872-9cd2-b4e0c5ea1b9b","","checklist-flat","not-started","AE-ITCX-015 - Mandatory Test Results (Rev 1 +Names)","checklist-flat","FALSE","FALSE","HDC Site QA","Data Hall 1","PDU","PDU-1B.6","CB1 - CBXX"
"8c3142ad-7489-4ca7-8528-3cdca750664a","","folder-normal","not-started","","step","TRUE","FALSE","HDC Site QA","Data Hall 1","PDU","PDU-1B.7"
"71aa530d-8392-484d-88cf-91478c348a4a","","checklist-flat","not-started","AE-ITCX-015 - Mandatory Test Results (Rev 1 +Names)","checklist-flat","FALSE","FALSE","HDC Site QA","Data Hall 1","PDU","PDU-1B.7","CB1 - CBXX"
"7be383fc-2cb0-4298-8c73-a3ee3cc92cb6","","folder-normal","not-started","","step","TRUE","FALSE","HDC Site QA","Data Hall 1","PDU","PDU-1B.8"
"eb226285-a83b-4f33-a7f2-08cba4f89050","","checklist-flat","not-started","AE-ITCX-015 - Mandatory Test Results (Rev 1 +Names)","checklist-flat","FALSE","FALSE","HDC Site QA","Data Hall 1","PDU","PDU-1B.8","CB1 - CBXX"
"3aecfe1d-014d-4c8e-9931-4e91d7e07fae","","folder-normal","not-started","","step","TRUE","FALSE","HDC Site QA","Data Hall 2"
"0e1f803d-492d-459b-897d-63b60a3c65a7","","checklist-flat","not-started","AE-ITCX-029 - Rough-In Checklist (Rev 1 +Names)","checklist-flat","FALSE","FALSE","HDC Site QA","Data Hall 2","Roughin"
"faa5eecc-015f-47c9-b102-86906090317a","","checklist-flat","not-started","AE-ITCX-030 - Cut-Out Sheet (Rev 1 +Names)","checklist-flat","FALSE","FALSE","HDC Site QA","Data Hall 2","Cut out"
"91132b75-8b0e-4acd-83d3-68a5fe03576f","","checklist-flat","not-started","AE-ITCX-031 - Fit-Off General Checklist (Rev 1 +Names)","checklist-flat","FALSE","FALSE","HDC Site QA","Data Hall 2","Fit off"
"be2ed5ee-2181-4d29-93d5-0cd5aef6b10a","","checklist-flat","not-started","AE-ITCX-031 - Fit-Off General Checklist (Rev 1 +Names)","checklist-flat","FALSE","FALSE","HDC Site QA","Data Hall 2","DB Fit off"
"b627cf56-c427-4412-a382-0528a7f3767b","","checklist-flat","not-started","AE-ITCX-032 - Electrical Commissioning Checklist (Rev 0 +Names)","checklist-flat","FALSE","FALSE","HDC Site QA","Data Hall 2","Commissioining"
"034a3edc-697c-4525-97a8-fc0ee3029126","","folder-normal","not-started","","step","TRUE","FALSE","HDC Site QA","Data Hall 2","PDU"
"7cf63625-d1ef-4a1e-bfd2-7f166a98bcfc","","folder-normal","not-started","","step","TRUE","FALSE","HDC Site QA","Data Hall 2","PDU","PDU-2A.1"
"08f9ef07-c76b-4de2-a573-dea0c7e43afe","","checklist-flat","not-started","AE-ITCX-015 - Mandatory Test Results (Rev 1 +Names)","checklist-flat","FALSE","FALSE","HDC Site QA","Data Hall 2","PDU","PDU-2A.1","CB1 - CBXX"
"8b0fb96a-ca33-4925-91b9-24c3ad9b4361","","folder-normal","not-started","","step","TRUE","FALSE","HDC Site QA","Data Hall 2","PDU","PDU-2A.2"
"d867855e-fa75-4268-98b1-35739395779e","","checklist-flat","not-started","AE-ITCX-015 - Mandatory Test Results (Rev 1 +Names)","checklist-flat","FALSE","FALSE","HDC Site QA","Data Hall 2","PDU","PDU-2A.2","CB1 - CBXX"
"3fd2ebef-f91f-4767-acfd-6fd2cd4c6391","","folder-normal","not-started","","step","TRUE","FALSE","HDC Site QA","Data Hall 2","PDU","PDU-2A.3"
"606b3e97-7182-4207-8eaf-9907c8106866","","checklist-flat","not-started","AE-ITCX-015 - Mandatory Test Results (Rev 1 +Names)","checklist-flat","FALSE","FALSE","HDC Site QA","Data Hall 2","PDU","PDU-2A.3","CB1 - CBXX"
"d614fd19-8ede-4518-bb9b-c492f40351aa","","folder-normal","not-started","","step","TRUE","FALSE","HDC Site QA","Data Hall 2","PDU","PDU-2A.4"
"ecef7ec7-88bf-4a40-ab18-bad77edeb672","","checklist-flat","not-started","AE-ITCX-015 - Mandatory Test Results (Rev 1 +Names)","checklist-flat","FALSE","FALSE","HDC Site QA","Data Hall 2","PDU","PDU-2A.4","CB1 - CBXX"
"6e43609b-52d9-495d-9927-b052b0464007","","folder-normal","not-started","","step","TRUE","FALSE","HDC Site QA","Data Hall 2","PDU","PDU-2A.5"
"cf1fccd3-856f-4c6d-962f-6bb684bb7b31","","checklist-flat","not-started","AE-ITCX-015 - Mandatory Test Results (Rev 1 +Names)","checklist-flat","FALSE","FALSE","HDC Site QA","Data Hall 2","PDU","PDU-2A.5","CB1 - CBXX"
"708550c8-fc77-406f-89b6-0dd7e64c1103","","folder-normal","not-started","","step","TRUE","FALSE","HDC Site QA","Data Hall 2","PDU","PDU-2A.6"
"6be1e78e-65f0-407d-96dd-7cb3444afe18","","checklist-flat","not-started","AE-ITCX-015 - Mandatory Test Results (Rev 1 +Names)","checklist-flat","FALSE","FALSE","HDC Site QA","Data Hall 2","PDU","PDU-2A.6","CB1 - CBXX"
"741d4faa-8d9a-4650-8dc7-4594053dfe46","","folder-normal","not-started","","step","TRUE","FALSE","HDC Site QA","Data Hall 2","PDU","PDU-2A.7"
"9f9b9f17-b6ba-4eb7-bfea-2c368e67173b","","checklist-flat","not-started","AE-ITCX-015 - Mandatory Test Results (Rev 1 +Names)","checklist-flat","FALSE","FALSE","HDC Site QA","Data Hall 2","PDU","PDU-2A.7","CB1 - CBXX"
"61f75261-476b-47d0-8815-3e0805665964","","folder-normal","not-started","","step","TRUE","FALSE","HDC Site QA","Data Hall 2","PDU","PDU-2A.8"
"0f7de0a3-73e8-452b-815e-3d279c5b5e3b","","checklist-flat","not-started","AE-ITCX-015 - Mandatory Test Results (Rev 1 +Names)","checklist-flat","FALSE","FALSE","HDC Site QA","Data Hall 2","PDU","PDU-2A.8","CB1 - CBXX"
"513a3d75-63d5-4fcb-9f4c-e1656464e86a","","folder-normal","not-started","","step","TRUE","FALSE","HDC Site QA","Data Hall 2","PDU","PDU-2B.1"
"c7919223-b082-4210-bd7b-e32f3796b122","","checklist-flat","not-started","AE-ITCX-015 - Mandatory Test Results (Rev 1 +Names)","checklist-flat","FALSE","FALSE","HDC Site QA","Data Hall 2","PDU","PDU-2B.1","CB1 - CBXX"
"06c29f26-c5f0-48e0-9160-29f42c868d0d","","folder-normal","not-started","","step","TRUE","FALSE","HDC Site QA","Data Hall 2","PDU","PDU-2B.2"
"604a4e45-090e-475b-ae6f-c601aed4914d","","checklist-flat","not-started","AE-ITCX-015 - Mandatory Test Results (Rev 1 +Names)","checklist-flat","FALSE","FALSE","HDC Site QA","Data Hall 2","PDU","PDU-2B.2","CB1 - CBXX"
"61fede36-ad23-4f92-892b-6c2b1fd98db4","","folder-normal","not-started","","step","TRUE","FALSE","HDC Site QA","Data Hall 2","PDU","PDU-2B.3"
"2bb707c9-e2ca-4f60-b93e-6efbcf8c17c9","","checklist-flat","not-started","AE-ITCX-015 - Mandatory Test Results (Rev 1 +Names)","checklist-flat","FALSE","FALSE","HDC Site QA","Data Hall 2","PDU","PDU-2B.3","CB1 - CBXX"
"899b0dd6-af67-49d9-878c-34a6d4abfbdb","","folder-normal","not-started","","step","TRUE","FALSE","HDC Site QA","Data Hall 2","PDU","PDU-2B.4"
"8d19a7ca-8f10-4319-91a3-795487ebca05","","checklist-flat","not-started","AE-ITCX-015 - Mandatory Test Results (Rev 1 +Names)","checklist-flat","FALSE","FALSE","HDC Site QA","Data Hall 2","PDU","PDU-2B.4","CB1 - CBXX"
"9573acc6-ef07-4f38-b287-87988a3676bc","","folder-normal","not-started","","step","TRUE","FALSE","HDC Site QA","Data Hall 2","PDU","PDU-2B.5"
"ca95e73d-4e4c-4aa2-8a3c-e6756b038f06","","checklist-flat","not-started","AE-ITCX-015 - Mandatory Test Results (Rev 1 +Names)","checklist-flat","FALSE","FALSE","HDC Site QA","Data Hall 2","PDU","PDU-2B.5","CB1 - CBXX"
"1caf44ae-95eb-49b8-898f-cd24ff8af496","","folder-normal","not-started","","step","TRUE","FALSE","HDC Site QA","Data Hall 2","PDU","PDU-2B.6"
"51821098-70a4-41a5-9fb8-f212cf4f17b2","","checklist-flat","not-started","AE-ITCX-015 - Mandatory Test Results (Rev 1 +Names)","checklist-flat","FALSE","FALSE","HDC Site QA","Data Hall 2","PDU","PDU-2B.6","CB1 - CBXX"
"87dad5e8-08ac-48a7-8b6e-fabff9865f1e","","folder-normal","not-started","","step","TRUE","FALSE","HDC Site QA","Data Hall 2","PDU","PDU-2B.7"
"d927f3e3-a60e-44ed-b2d5-3471614ea6fc","","checklist-flat","not-started","AE-ITCX-015 - Mandatory Test Results (Rev 1 +Names)","checklist-flat","FALSE","FALSE","HDC Site QA","Data Hall 2","PDU","PDU-2B.7","CB1 - CBXX"
"3b3eec19-b640-4a02-955b-6c8f558ff477","","folder-normal","not-started","","step","TRUE","FALSE","HDC Site QA","Data Hall 2","PDU","PDU-2B.8"
"3f3607a7-e300-4c70-991a-7ba9ad9779fd","","checklist-flat","not-started","AE-ITCX-015 - Mandatory Test Results (Rev 1 +Names)","checklist-flat","FALSE","FALSE","HDC Site QA","Data Hall 2","PDU","PDU-2B.8","CB1 - CBXX"
"31399cd1-ee1b-4b04-a591-f1373987158d","","folder-normal","work-in-progress","","step","TRUE","FALSE","HDC Site QA","Office"
"370a8711-864c-43a8-8f20-55a7b86c8aea","","folder-normal","work-in-progress","","step","TRUE","FALSE","HDC Site QA","Office","Ground floor"
"b0cc481e-3fa0-4abe-950c-345f08b00743","","checklist-flat","pass","d67088165c4526858b5eb155c32056c12aa0dc7ba855077b64ba063617a991ce","checklist-flat","FALSE","FALSE","HDC Site QA","Office","Ground floor","Roughin"
"d65f75d5-92e5-4c82-886e-e37f3938ac20","","checklist-flat","not-started","AE-ITCX-030 - Cut-Out Sheet (Rev 1 +Names)","checklist-flat","FALSE","FALSE","HDC Site QA","Office","Ground floor","Cut out"
"b7ad525e-63cf-4bdc-8be0-7a1140596661","","checklist-flat","not-started","AE-ITCX-031 - Fit-Off General Checklist (Rev 1 +Names)","checklist-flat","FALSE","FALSE","HDC Site QA","Office","Ground floor","Fit off"
"f2a8b1a3-1907-49aa-b72d-1bdd53a78909","","checklist-flat","not-started","AE-ITCX-031 - Fit-Off General Checklist (Rev 1 +Names)","checklist-flat","FALSE","FALSE","HDC Site QA","Office","Ground floor","DB Fit off"
"7e2ddff0-3c84-43b9-9bd0-efec666d89da","","checklist-flat","not-started","AE-ITCX-032 - Electrical Commissioning Checklist (Rev 0 +Names)","checklist-flat","FALSE","FALSE","HDC Site QA","Office","Ground floor","Commissioning"
"ad278d63-53be-4f1a-8bc7-01da12872001","","folder-normal","work-in-progress","","step","TRUE","FALSE","HDC Site QA","Office","Level 1a"
"1a594ddd-53a3-4ddb-b67d-5eddd55914cd","","checklist-flat","pass","d67088165c4526858b5eb155c32056c12aa0dc7ba855077b64ba063617a991ce","checklist-flat","FALSE","FALSE","HDC Site QA","Office","Level 1a","Roughin"
"079261ce-02ef-43fd-9c37-0ef2c2a78450","","checklist-flat","not-started","AE-ITCX-030 - Cut-Out Sheet (Rev 1 +Names)","checklist-flat","FALSE","FALSE","HDC Site QA","Office","Level 1a","Cut out"
"0dc0a182-1e02-4c64-b89f-1e50002e0479","","checklist-flat","work-in-progress","91b2e1be8ed4518bb61b0d4674b63d1a8d4a1dcc475461f29067578f4608f6c5","checklist-flat","FALSE","FALSE","HDC Site QA","Office","Level 1a","Fit off"
"b054e9c9-f5cf-40ae-8682-519035a49f34","","checklist-flat","not-started","AE-ITCX-031 - Fit-Off General Checklist (Rev 1 +Names)","checklist-flat","FALSE","FALSE","HDC Site QA","Office","Level 1a","DB Fit off"
"2c07fd09-c783-4efb-8615-4719f5d2e0ac","","checklist-flat","not-started","AE-ITCX-032 - Electrical Commissioning Checklist (Rev 0 +Names)","checklist-flat","FALSE","FALSE","HDC Site QA","Office","Level 1a","Commissioning"
"f60a7d9c-8482-4bf1-ad07-7c4e63d7f3d1","","folder-normal","work-in-progress","","step","TRUE","FALSE","HDC Site QA","Office","Level 2"
"23cb2e65-24e6-4a6f-8604-53a39f4abeed","","checklist-flat","pass","d67088165c4526858b5eb155c32056c12aa0dc7ba855077b64ba063617a991ce","checklist-flat","FALSE","FALSE","HDC Site QA","Office","Level 2","Roughin"
"0c0ee084-9e01-4614-8f6d-9c04707db7ab","","checklist-flat","not-started","AE-ITCX-030 - Cut-Out Sheet (Rev 1 +Names)","checklist-flat","FALSE","FALSE","HDC Site QA","Office","Level 2","Cut out"
"0d543aa9-77f0-4be9-9baa-3616a7ac646c","","checklist-flat","pass","91b2e1be8ed4518bb61b0d4674b63d1a8d4a1dcc475461f29067578f4608f6c5","checklist-flat","FALSE","FALSE","HDC Site QA","Office","Level 2","Fit off"
"60307977-8d12-43bf-ae17-01f4021feec3","","checklist-flat","not-started","AE-ITCX-031 - Fit-Off General Checklist (Rev 1 +Names)","checklist-flat","FALSE","FALSE","HDC Site QA","Office","Level 2","DB Fit off"
"f0da3bea-6afe-41ea-8b7b-94da6e67406b","","checklist-flat","not-started","AE-ITCX-032 - Electrical Commissioning Checklist (Rev 0 +Names)","checklist-flat","FALSE","FALSE","HDC Site QA","Office","Level 2","Commissioning"
"51c6e55b-fb45-472c-b44f-a08e61d6dc47","","folder-normal","work-in-progress","","step","TRUE","FALSE","HDC Site QA","Office","Level 2a"
"c363800b-0d51-4a74-8ff0-c66c7ec2d42f","","checklist-flat","work-in-progress","d67088165c4526858b5eb155c32056c12aa0dc7ba855077b64ba063617a991ce","checklist-flat","FALSE","FALSE","HDC Site QA","Office","Level 2a","Roughin"
"39851cfc-380f-4202-8c11-277d0a11462a","","checklist-flat","not-started","AE-ITCX-030 - Cut-Out Sheet (Rev 1 +Names)","checklist-flat","FALSE","FALSE","HDC Site QA","Office","Level 2a","Cut out"
"afdf7acb-43a7-4190-ac72-75856e93a95b","","checklist-flat","pass","91b2e1be8ed4518bb61b0d4674b63d1a8d4a1dcc475461f29067578f4608f6c5","checklist-flat","FALSE","FALSE","HDC Site QA","Office","Level 2a","Fit off"
"9611eab1-0d46-4a68-be71-8af152a56e4e","","checklist-flat","not-started","AE-ITCX-031 - Fit-Off General Checklist (Rev 1 +Names)","checklist-flat","FALSE","FALSE","HDC Site QA","Office","Level 2a","DB Fit off"
"f6f223ed-645b-4215-8d82-0594079fdd6d","","checklist-flat","not-started","AE-ITCX-032 - Electrical Commissioning Checklist (Rev 0 +Names)","checklist-flat","FALSE","FALSE","HDC Site QA","Office","Level 2a","Commissioning"
"a9041a71-89be-4412-b97f-c2d969a09c4c","","folder-normal","not-started","","step","TRUE","FALSE","HDC Site QA","Office","Level 3"
"5e7d0fbb-5d8d-42c3-bc94-6fa255ff8ff2","","checklist-flat","not-started","AE-ITCX-029 - Rough-In Checklist (Rev 1 +Names)","checklist-flat","FALSE","FALSE","HDC Site QA","Office","Level 3","Roughin"
"0bb69c4a-cbd8-4043-9f2d-90c9182d79ad","","checklist-flat","not-started","AE-ITCX-030 - Cut-Out Sheet (Rev 1 +Names)","checklist-flat","FALSE","FALSE","HDC Site QA","Office","Level 3","Cut out"
"7d37d908-2a3e-4059-81e1-c70219a51b8a","","checklist-flat","not-started","AE-ITCX-031 - Fit-Off General Checklist (Rev 1 +Names)","checklist-flat","FALSE","FALSE","HDC Site QA","Office","Level 3","Fit off"
"febeebf5-910d-4790-900c-f053fa576562","","checklist-flat","not-started","AE-ITCX-031 - Fit-Off General Checklist (Rev 1 +Names)","checklist-flat","FALSE","FALSE","HDC Site QA","Office","Level 3","DB Fit off"
"d8faacbe-501e-46b1-ae4f-b2491d5800cf","","checklist-flat","not-started","AE-ITCX-032 - Electrical Commissioning Checklist (Rev 0 +Names)","checklist-flat","FALSE","FALSE","HDC Site QA","Office","Level 3","Commissioning"
"2ac0f3ec-9fe8-4455-b69c-1a22e2c50f99","","folder-normal","not-started","","step","TRUE","FALSE","HDC Site QA","Office","Roof"
"c960e139-a8b2-4785-9881-d20b6864caf1","","checklist-flat","not-started","AE-ITCX-029 - Rough-In Checklist (Rev 1 +Names)","checklist-flat","FALSE","FALSE","HDC Site QA","Office","Roof","Roughin"
"8652b6b9-7e9d-4e83-b394-c3dacd901d26","","checklist-flat","not-started","AE-ITCX-030 - Cut-Out Sheet (Rev 1 +Names)","checklist-flat","FALSE","FALSE","HDC Site QA","Office","Roof","Cut out"
"11d769e9-01ab-4b9e-9ea2-22863ac1d185","","checklist-flat","not-started","AE-ITCX-031 - Fit-Off General Checklist (Rev 1 +Names)","checklist-flat","FALSE","FALSE","HDC Site QA","Office","Roof","Fit off"
"0fc52444-6003-494b-8c61-c42ecac70107","","checklist-flat","not-started","AE-ITCX-031 - Fit-Off General Checklist (Rev 1 +Names)","checklist-flat","FALSE","FALSE","HDC Site QA","Office","Roof","DB Fit off"
"64a7daa4-78c7-4028-973d-c3872ada754d","","checklist-flat","not-started","AE-ITCX-032 - Electrical Commissioning Checklist (Rev 0 +Names)","checklist-flat","FALSE","FALSE","HDC Site QA","Office","Roof","Commissioning"
"78f55839-a945-4bb6-925d-ce85e7936e9a","","folder-normal","work-in-progress","","step","TRUE","FALSE","HDC Site QA","Busduct"
"5514af3d-85c4-4948-bbc9-628374f67032","","folder-normal","not-started","","step","TRUE","FALSE","HDC Site QA","Busduct","A Run"
"22a3061c-2589-410f-b974-a1c7a5955ec5","","checklist-flat","not-started","8143065f1287e03edbec6f89965b360b15fc41ae7801fefb7714dcbe17bc1b63","checklist-flat","FALSE","FALSE","HDC Site QA","Busduct","A Run","A1"
"aa411190-bf7a-434a-91db-a27df119eb14","","checklist-flat","not-started","8143065f1287e03edbec6f89965b360b15fc41ae7801fefb7714dcbe17bc1b63","checklist-flat","FALSE","FALSE","HDC Site QA","Busduct","A Run","A2"
"b06c07d9-1a49-4cdc-9c74-feb08141409e","","checklist-flat","not-started","8143065f1287e03edbec6f89965b360b15fc41ae7801fefb7714dcbe17bc1b63","checklist-flat","FALSE","FALSE","HDC Site QA","Busduct","A Run","A3"
"43cedbc3-18f8-47d6-8f2b-e2f11d1b882b","","checklist-flat","not-started","8143065f1287e03edbec6f89965b360b15fc41ae7801fefb7714dcbe17bc1b63","checklist-flat","FALSE","FALSE","HDC Site QA","Busduct","A Run","A4"
"b557746f-defa-4b72-9a4e-d0b7d1b9f95c","","checklist-flat","not-started","8143065f1287e03edbec6f89965b360b15fc41ae7801fefb7714dcbe17bc1b63","checklist-flat","FALSE","FALSE","HDC Site QA","Busduct","A Run","A5"
"7759f745-258c-4f4f-9625-4efdf6c37dac","","checklist-flat","not-started","8143065f1287e03edbec6f89965b360b15fc41ae7801fefb7714dcbe17bc1b63","checklist-flat","FALSE","FALSE","HDC Site QA","Busduct","A Run","A6"
"71ed67f0-82ac-4a94-ac15-7a1930a47f79","","checklist-flat","not-started","8143065f1287e03edbec6f89965b360b15fc41ae7801fefb7714dcbe17bc1b63","checklist-flat","FALSE","FALSE","HDC Site QA","Busduct","A Run","A7"
"beb17ca3-998e-4151-89b3-c2c55548071a","","checklist-flat","not-started","8143065f1287e03edbec6f89965b360b15fc41ae7801fefb7714dcbe17bc1b63","checklist-flat","FALSE","FALSE","HDC Site QA","Busduct","A Run","A8"
"a2c4910e-0ba2-41d9-bea9-a166efb07df2","","checklist-flat","not-started","8143065f1287e03edbec6f89965b360b15fc41ae7801fefb7714dcbe17bc1b63","checklist-flat","FALSE","FALSE","HDC Site QA","Busduct","A Run","A9"
"aad748c8-c01d-4ae6-84f4-2f91d5a83e6f","","checklist-flat","not-started","8143065f1287e03edbec6f89965b360b15fc41ae7801fefb7714dcbe17bc1b63","checklist-flat","FALSE","FALSE","HDC Site QA","Busduct","A Run","A10"
"660c7f7d-55e2-4756-a6cc-32f7662b32ae","","folder-normal","not-started","","step","TRUE","FALSE","HDC Site QA","Busduct","B Run"
"bfd8b4f6-0851-4232-a70b-497bec87c882","","checklist-flat","not-started","8143065f1287e03edbec6f89965b360b15fc41ae7801fefb7714dcbe17bc1b63","checklist-flat","FALSE","FALSE","HDC Site QA","Busduct","B Run","B1"
"3e2690d0-9c1e-49e9-a957-111c71576ee8","","checklist-flat","not-started","8143065f1287e03edbec6f89965b360b15fc41ae7801fefb7714dcbe17bc1b63","checklist-flat","FALSE","FALSE","HDC Site QA","Busduct","B Run","B2"
"3d394899-98ac-44b0-886e-2f2139c727a5","","checklist-flat","not-started","8143065f1287e03edbec6f89965b360b15fc41ae7801fefb7714dcbe17bc1b63","checklist-flat","FALSE","FALSE","HDC Site QA","Busduct","B Run","B3"
"55eb2631-cc4f-4de0-86fc-d84306b70803","","checklist-flat","not-started","8143065f1287e03edbec6f89965b360b15fc41ae7801fefb7714dcbe17bc1b63","checklist-flat","FALSE","FALSE","HDC Site QA","Busduct","B Run","B4"
"4842d450-c3b6-4b19-81c6-3bf8dae20e80","","folder-normal","no-status-not-started","","step","TRUE","FALSE","HDC Site QA","Busduct","B Run","Movement Joint"
"5d42a2b0-6d1d-41d9-8ae4-0192ba5e16e3","","folder-normal","not-started","","step","TRUE","FALSE","HDC Site QA","Busduct","C Run"
"4b8c4baf-be6f-4816-a712-390b7bdac26f","","checklist-flat","not-started","8143065f1287e03edbec6f89965b360b15fc41ae7801fefb7714dcbe17bc1b63","checklist-flat","FALSE","FALSE","HDC Site QA","Busduct","C Run","C1"
"f37a6478-7031-4831-8e88-54faf9604219","","checklist-flat","not-started","8143065f1287e03edbec6f89965b360b15fc41ae7801fefb7714dcbe17bc1b63","checklist-flat","FALSE","FALSE","HDC Site QA","Busduct","C Run","C2"
"f9764201-c36c-4cc1-aa55-634e55fab977","","checklist-flat","not-started","8143065f1287e03edbec6f89965b360b15fc41ae7801fefb7714dcbe17bc1b63","checklist-flat","FALSE","FALSE","HDC Site QA","Busduct","C Run","C3"
"c549b043-71b3-478a-9257-a1ff23521bf2","","checklist-flat","not-started","8143065f1287e03edbec6f89965b360b15fc41ae7801fefb7714dcbe17bc1b63","checklist-flat","FALSE","FALSE","HDC Site QA","Busduct","C Run","C4"
"9f860997-2c09-4c78-b3cf-ac479cdd046b","","checklist-flat","not-started","8143065f1287e03edbec6f89965b360b15fc41ae7801fefb7714dcbe17bc1b63","checklist-flat","FALSE","FALSE","HDC Site QA","Busduct","C Run","C5"
"545daa77-801f-4fe7-8fce-0cfd84debc7a","","checklist-flat","not-started","8143065f1287e03edbec6f89965b360b15fc41ae7801fefb7714dcbe17bc1b63","checklist-flat","FALSE","FALSE","HDC Site QA","Busduct","C Run","C6"
"a7c57399-a4a0-40ba-8c66-5dffd26ead06","","checklist-flat","not-started","8143065f1287e03edbec6f89965b360b15fc41ae7801fefb7714dcbe17bc1b63","checklist-flat","FALSE","FALSE","HDC Site QA","Busduct","C Run","C7"
"7cd2ccf5-92ab-4179-848e-02eec67ee94e","","checklist-flat","not-started","8143065f1287e03edbec6f89965b360b15fc41ae7801fefb7714dcbe17bc1b63","checklist-flat","FALSE","FALSE","HDC Site QA","Busduct","C Run","C8"
"09ac5dc3-49f3-40a7-8711-9a98a958821d","","folder-normal","not-started","","step","TRUE","FALSE","HDC Site QA","Busduct","D Run"
"db754f83-8ba1-493b-bc72-8e2255f9aaf0","","checklist-flat","not-started","8143065f1287e03edbec6f89965b360b15fc41ae7801fefb7714dcbe17bc1b63","checklist-flat","FALSE","FALSE","HDC Site QA","Busduct","D Run","D1"
"c689f325-4031-40f2-9014-be86ef540563","","checklist-flat","not-started","8143065f1287e03edbec6f89965b360b15fc41ae7801fefb7714dcbe17bc1b63","checklist-flat","FALSE","FALSE","HDC Site QA","Busduct","D Run","D2"
"d83ed468-2ae1-473a-9a72-049d7aa3c073","","checklist-flat","not-started","8143065f1287e03edbec6f89965b360b15fc41ae7801fefb7714dcbe17bc1b63","checklist-flat","FALSE","FALSE","HDC Site QA","Busduct","D Run","D3"
"86af0d3c-a724-4eb8-8615-0fe86f47c4f9","","checklist-flat","not-started","8143065f1287e03edbec6f89965b360b15fc41ae7801fefb7714dcbe17bc1b63","checklist-flat","FALSE","FALSE","HDC Site QA","Busduct","D Run","D4"
"19259688-1b43-4649-a736-f71e80379597","","checklist-flat","not-started","8143065f1287e03edbec6f89965b360b15fc41ae7801fefb7714dcbe17bc1b63","checklist-flat","FALSE","FALSE","HDC Site QA","Busduct","D Run","D5"
"be004ae8-c26e-4d30-ba39-c2c367102687","","checklist-flat","not-started","8143065f1287e03edbec6f89965b360b15fc41ae7801fefb7714dcbe17bc1b63","checklist-flat","FALSE","FALSE","HDC Site QA","Busduct","D Run","D6"
"98553f01-5868-426e-a2d9-346d59da98c2","","checklist-flat","not-started","8143065f1287e03edbec6f89965b360b15fc41ae7801fefb7714dcbe17bc1b63","checklist-flat","FALSE","FALSE","HDC Site QA","Busduct","D Run","D7"
"fff36e84-81f9-4882-94af-3876ca498dd5","","checklist-flat","not-started","8143065f1287e03edbec6f89965b360b15fc41ae7801fefb7714dcbe17bc1b63","checklist-flat","FALSE","FALSE","HDC Site QA","Busduct","D Run","D8"
"825aa897-bcd2-4b1a-989b-74598775e20d","","checklist-flat","not-started","8143065f1287e03edbec6f89965b360b15fc41ae7801fefb7714dcbe17bc1b63","checklist-flat","FALSE","FALSE","HDC Site QA","Busduct","D Run","D9"
"c420373d-e97b-407d-a2cd-96f7690cd0b3","","checklist-flat","not-started","8143065f1287e03edbec6f89965b360b15fc41ae7801fefb7714dcbe17bc1b63","checklist-flat","FALSE","FALSE","HDC Site QA","Busduct","D Run","D10"
"256c0b69-6c5d-4224-add5-b8304a582217","","folder-normal","not-started","","step","TRUE","FALSE","HDC Site QA","Busduct","E Run"
"9205af99-af6c-404a-9450-762cf50050b5","","checklist-flat","not-started","8143065f1287e03edbec6f89965b360b15fc41ae7801fefb7714dcbe17bc1b63","checklist-flat","FALSE","FALSE","HDC Site QA","Busduct","E Run","E1"
"4dc44c97-a184-432f-a5b0-12966219ceeb","","checklist-flat","not-started","8143065f1287e03edbec6f89965b360b15fc41ae7801fefb7714dcbe17bc1b63","checklist-flat","FALSE","FALSE","HDC Site QA","Busduct","E Run","E2"
"65641ca5-61a6-440c-81e4-6d089369a723","","checklist-flat","not-started","8143065f1287e03edbec6f89965b360b15fc41ae7801fefb7714dcbe17bc1b63","checklist-flat","FALSE","FALSE","HDC Site QA","Busduct","E Run","E3"
"47966ef7-8abd-44d3-baea-45f3a78d2f8c","","checklist-flat","not-started","8143065f1287e03edbec6f89965b360b15fc41ae7801fefb7714dcbe17bc1b63","checklist-flat","FALSE","FALSE","HDC Site QA","Busduct","E Run","E4"
"0874a958-441b-44b1-99cb-91e9e6d812b4","","checklist-flat","not-started","8143065f1287e03edbec6f89965b360b15fc41ae7801fefb7714dcbe17bc1b63","checklist-flat","FALSE","FALSE","HDC Site QA","Busduct","E Run","E5"
"0b3679d4-60a0-4d56-a845-7328045202e1","","checklist-flat","not-started","8143065f1287e03edbec6f89965b360b15fc41ae7801fefb7714dcbe17bc1b63","checklist-flat","FALSE","FALSE","HDC Site QA","Busduct","E Run","E6"
"0b69fa3d-2b10-40bf-9bca-3fb3207f2fcc","","folder-normal","not-started","","step","TRUE","FALSE","HDC Site QA","Busduct","F Run"
"eb27a7ba-e34c-4762-be6a-db02bdfac220","","checklist-flat","not-started","8143065f1287e03edbec6f89965b360b15fc41ae7801fefb7714dcbe17bc1b63","checklist-flat","FALSE","FALSE","HDC Site QA","Busduct","F Run","F1"
"cfbb18cc-991c-4001-ac41-b14fb0bb6a60","","checklist-flat","not-started","8143065f1287e03edbec6f89965b360b15fc41ae7801fefb7714dcbe17bc1b63","checklist-flat","FALSE","FALSE","HDC Site QA","Busduct","F Run","F2"
"68c6d66f-5b80-4cd4-a8be-872ec354cd04","","checklist-flat","not-started","8143065f1287e03edbec6f89965b360b15fc41ae7801fefb7714dcbe17bc1b63","checklist-flat","FALSE","FALSE","HDC Site QA","Busduct","F Run","F3"
"52b7bc33-37ed-4be9-8e23-5af2bf5b9de6","","checklist-flat","not-started","8143065f1287e03edbec6f89965b360b15fc41ae7801fefb7714dcbe17bc1b63","checklist-flat","FALSE","FALSE","HDC Site QA","Busduct","F Run","F4"
"55926371-5bbb-44ba-8294-f57a064dd420","","checklist-flat","not-started","8143065f1287e03edbec6f89965b360b15fc41ae7801fefb7714dcbe17bc1b63","checklist-flat","FALSE","FALSE","HDC Site QA","Busduct","F Run","F5"
"2b5115c3-1ffe-4d2b-ab6a-19991dfcf9fd","","checklist-flat","not-started","8143065f1287e03edbec6f89965b360b15fc41ae7801fefb7714dcbe17bc1b63","checklist-flat","FALSE","FALSE","HDC Site QA","Busduct","F Run","F6"
"24f26d05-7605-4509-b8a9-e8a89de4e230","","checklist-flat","not-started","8143065f1287e03edbec6f89965b360b15fc41ae7801fefb7714dcbe17bc1b63","checklist-flat","FALSE","FALSE","HDC Site QA","Busduct","F Run","F7"
"67f27c23-a80a-4476-a83a-d5bf33c3c8a5","","folder-normal","not-started","","step","TRUE","FALSE","HDC Site QA","Busduct","G Run"
"cb05617b-e8fe-4892-85a7-c8d9868b2c19","","checklist-flat","not-started","8143065f1287e03edbec6f89965b360b15fc41ae7801fefb7714dcbe17bc1b63","checklist-flat","FALSE","FALSE","HDC Site QA","Busduct","G Run","G1"
"8674a663-162a-4d17-ba13-009a27d59f00","","checklist-flat","not-started","8143065f1287e03edbec6f89965b360b15fc41ae7801fefb7714dcbe17bc1b63","checklist-flat","FALSE","FALSE","HDC Site QA","Busduct","G Run","G2"
"4bbafb81-af91-4555-8ea0-d5cebdb38332","","checklist-flat","not-started","8143065f1287e03edbec6f89965b360b15fc41ae7801fefb7714dcbe17bc1b63","checklist-flat","FALSE","FALSE","HDC Site QA","Busduct","G Run","G3"
"7e0fda5d-ef18-4949-adc6-10cff8a829b7","","checklist-flat","not-started","8143065f1287e03edbec6f89965b360b15fc41ae7801fefb7714dcbe17bc1b63","checklist-flat","FALSE","FALSE","HDC Site QA","Busduct","G Run","G4"
"425af1fb-751f-4a2c-a9b8-1e5dc5268871","","checklist-flat","not-started","8143065f1287e03edbec6f89965b360b15fc41ae7801fefb7714dcbe17bc1b63","checklist-flat","FALSE","FALSE","HDC Site QA","Busduct","G Run","G5"
"bc2a90d8-683b-40ea-a40f-4210aabacc43","","checklist-flat","not-started","8143065f1287e03edbec6f89965b360b15fc41ae7801fefb7714dcbe17bc1b63","checklist-flat","FALSE","FALSE","HDC Site QA","Busduct","G Run","G6"
"cd9fedc9-0e6f-4a19-92b3-dd29f9c63b9a","","checklist-flat","not-started","8143065f1287e03edbec6f89965b360b15fc41ae7801fefb7714dcbe17bc1b63","checklist-flat","FALSE","FALSE","HDC Site QA","Busduct","G Run","G7"
"4b51db35-2f53-462e-bfdf-c5c09edc9a91","","checklist-flat","not-started","8143065f1287e03edbec6f89965b360b15fc41ae7801fefb7714dcbe17bc1b63","checklist-flat","FALSE","FALSE","HDC Site QA","Busduct","G Run","G8"
"2a42e2ed-8c77-42c2-8b1b-26230c9170f3","","checklist-flat","not-started","8143065f1287e03edbec6f89965b360b15fc41ae7801fefb7714dcbe17bc1b63","checklist-flat","FALSE","FALSE","HDC Site QA","Busduct","G Run","G9"
"f6fb49f7-3447-4f3e-86cc-e93294175b37","","checklist-flat","not-started","8143065f1287e03edbec6f89965b360b15fc41ae7801fefb7714dcbe17bc1b63","checklist-flat","FALSE","FALSE","HDC Site QA","Busduct","G Run","G10"
"5a035228-cf8b-4b4d-9111-eb17ea686559","","folder-normal","not-started","","step","TRUE","FALSE","HDC Site QA","Busduct","H Run"
"2cc52398-d425-42c0-8711-c7cfa97865ed","","checklist-flat","not-started","8143065f1287e03edbec6f89965b360b15fc41ae7801fefb7714dcbe17bc1b63","checklist-flat","FALSE","FALSE","HDC Site QA","Busduct","H Run","H1"
"d99fafe5-0e47-4638-9802-7a194505a776","","checklist-flat","not-started","8143065f1287e03edbec6f89965b360b15fc41ae7801fefb7714dcbe17bc1b63","checklist-flat","FALSE","FALSE","HDC Site QA","Busduct","H Run","H2"
"3ae374af-02c2-4273-9c4a-1010a928cb57","","checklist-flat","not-started","8143065f1287e03edbec6f89965b360b15fc41ae7801fefb7714dcbe17bc1b63","checklist-flat","FALSE","FALSE","HDC Site QA","Busduct","H Run","H3"
"6816d870-0777-4c80-82d0-d0282f71817d","","checklist-flat","not-started","8143065f1287e03edbec6f89965b360b15fc41ae7801fefb7714dcbe17bc1b63","checklist-flat","FALSE","FALSE","HDC Site QA","Busduct","H Run","H4"
"facff10e-e50a-4223-ae56-b64c33ef8ffc","","checklist-flat","not-started","8143065f1287e03edbec6f89965b360b15fc41ae7801fefb7714dcbe17bc1b63","checklist-flat","FALSE","FALSE","HDC Site QA","Busduct","H Run","H5"
"8d3f0cb8-cfaf-475f-b4ec-7603237c6d57","","checklist-flat","not-started","8143065f1287e03edbec6f89965b360b15fc41ae7801fefb7714dcbe17bc1b63","checklist-flat","FALSE","FALSE","HDC Site QA","Busduct","H Run","H6"
"dee517f9-5f61-4347-9458-2b28961327e8","","checklist-flat","not-started","8143065f1287e03edbec6f89965b360b15fc41ae7801fefb7714dcbe17bc1b63","checklist-flat","FALSE","FALSE","HDC Site QA","Busduct","H Run","H7"
"a7c7598e-e4a6-4db6-b447-4eeec53efdb2","","folder-normal","no-status-not-started","","step","TRUE","FALSE","HDC Site QA","Busduct","H Run","H8"
"025e6f81-71be-4f60-9267-ba5def1ea7ba","","folder-normal","not-started","","step","TRUE","FALSE","HDC Site QA","Busduct","J Run"
"406cc9fd-7a4e-40c6-98ac-d8094561afbc","","checklist-flat","not-started","8143065f1287e03edbec6f89965b360b15fc41ae7801fefb7714dcbe17bc1b63","checklist-flat","FALSE","FALSE","HDC Site QA","Busduct","J Run","J1"
"596a85c4-3d09-4a17-900a-556feadc9c13","","checklist-flat","not-started","8143065f1287e03edbec6f89965b360b15fc41ae7801fefb7714dcbe17bc1b63","checklist-flat","FALSE","FALSE","HDC Site QA","Busduct","J Run","J2"
"10fbb2cd-399f-4f30-900e-b3959b5816b6","","checklist-flat","not-started","8143065f1287e03edbec6f89965b360b15fc41ae7801fefb7714dcbe17bc1b63","checklist-flat","FALSE","FALSE","HDC Site QA","Busduct","J Run","J3"
"d8a11588-11ff-4ad8-8591-b5e2d0f64e63","","checklist-flat","not-started","8143065f1287e03edbec6f89965b360b15fc41ae7801fefb7714dcbe17bc1b63","checklist-flat","FALSE","FALSE","HDC Site QA","Busduct","J Run","J4"
"ed6d9cdd-84bd-4b81-a273-b1c31b948298","","checklist-flat","not-started","8143065f1287e03edbec6f89965b360b15fc41ae7801fefb7714dcbe17bc1b63","checklist-flat","FALSE","FALSE","HDC Site QA","Busduct","J Run","J5"
"8b73651c-7377-4ec3-a9ae-e2d58d621ea0","","checklist-flat","not-started","8143065f1287e03edbec6f89965b360b15fc41ae7801fefb7714dcbe17bc1b63","checklist-flat","FALSE","FALSE","HDC Site QA","Busduct","J Run","J6"
"b381ba16-ca4d-4005-b222-7aba253d5bb4","","checklist-flat","not-started","8143065f1287e03edbec6f89965b360b15fc41ae7801fefb7714dcbe17bc1b63","checklist-flat","FALSE","FALSE","HDC Site QA","Busduct","J Run","J7"
"5de14dfd-2837-4d16-9091-0bdd8eb89f6d","","checklist-flat","not-started","8143065f1287e03edbec6f89965b360b15fc41ae7801fefb7714dcbe17bc1b63","checklist-flat","FALSE","FALSE","HDC Site QA","Busduct","J Run","J8"
"510118a7-738d-4cb9-80ca-9d10ff69a8f6","","folder-normal","not-started","","step","TRUE","FALSE","HDC Site QA","Busduct","K Run"
"129ee9a9-a4dd-4033-ac34-e8d1ab12be37","","checklist-flat","not-started","8143065f1287e03edbec6f89965b360b15fc41ae7801fefb7714dcbe17bc1b63","checklist-flat","FALSE","FALSE","HDC Site QA","Busduct","K Run","K1"
"d1b06155-0c54-436a-902d-0f64ffdac519","","checklist-flat","not-started","8143065f1287e03edbec6f89965b360b15fc41ae7801fefb7714dcbe17bc1b63","checklist-flat","FALSE","FALSE","HDC Site QA","Busduct","K Run","K2"
"21245740-be16-4677-8a88-ffed8736d456","","checklist-flat","not-started","8143065f1287e03edbec6f89965b360b15fc41ae7801fefb7714dcbe17bc1b63","checklist-flat","FALSE","FALSE","HDC Site QA","Busduct","K Run","K3"
"f0fbaaf9-d0f9-4ea3-a139-9e2df9648d20","","checklist-flat","not-started","8143065f1287e03edbec6f89965b360b15fc41ae7801fefb7714dcbe17bc1b63","checklist-flat","FALSE","FALSE","HDC Site QA","Busduct","K Run","K4"
"86c6c844-a750-467c-b052-6af14fc13e9e","","checklist-flat","not-started","8143065f1287e03edbec6f89965b360b15fc41ae7801fefb7714dcbe17bc1b63","checklist-flat","FALSE","FALSE","HDC Site QA","Busduct","K Run","K5"
"799bba21-faa7-40bd-82aa-570c6ce711b9","","checklist-flat","not-started","8143065f1287e03edbec6f89965b360b15fc41ae7801fefb7714dcbe17bc1b63","checklist-flat","FALSE","FALSE","HDC Site QA","Busduct","K Run","K6"
"e49c0ac5-0222-460b-8acd-e096b4d89357","","checklist-flat","not-started","8143065f1287e03edbec6f89965b360b15fc41ae7801fefb7714dcbe17bc1b63","checklist-flat","FALSE","FALSE","HDC Site QA","Busduct","K Run","K7"
"ab05b9d0-2a8d-4c4b-8e06-6c06ff81c8a0","","checklist-flat","not-started","8143065f1287e03edbec6f89965b360b15fc41ae7801fefb7714dcbe17bc1b63","checklist-flat","FALSE","FALSE","HDC Site QA","Busduct","K Run","K8"
"c04c8cb3-ba9b-4e66-920e-4899469362aa","","folder-normal","not-started","","step","TRUE","FALSE","HDC Site QA","Busduct","L Run"
"4a124e88-4bcb-4e80-8329-895b418d6acd","","checklist-flat","not-started","8143065f1287e03edbec6f89965b360b15fc41ae7801fefb7714dcbe17bc1b63","checklist-flat","FALSE","FALSE","HDC Site QA","Busduct","L Run","L1"
"d5914a26-b650-4fb9-990b-534db0bef021","","checklist-flat","not-started","8143065f1287e03edbec6f89965b360b15fc41ae7801fefb7714dcbe17bc1b63","checklist-flat","FALSE","FALSE","HDC Site QA","Busduct","L Run","L2"
"11e40b82-4f18-44a7-8894-5f9985e4a2b7","","checklist-flat","not-started","8143065f1287e03edbec6f89965b360b15fc41ae7801fefb7714dcbe17bc1b63","checklist-flat","FALSE","FALSE","HDC Site QA","Busduct","L Run","L3"
"f48d432e-2f41-4cef-89e1-c7ba63f53a89","","checklist-flat","not-started","8143065f1287e03edbec6f89965b360b15fc41ae7801fefb7714dcbe17bc1b63","checklist-flat","FALSE","FALSE","HDC Site QA","Busduct","L Run","L4"
"dd44fb32-bbfc-49bf-8180-c7a3e0530b71","","checklist-flat","not-started","8143065f1287e03edbec6f89965b360b15fc41ae7801fefb7714dcbe17bc1b63","checklist-flat","FALSE","FALSE","HDC Site QA","Busduct","L Run","L5"
"63338609-739a-429c-bced-e0a75e3869bf","","checklist-flat","not-started","8143065f1287e03edbec6f89965b360b15fc41ae7801fefb7714dcbe17bc1b63","checklist-flat","FALSE","FALSE","HDC Site QA","Busduct","L Run","L6"
"f09d1a34-cf20-4a8f-8944-c79f7dc8eb77","","checklist-flat","not-started","8143065f1287e03edbec6f89965b360b15fc41ae7801fefb7714dcbe17bc1b63","checklist-flat","FALSE","FALSE","HDC Site QA","Busduct","L Run","L7"
"35ad3ccc-3a9c-4684-9f08-f1df59d3ad4f","","folder-normal","no-status-not-started","","step","TRUE","FALSE","HDC Site QA","Busduct","L Run","Movement Joint"
"2d7e1172-5e1f-4b6d-bc48-bdc7bbb25938","","folder-normal","not-started","","step","TRUE","FALSE","HDC Site QA","Busduct","M Run"
"0010c730-8112-4c1b-a811-d6f3e8a1f8ca","","checklist-flat","not-started","8143065f1287e03edbec6f89965b360b15fc41ae7801fefb7714dcbe17bc1b63","checklist-flat","FALSE","FALSE","HDC Site QA","Busduct","M Run","M1"
"039ecd44-8762-4a46-b53d-f6e46c883000","","checklist-flat","not-started","8143065f1287e03edbec6f89965b360b15fc41ae7801fefb7714dcbe17bc1b63","checklist-flat","FALSE","FALSE","HDC Site QA","Busduct","M Run","M2"
"0257348d-708a-47df-b905-3e9cae22eb64","","checklist-flat","not-started","8143065f1287e03edbec6f89965b360b15fc41ae7801fefb7714dcbe17bc1b63","checklist-flat","FALSE","FALSE","HDC Site QA","Busduct","M Run","M3"
"de90a23b-1318-4dcd-a39b-9c7b79c304d2","","checklist-flat","not-started","8143065f1287e03edbec6f89965b360b15fc41ae7801fefb7714dcbe17bc1b63","checklist-flat","FALSE","FALSE","HDC Site QA","Busduct","M Run","M4"
"7bcb0a3b-efad-4b2e-8d76-962a8b8b4f59","","checklist-flat","not-started","8143065f1287e03edbec6f89965b360b15fc41ae7801fefb7714dcbe17bc1b63","checklist-flat","FALSE","FALSE","HDC Site QA","Busduct","M Run","M5"
"80202f6d-0c1c-4cba-98a4-131713250ba4","","checklist-flat","not-started","8143065f1287e03edbec6f89965b360b15fc41ae7801fefb7714dcbe17bc1b63","checklist-flat","FALSE","FALSE","HDC Site QA","Busduct","M Run","M6"
"0f1b8427-5479-4ad3-8bac-5a846ba61eba","","checklist-flat","not-started","8143065f1287e03edbec6f89965b360b15fc41ae7801fefb7714dcbe17bc1b63","checklist-flat","FALSE","FALSE","HDC Site QA","Busduct","M Run","M7"
"e56099d9-ff14-4707-86b7-432a05564e0b","","checklist-flat","not-started","8143065f1287e03edbec6f89965b360b15fc41ae7801fefb7714dcbe17bc1b63","checklist-flat","FALSE","FALSE","HDC Site QA","Busduct","M Run","M8"
"9703af91-43f5-4805-ba06-6bbf90b4ef0e","","checklist-flat","not-started","8143065f1287e03edbec6f89965b360b15fc41ae7801fefb7714dcbe17bc1b63","checklist-flat","FALSE","FALSE","HDC Site QA","Busduct","M Run","M9"
"06b7f340-3cf0-4132-b3b4-d3e4875aa8f8","","checklist-flat","not-started","8143065f1287e03edbec6f89965b360b15fc41ae7801fefb7714dcbe17bc1b63","checklist-flat","FALSE","FALSE","HDC Site QA","Busduct","M Run","M10"
"97c85fd3-63d2-46a6-b609-e66d2751e00e","","checklist-flat","not-started","8143065f1287e03edbec6f89965b360b15fc41ae7801fefb7714dcbe17bc1b63","checklist-flat","FALSE","FALSE","HDC Site QA","Busduct","M Run","M11"
"6550df46-bff3-42ac-839b-2086e471873e","","checklist-flat","not-started","8143065f1287e03edbec6f89965b360b15fc41ae7801fefb7714dcbe17bc1b63","checklist-flat","FALSE","FALSE","HDC Site QA","Busduct","M Run","M12"
"92ca3601-dec7-4e53-8cef-ef25b2512176","","checklist-flat","not-started","8143065f1287e03edbec6f89965b360b15fc41ae7801fefb7714dcbe17bc1b63","checklist-flat","FALSE","FALSE","HDC Site QA","Busduct","M Run","M13"
"75d7948f-3bbb-4697-9ab8-3ac1e81f37cc","","checklist-flat","not-started","8143065f1287e03edbec6f89965b360b15fc41ae7801fefb7714dcbe17bc1b63","checklist-flat","FALSE","FALSE","HDC Site QA","Busduct","M Run","M14"
"99df4089-179a-4ee9-a17e-a04a69026c4c","","checklist-flat","not-started","8143065f1287e03edbec6f89965b360b15fc41ae7801fefb7714dcbe17bc1b63","checklist-flat","FALSE","FALSE","HDC Site QA","Busduct","M Run","M15"
"b5d97ebb-2a3f-426a-b4e9-4cac1b50ee48","","checklist-flat","not-started","8143065f1287e03edbec6f89965b360b15fc41ae7801fefb7714dcbe17bc1b63","checklist-flat","FALSE","FALSE","HDC Site QA","Busduct","M Run","M16"
"6d210ea9-2211-4003-b8e8-237d21f6c1d9","","checklist-flat","not-started","8143065f1287e03edbec6f89965b360b15fc41ae7801fefb7714dcbe17bc1b63","checklist-flat","FALSE","FALSE","HDC Site QA","Busduct","M Run","M17"
"3d9be7ed-072f-4fa0-b881-4f5bf6b7f27b","","checklist-flat","not-started","8143065f1287e03edbec6f89965b360b15fc41ae7801fefb7714dcbe17bc1b63","checklist-flat","FALSE","FALSE","HDC Site QA","Busduct","M Run","M18"
"635173b4-0bc7-4004-92a0-aa88c2c4034a","","checklist-flat","not-started","8143065f1287e03edbec6f89965b360b15fc41ae7801fefb7714dcbe17bc1b63","checklist-flat","FALSE","FALSE","HDC Site QA","Busduct","M Run","M19"
"846f5ffd-c248-4fb5-ab48-f989f761a05c","","checklist-flat","not-started","8143065f1287e03edbec6f89965b360b15fc41ae7801fefb7714dcbe17bc1b63","checklist-flat","FALSE","FALSE","HDC Site QA","Busduct","M Run","M20"
"a18a3c0c-ff1d-4f2f-9fcb-2077d6bb7b32","","checklist-flat","not-started","8143065f1287e03edbec6f89965b360b15fc41ae7801fefb7714dcbe17bc1b63","checklist-flat","FALSE","FALSE","HDC Site QA","Busduct","M Run","M21"
"d951c016-615e-4e16-9305-53bf83a38b98","","checklist-flat","not-started","8143065f1287e03edbec6f89965b360b15fc41ae7801fefb7714dcbe17bc1b63","checklist-flat","FALSE","FALSE","HDC Site QA","Busduct","M Run","M22"
"0e9d65cb-fc45-40f7-9abc-f60f75defefb","","checklist-flat","not-started","8143065f1287e03edbec6f89965b360b15fc41ae7801fefb7714dcbe17bc1b63","checklist-flat","FALSE","FALSE","HDC Site QA","Busduct","M Run","M23"
"71dcb2aa-0afb-4b14-b389-9b86e475ea7c","","checklist-flat","not-started","8143065f1287e03edbec6f89965b360b15fc41ae7801fefb7714dcbe17bc1b63","checklist-flat","FALSE","FALSE","HDC Site QA","Busduct","M Run","M24"
"7de720f2-2bca-4546-b9c3-3b0509c9e37e","","checklist-flat","not-started","8143065f1287e03edbec6f89965b360b15fc41ae7801fefb7714dcbe17bc1b63","checklist-flat","FALSE","FALSE","HDC Site QA","Busduct","M Run","M25"
"d5314d9a-f722-4030-bf92-7d6bca9ef39a","","checklist-flat","not-started","8143065f1287e03edbec6f89965b360b15fc41ae7801fefb7714dcbe17bc1b63","checklist-flat","FALSE","FALSE","HDC Site QA","Busduct","M Run","M26"
"f369c5c2-6d3d-4628-8c61-c7ee17c4ed31","","checklist-flat","not-started","8143065f1287e03edbec6f89965b360b15fc41ae7801fefb7714dcbe17bc1b63","checklist-flat","FALSE","FALSE","HDC Site QA","Busduct","M Run","M27"
"54ae1936-771f-40b4-ae4e-fae991fd705e","","checklist-flat","not-started","8143065f1287e03edbec6f89965b360b15fc41ae7801fefb7714dcbe17bc1b63","checklist-flat","FALSE","FALSE","HDC Site QA","Busduct","M Run","M28"
"c260113e-f612-49e4-a3f0-183773f6747f","","checklist-flat","not-started","8143065f1287e03edbec6f89965b360b15fc41ae7801fefb7714dcbe17bc1b63","checklist-flat","FALSE","FALSE","HDC Site QA","Busduct","M Run","M29"
"43512e88-ad09-4d27-85c8-4f51e6f2c0ae","","checklist-flat","not-started","8143065f1287e03edbec6f89965b360b15fc41ae7801fefb7714dcbe17bc1b63","checklist-flat","FALSE","FALSE","HDC Site QA","Busduct","M Run","M30"
"0fad99a7-8b24-4178-8c01-2d93b984f1ea","","checklist-flat","not-started","8143065f1287e03edbec6f89965b360b15fc41ae7801fefb7714dcbe17bc1b63","checklist-flat","FALSE","FALSE","HDC Site QA","Busduct","M Run","M31"
"7f02de7b-9998-4a46-abb4-0db25a2c6257","","folder-normal","not-started","","step","TRUE","FALSE","HDC Site QA","Busduct","N Run"
"f458f072-b893-4882-a16b-7b84abec33d8","","checklist-flat","not-started","8143065f1287e03edbec6f89965b360b15fc41ae7801fefb7714dcbe17bc1b63","checklist-flat","FALSE","FALSE","HDC Site QA","Busduct","N Run","N1"
"cc8626cc-ecd5-48da-95cf-8563c1c04c0a","","checklist-flat","not-started","8143065f1287e03edbec6f89965b360b15fc41ae7801fefb7714dcbe17bc1b63","checklist-flat","FALSE","FALSE","HDC Site QA","Busduct","N Run","N2"
"4cfd4c77-98d2-4554-a841-f8be20d581f2","","checklist-flat","not-started","8143065f1287e03edbec6f89965b360b15fc41ae7801fefb7714dcbe17bc1b63","checklist-flat","FALSE","FALSE","HDC Site QA","Busduct","N Run","N3"
"76cc7209-f959-405e-b6f2-bfa4ebf46255","","checklist-flat","not-started","8143065f1287e03edbec6f89965b360b15fc41ae7801fefb7714dcbe17bc1b63","checklist-flat","FALSE","FALSE","HDC Site QA","Busduct","N Run","N4"
"1c8f4790-991c-4b5d-a1f6-8546df005aac","","checklist-flat","not-started","8143065f1287e03edbec6f89965b360b15fc41ae7801fefb7714dcbe17bc1b63","checklist-flat","FALSE","FALSE","HDC Site QA","Busduct","N Run","N5"
"d16121b1-5392-4ae8-9a52-1f7b717647e1","","checklist-flat","not-started","8143065f1287e03edbec6f89965b360b15fc41ae7801fefb7714dcbe17bc1b63","checklist-flat","FALSE","FALSE","HDC Site QA","Busduct","N Run","N6"
"8fad6800-df41-4908-921f-4359cd6ace94","","checklist-flat","not-started","8143065f1287e03edbec6f89965b360b15fc41ae7801fefb7714dcbe17bc1b63","checklist-flat","FALSE","FALSE","HDC Site QA","Busduct","N Run","N7"
"ce62e416-d202-44ec-bbc7-a6c4289077ff","","checklist-flat","not-started","8143065f1287e03edbec6f89965b360b15fc41ae7801fefb7714dcbe17bc1b63","checklist-flat","FALSE","FALSE","HDC Site QA","Busduct","N Run","N8"
"772898e3-ac06-43c1-8017-664324b612e6","","checklist-flat","not-started","8143065f1287e03edbec6f89965b360b15fc41ae7801fefb7714dcbe17bc1b63","checklist-flat","FALSE","FALSE","HDC Site QA","Busduct","N Run","N9"
"195a4b99-eca4-48a0-8b70-065f55138348","","checklist-flat","not-started","8143065f1287e03edbec6f89965b360b15fc41ae7801fefb7714dcbe17bc1b63","checklist-flat","FALSE","FALSE","HDC Site QA","Busduct","N Run","N10"
"6e0c9e90-f306-4944-876b-59ec2c586c30","","checklist-flat","not-started","8143065f1287e03edbec6f89965b360b15fc41ae7801fefb7714dcbe17bc1b63","checklist-flat","FALSE","FALSE","HDC Site QA","Busduct","N Run","N11"
"e6189b84-c12a-4c2b-b338-efd1e85de673","","checklist-flat","not-started","8143065f1287e03edbec6f89965b360b15fc41ae7801fefb7714dcbe17bc1b63","checklist-flat","FALSE","FALSE","HDC Site QA","Busduct","N Run","N12"
"5d1e8985-6255-4267-b3f1-bb96dbc32774","","checklist-flat","not-started","8143065f1287e03edbec6f89965b360b15fc41ae7801fefb7714dcbe17bc1b63","checklist-flat","FALSE","FALSE","HDC Site QA","Busduct","N Run","N13"
"df744d22-63c2-427e-9456-f7c8cdda0926","","checklist-flat","not-started","8143065f1287e03edbec6f89965b360b15fc41ae7801fefb7714dcbe17bc1b63","checklist-flat","FALSE","FALSE","HDC Site QA","Busduct","N Run","N14"
"cdadd17a-52d3-409e-b8be-cbc924fa0f79","","checklist-flat","not-started","8143065f1287e03edbec6f89965b360b15fc41ae7801fefb7714dcbe17bc1b63","checklist-flat","FALSE","FALSE","HDC Site QA","Busduct","N Run","N15"
"e052b1ec-8e5e-4dc5-bc4a-641837499f60","","checklist-flat","not-started","8143065f1287e03edbec6f89965b360b15fc41ae7801fefb7714dcbe17bc1b63","checklist-flat","FALSE","FALSE","HDC Site QA","Busduct","N Run","N16"
"3907c883-f319-40af-b37b-64f4f9b301d2","","checklist-flat","not-started","8143065f1287e03edbec6f89965b360b15fc41ae7801fefb7714dcbe17bc1b63","checklist-flat","FALSE","FALSE","HDC Site QA","Busduct","N Run","N17"
"35db6189-2c1a-405b-8cf8-0ce843c415f5","","checklist-flat","not-started","8143065f1287e03edbec6f89965b360b15fc41ae7801fefb7714dcbe17bc1b63","checklist-flat","FALSE","FALSE","HDC Site QA","Busduct","N Run","N18"
"43f8beaf-f2a9-4e8c-a7f5-625cbbdb1a55","","checklist-flat","not-started","8143065f1287e03edbec6f89965b360b15fc41ae7801fefb7714dcbe17bc1b63","checklist-flat","FALSE","FALSE","HDC Site QA","Busduct","N Run","N19"
"3e58d87d-e25e-49a4-a57b-38d52dbccd18","","checklist-flat","not-started","8143065f1287e03edbec6f89965b360b15fc41ae7801fefb7714dcbe17bc1b63","checklist-flat","FALSE","FALSE","HDC Site QA","Busduct","N Run","N20"
"c2d79983-2e38-423c-964f-044593f2fec0","","checklist-flat","not-started","8143065f1287e03edbec6f89965b360b15fc41ae7801fefb7714dcbe17bc1b63","checklist-flat","FALSE","FALSE","HDC Site QA","Busduct","N Run","N21"
"1d50d363-f4b9-4c5f-9024-c2a94a2d48e6","","checklist-flat","not-started","8143065f1287e03edbec6f89965b360b15fc41ae7801fefb7714dcbe17bc1b63","checklist-flat","FALSE","FALSE","HDC Site QA","Busduct","N Run","N22"
"83997ed3-5882-48fd-adee-001ecac432f1","","checklist-flat","not-started","8143065f1287e03edbec6f89965b360b15fc41ae7801fefb7714dcbe17bc1b63","checklist-flat","FALSE","FALSE","HDC Site QA","Busduct","N Run","N23"
"2b8bdf80-1620-40b7-a4e6-52ddc9d33c74","","checklist-flat","not-started","8143065f1287e03edbec6f89965b360b15fc41ae7801fefb7714dcbe17bc1b63","checklist-flat","FALSE","FALSE","HDC Site QA","Busduct","N Run","N24"
"4d8ea9d6-3862-430c-8199-02ccdb264f67","","checklist-flat","not-started","8143065f1287e03edbec6f89965b360b15fc41ae7801fefb7714dcbe17bc1b63","checklist-flat","FALSE","FALSE","HDC Site QA","Busduct","N Run","N25"
"e89d0b21-498a-488a-b471-d37f6b89bcd8","","checklist-flat","not-started","8143065f1287e03edbec6f89965b360b15fc41ae7801fefb7714dcbe17bc1b63","checklist-flat","FALSE","FALSE","HDC Site QA","Busduct","N Run","N26"
"b6e013c8-47b5-4ed4-b539-a3937669a1e8","","checklist-flat","not-started","8143065f1287e03edbec6f89965b360b15fc41ae7801fefb7714dcbe17bc1b63","checklist-flat","FALSE","FALSE","HDC Site QA","Busduct","N Run","N27"
"4debba26-f644-4068-a6f3-b501b8d83214","","checklist-flat","not-started","8143065f1287e03edbec6f89965b360b15fc41ae7801fefb7714dcbe17bc1b63","checklist-flat","FALSE","FALSE","HDC Site QA","Busduct","N Run","N28"
"5f9c99d9-30de-4c04-8c3e-49e40e333a9f","","checklist-flat","not-started","8143065f1287e03edbec6f89965b360b15fc41ae7801fefb7714dcbe17bc1b63","checklist-flat","FALSE","FALSE","HDC Site QA","Busduct","N Run","N29"
"08b4de32-c62d-4376-8307-0879ecf27204","","checklist-flat","not-started","8143065f1287e03edbec6f89965b360b15fc41ae7801fefb7714dcbe17bc1b63","checklist-flat","FALSE","FALSE","HDC Site QA","Busduct","N Run","N30"
"6e35dd56-9890-419c-bd49-2599347ef877","","checklist-flat","not-started","8143065f1287e03edbec6f89965b360b15fc41ae7801fefb7714dcbe17bc1b63","checklist-flat","FALSE","FALSE","HDC Site QA","Busduct","N Run","N31"
"d349fa7a-9f58-4f02-bbb1-e6ea5873d95b","","folder-normal","not-started","","step","TRUE","FALSE","HDC Site QA","Busduct","P Run"
"a947ca5e-37c9-422f-a18f-69eaabab368f","","checklist-flat","not-started","8143065f1287e03edbec6f89965b360b15fc41ae7801fefb7714dcbe17bc1b63","checklist-flat","FALSE","FALSE","HDC Site QA","Busduct","P Run","P1"
"9b5afb06-eb48-44af-a8c9-5e2fa1915fc6","","checklist-flat","not-started","8143065f1287e03edbec6f89965b360b15fc41ae7801fefb7714dcbe17bc1b63","checklist-flat","FALSE","FALSE","HDC Site QA","Busduct","P Run","P2"
"31cd51f7-abce-4196-b323-73d44c515c54","","checklist-flat","not-started","8143065f1287e03edbec6f89965b360b15fc41ae7801fefb7714dcbe17bc1b63","checklist-flat","FALSE","FALSE","HDC Site QA","Busduct","P Run","P3"
"31df5f76-2ff5-40ca-9354-12e0405f1e69","","checklist-flat","not-started","8143065f1287e03edbec6f89965b360b15fc41ae7801fefb7714dcbe17bc1b63","checklist-flat","FALSE","FALSE","HDC Site QA","Busduct","P Run","P4"
"69d59ee5-606d-45fb-8ddc-ebc49691a58f","","checklist-flat","not-started","8143065f1287e03edbec6f89965b360b15fc41ae7801fefb7714dcbe17bc1b63","checklist-flat","FALSE","FALSE","HDC Site QA","Busduct","P Run","P5"
"9a2a291f-7a7f-4854-a5da-286fec87b7c5","","checklist-flat","not-started","8143065f1287e03edbec6f89965b360b15fc41ae7801fefb7714dcbe17bc1b63","checklist-flat","FALSE","FALSE","HDC Site QA","Busduct","P Run","P6"
"ee700345-3a6c-49ef-a411-04859a40db63","","checklist-flat","not-started","8143065f1287e03edbec6f89965b360b15fc41ae7801fefb7714dcbe17bc1b63","checklist-flat","FALSE","FALSE","HDC Site QA","Busduct","P Run","P7"
"8cf20e47-8bb0-4cb6-9719-81f8f45675db","","checklist-flat","not-started","8143065f1287e03edbec6f89965b360b15fc41ae7801fefb7714dcbe17bc1b63","checklist-flat","FALSE","FALSE","HDC Site QA","Busduct","P Run","P8"
"dfcd2a4c-8ff6-4205-8f96-79bbc2f1b4b2","","checklist-flat","not-started","8143065f1287e03edbec6f89965b360b15fc41ae7801fefb7714dcbe17bc1b63","checklist-flat","FALSE","FALSE","HDC Site QA","Busduct","P Run","P9"
"ae515a6e-2d71-4a3d-8a4f-5f3fd3f2cc3e","","checklist-flat","not-started","8143065f1287e03edbec6f89965b360b15fc41ae7801fefb7714dcbe17bc1b63","checklist-flat","FALSE","FALSE","HDC Site QA","Busduct","P Run","P10"
"452a2ad5-37da-48d3-a6c1-f602571c3322","","checklist-flat","not-started","8143065f1287e03edbec6f89965b360b15fc41ae7801fefb7714dcbe17bc1b63","checklist-flat","FALSE","FALSE","HDC Site QA","Busduct","P Run","P11"
"2cc636c6-1848-4410-b4e9-5a7e77b32d01","","checklist-flat","not-started","8143065f1287e03edbec6f89965b360b15fc41ae7801fefb7714dcbe17bc1b63","checklist-flat","FALSE","FALSE","HDC Site QA","Busduct","P Run","P12"
"0c200255-7bbd-4ef1-911e-af21304c99d2","","checklist-flat","not-started","8143065f1287e03edbec6f89965b360b15fc41ae7801fefb7714dcbe17bc1b63","checklist-flat","FALSE","FALSE","HDC Site QA","Busduct","P Run","P13"
"60641d6f-451b-4b2f-a5da-e49d5a2f26f9","","checklist-flat","not-started","8143065f1287e03edbec6f89965b360b15fc41ae7801fefb7714dcbe17bc1b63","checklist-flat","FALSE","FALSE","HDC Site QA","Busduct","P Run","P14"
"118d4169-bea9-403d-ad5d-c045d6766fb4","","checklist-flat","not-started","8143065f1287e03edbec6f89965b360b15fc41ae7801fefb7714dcbe17bc1b63","checklist-flat","FALSE","FALSE","HDC Site QA","Busduct","P Run","P15"
"65cb6d3e-c6c8-4577-9eb1-944cfe2a3a87","","checklist-flat","not-started","8143065f1287e03edbec6f89965b360b15fc41ae7801fefb7714dcbe17bc1b63","checklist-flat","FALSE","FALSE","HDC Site QA","Busduct","P Run","P16"
"52e2881e-face-4f22-919a-0fe45d019c6e","","checklist-flat","not-started","8143065f1287e03edbec6f89965b360b15fc41ae7801fefb7714dcbe17bc1b63","checklist-flat","FALSE","FALSE","HDC Site QA","Busduct","P Run","P17"
"1575e2c0-e747-4a02-88ae-94d170fe8cef","","checklist-flat","not-started","8143065f1287e03edbec6f89965b360b15fc41ae7801fefb7714dcbe17bc1b63","checklist-flat","FALSE","FALSE","HDC Site QA","Busduct","P Run","P18"
"97070c3c-cbed-4ca4-acaa-0d9751002cd6","","checklist-flat","not-started","8143065f1287e03edbec6f89965b360b15fc41ae7801fefb7714dcbe17bc1b63","checklist-flat","FALSE","FALSE","HDC Site QA","Busduct","P Run","P19"
"faa7af44-5c10-4b7f-9bc9-1137e9d6ef6b","","checklist-flat","not-started","8143065f1287e03edbec6f89965b360b15fc41ae7801fefb7714dcbe17bc1b63","checklist-flat","FALSE","FALSE","HDC Site QA","Busduct","P Run","P20"
"34a79b9e-eb60-4f61-830e-ca30f60f38dc","","checklist-flat","not-started","8143065f1287e03edbec6f89965b360b15fc41ae7801fefb7714dcbe17bc1b63","checklist-flat","FALSE","FALSE","HDC Site QA","Busduct","P Run","P21"
"9eb27d39-dcc5-450c-8080-7d5729f38e7d","","checklist-flat","not-started","8143065f1287e03edbec6f89965b360b15fc41ae7801fefb7714dcbe17bc1b63","checklist-flat","FALSE","FALSE","HDC Site QA","Busduct","P Run","P22"
"a98e8367-7ea4-470c-8720-57990484beab","","checklist-flat","not-started","8143065f1287e03edbec6f89965b360b15fc41ae7801fefb7714dcbe17bc1b63","checklist-flat","FALSE","FALSE","HDC Site QA","Busduct","P Run","P23"
"a82df097-dd15-4213-a977-e55a74ac85ee","","checklist-flat","not-started","8143065f1287e03edbec6f89965b360b15fc41ae7801fefb7714dcbe17bc1b63","checklist-flat","FALSE","FALSE","HDC Site QA","Busduct","P Run","P24"
"c203c64a-0559-4d3e-b14c-a5fe6e7ed133","","checklist-flat","not-started","8143065f1287e03edbec6f89965b360b15fc41ae7801fefb7714dcbe17bc1b63","checklist-flat","FALSE","FALSE","HDC Site QA","Busduct","P Run","P25"
"7bf13c80-35d6-4dcc-8a5e-5e3ccc33a03f","","checklist-flat","not-started","8143065f1287e03edbec6f89965b360b15fc41ae7801fefb7714dcbe17bc1b63","checklist-flat","FALSE","FALSE","HDC Site QA","Busduct","P Run","P26"
"c3b1a620-5430-4e1e-a7b6-fcbae44983a9","","checklist-flat","not-started","8143065f1287e03edbec6f89965b360b15fc41ae7801fefb7714dcbe17bc1b63","checklist-flat","FALSE","FALSE","HDC Site QA","Busduct","P Run","P27"
"ad287b08-87c4-4f09-9809-bb7f97a8e1d0","","checklist-flat","not-started","8143065f1287e03edbec6f89965b360b15fc41ae7801fefb7714dcbe17bc1b63","checklist-flat","FALSE","FALSE","HDC Site QA","Busduct","P Run","P28"
"e29843cd-8353-4056-bdbb-4bb17c52e794","","checklist-flat","not-started","8143065f1287e03edbec6f89965b360b15fc41ae7801fefb7714dcbe17bc1b63","checklist-flat","FALSE","FALSE","HDC Site QA","Busduct","P Run","P29"
"37c353b9-e29a-4345-9d7f-528912d34630","","checklist-flat","not-started","8143065f1287e03edbec6f89965b360b15fc41ae7801fefb7714dcbe17bc1b63","checklist-flat","FALSE","FALSE","HDC Site QA","Busduct","P Run","P30"
"715dff31-1e56-42e6-81d3-e44b1b6a27e3","","checklist-flat","not-started","8143065f1287e03edbec6f89965b360b15fc41ae7801fefb7714dcbe17bc1b63","checklist-flat","FALSE","FALSE","HDC Site QA","Busduct","P Run","P31"
"4d21405b-ad51-4d12-91ee-012aad147305","","folder-normal","not-started","","step","TRUE","FALSE","HDC Site QA","Busduct","Q Run"
"413b2706-6198-481f-8947-71e6f8eac7b2","","checklist-flat","not-started","8143065f1287e03edbec6f89965b360b15fc41ae7801fefb7714dcbe17bc1b63","checklist-flat","FALSE","FALSE","HDC Site QA","Busduct","Q Run","Q1"
"192660e6-3423-458b-a725-b2abe94eab90","","checklist-flat","not-started","8143065f1287e03edbec6f89965b360b15fc41ae7801fefb7714dcbe17bc1b63","checklist-flat","FALSE","FALSE","HDC Site QA","Busduct","Q Run","Q2"
"1f1599d8-e8ad-4703-ae19-8629db62dab9","","checklist-flat","not-started","8143065f1287e03edbec6f89965b360b15fc41ae7801fefb7714dcbe17bc1b63","checklist-flat","FALSE","FALSE","HDC Site QA","Busduct","Q Run","Q3"
"5b624df2-069a-4986-90af-61e112511e78","","checklist-flat","not-started","8143065f1287e03edbec6f89965b360b15fc41ae7801fefb7714dcbe17bc1b63","checklist-flat","FALSE","FALSE","HDC Site QA","Busduct","Q Run","Q4"
"68809c4d-e381-4bdb-b76a-8987a9842c42","","checklist-flat","not-started","8143065f1287e03edbec6f89965b360b15fc41ae7801fefb7714dcbe17bc1b63","checklist-flat","FALSE","FALSE","HDC Site QA","Busduct","Q Run","Q5"
"1b4df8f4-8df7-4e32-837c-b9978b3d1765","","checklist-flat","not-started","8143065f1287e03edbec6f89965b360b15fc41ae7801fefb7714dcbe17bc1b63","checklist-flat","FALSE","FALSE","HDC Site QA","Busduct","Q Run","Q6"
"adbc361c-ed4a-45d4-925a-ae96173c0f02","","checklist-flat","not-started","8143065f1287e03edbec6f89965b360b15fc41ae7801fefb7714dcbe17bc1b63","checklist-flat","FALSE","FALSE","HDC Site QA","Busduct","Q Run","Q7"
"ee611cdd-ac84-4445-8679-54105f9fb643","","checklist-flat","not-started","8143065f1287e03edbec6f89965b360b15fc41ae7801fefb7714dcbe17bc1b63","checklist-flat","FALSE","FALSE","HDC Site QA","Busduct","Q Run","Q8"
"b59ed8b8-cc40-4dbd-98b9-a34ca58d2f3c","","checklist-flat","not-started","8143065f1287e03edbec6f89965b360b15fc41ae7801fefb7714dcbe17bc1b63","checklist-flat","FALSE","FALSE","HDC Site QA","Busduct","Q Run","Q9"
"82e404ef-33e1-4e8d-881f-b3da58764183","","checklist-flat","not-started","8143065f1287e03edbec6f89965b360b15fc41ae7801fefb7714dcbe17bc1b63","checklist-flat","FALSE","FALSE","HDC Site QA","Busduct","Q Run","Q10"
"4c009d3e-8aa4-4bac-a52a-17872f515810","","checklist-flat","not-started","8143065f1287e03edbec6f89965b360b15fc41ae7801fefb7714dcbe17bc1b63","checklist-flat","FALSE","FALSE","HDC Site QA","Busduct","Q Run","Q11"
"3c8f0ae3-d14b-4895-86c4-c08df76cb7fc","","checklist-flat","not-started","8143065f1287e03edbec6f89965b360b15fc41ae7801fefb7714dcbe17bc1b63","checklist-flat","FALSE","FALSE","HDC Site QA","Busduct","Q Run","Q12"
"9a392fa8-52cd-4a1d-9589-b1bed802cee4","","checklist-flat","not-started","8143065f1287e03edbec6f89965b360b15fc41ae7801fefb7714dcbe17bc1b63","checklist-flat","FALSE","FALSE","HDC Site QA","Busduct","Q Run","Q13"
"fc71f466-cfa8-4559-8464-76fd4bad7a65","","checklist-flat","not-started","8143065f1287e03edbec6f89965b360b15fc41ae7801fefb7714dcbe17bc1b63","checklist-flat","FALSE","FALSE","HDC Site QA","Busduct","Q Run","Q14"
"f3259f3d-d9d6-4595-9228-aac541dc5c76","","checklist-flat","not-started","8143065f1287e03edbec6f89965b360b15fc41ae7801fefb7714dcbe17bc1b63","checklist-flat","FALSE","FALSE","HDC Site QA","Busduct","Q Run","Q15"
"3f472188-7348-420b-b58c-d896514e47b0","","checklist-flat","not-started","8143065f1287e03edbec6f89965b360b15fc41ae7801fefb7714dcbe17bc1b63","checklist-flat","FALSE","FALSE","HDC Site QA","Busduct","Q Run","Q16"
"86859ffb-a216-46ba-96f5-df6f299d0eea","","checklist-flat","not-started","8143065f1287e03edbec6f89965b360b15fc41ae7801fefb7714dcbe17bc1b63","checklist-flat","FALSE","FALSE","HDC Site QA","Busduct","Q Run","Q17"
"5b80a6b1-fb8f-40e6-8c83-0447f5c728a4","","checklist-flat","not-started","8143065f1287e03edbec6f89965b360b15fc41ae7801fefb7714dcbe17bc1b63","checklist-flat","FALSE","FALSE","HDC Site QA","Busduct","Q Run","Q18"
"9c460dc0-7681-4a16-a06f-1a39de513795","","checklist-flat","not-started","8143065f1287e03edbec6f89965b360b15fc41ae7801fefb7714dcbe17bc1b63","checklist-flat","FALSE","FALSE","HDC Site QA","Busduct","Q Run","Q19"
"6b8028b3-6fdc-4e13-bfb6-df969fc1f3d4","","checklist-flat","not-started","8143065f1287e03edbec6f89965b360b15fc41ae7801fefb7714dcbe17bc1b63","checklist-flat","FALSE","FALSE","HDC Site QA","Busduct","Q Run","Q20"
"e03d5bc1-53b6-4bf8-95e3-91844014a352","","checklist-flat","not-started","8143065f1287e03edbec6f89965b360b15fc41ae7801fefb7714dcbe17bc1b63","checklist-flat","FALSE","FALSE","HDC Site QA","Busduct","Q Run","Q21"
"44c6e9f0-2f6c-42ce-a6ac-6e6d5b92bd2c","","checklist-flat","not-started","8143065f1287e03edbec6f89965b360b15fc41ae7801fefb7714dcbe17bc1b63","checklist-flat","FALSE","FALSE","HDC Site QA","Busduct","Q Run","Q22"
"3ebcea06-55f0-45d5-a22c-2b7fddff2936","","checklist-flat","not-started","8143065f1287e03edbec6f89965b360b15fc41ae7801fefb7714dcbe17bc1b63","checklist-flat","FALSE","FALSE","HDC Site QA","Busduct","Q Run","Q23"
"7da6edb2-4652-4c1e-8dd5-22b9d6281c3b","","checklist-flat","not-started","8143065f1287e03edbec6f89965b360b15fc41ae7801fefb7714dcbe17bc1b63","checklist-flat","FALSE","FALSE","HDC Site QA","Busduct","Q Run","Q24"
"a00419b9-933a-4432-bc5a-37f9461fbb08","","checklist-flat","not-started","8143065f1287e03edbec6f89965b360b15fc41ae7801fefb7714dcbe17bc1b63","checklist-flat","FALSE","FALSE","HDC Site QA","Busduct","Q Run","Q25"
"be9c6147-a0b9-40e1-b87f-c9924bebefeb","","checklist-flat","not-started","8143065f1287e03edbec6f89965b360b15fc41ae7801fefb7714dcbe17bc1b63","checklist-flat","FALSE","FALSE","HDC Site QA","Busduct","Q Run","Q26"
"5e54bf60-dd86-4220-aaac-dde759245595","","checklist-flat","not-started","8143065f1287e03edbec6f89965b360b15fc41ae7801fefb7714dcbe17bc1b63","checklist-flat","FALSE","FALSE","HDC Site QA","Busduct","Q Run","Q27"
"40832abf-7a45-404b-9f5d-1f6d00365ef9","","checklist-flat","not-started","8143065f1287e03edbec6f89965b360b15fc41ae7801fefb7714dcbe17bc1b63","checklist-flat","FALSE","FALSE","HDC Site QA","Busduct","Q Run","Q28"
"0f458af6-91fd-431b-81fd-c40744916ecd","","checklist-flat","not-started","8143065f1287e03edbec6f89965b360b15fc41ae7801fefb7714dcbe17bc1b63","checklist-flat","FALSE","FALSE","HDC Site QA","Busduct","Q Run","Q29"
"12ab178c-5f2b-454a-8ca8-a4ef5d23e317","","checklist-flat","not-started","8143065f1287e03edbec6f89965b360b15fc41ae7801fefb7714dcbe17bc1b63","checklist-flat","FALSE","FALSE","HDC Site QA","Busduct","Q Run","Q30"
"d8bc44f3-6935-4fd5-b5bf-8a2304696001","","checklist-flat","not-started","8143065f1287e03edbec6f89965b360b15fc41ae7801fefb7714dcbe17bc1b63","checklist-flat","FALSE","FALSE","HDC Site QA","Busduct","Q Run","Q31"
"633359b9-1197-491f-b902-ce1749f3ea5e","","checklist-flat","not-started","8143065f1287e03edbec6f89965b360b15fc41ae7801fefb7714dcbe17bc1b63","checklist-flat","FALSE","FALSE","HDC Site QA","Busduct","Q Run","Q32"
"e9883350-1517-4a0a-99c4-6bef46fd9a77","","checklist-flat","not-started","8143065f1287e03edbec6f89965b360b15fc41ae7801fefb7714dcbe17bc1b63","checklist-flat","FALSE","FALSE","HDC Site QA","Busduct","Q Run","Q33"
"a4298313-dce6-41a2-9614-682bb2f05caa","","checklist-flat","not-started","8143065f1287e03edbec6f89965b360b15fc41ae7801fefb7714dcbe17bc1b63","checklist-flat","FALSE","FALSE","HDC Site QA","Busduct","Q Run","Q34"
"18335255-8c01-4941-8134-c3702e5f1be8","","checklist-flat","not-started","8143065f1287e03edbec6f89965b360b15fc41ae7801fefb7714dcbe17bc1b63","checklist-flat","FALSE","FALSE","HDC Site QA","Busduct","Q Run","Q35"
"6c8f1e4b-3055-4c74-87b7-cf881e8e58c6","","checklist-flat","not-started","8143065f1287e03edbec6f89965b360b15fc41ae7801fefb7714dcbe17bc1b63","checklist-flat","FALSE","FALSE","HDC Site QA","Busduct","Q Run","Q36"
"f02b0943-fd1c-4341-9439-4624f9abc5ed","","checklist-flat","not-started","8143065f1287e03edbec6f89965b360b15fc41ae7801fefb7714dcbe17bc1b63","checklist-flat","FALSE","FALSE","HDC Site QA","Busduct","Q Run","Q37"
"6947d97b-134c-457e-94da-e7fe46c4354d","","checklist-flat","not-started","8143065f1287e03edbec6f89965b360b15fc41ae7801fefb7714dcbe17bc1b63","checklist-flat","FALSE","FALSE","HDC Site QA","Busduct","Q Run","Q38"
"8bf06ffe-4cd2-48c5-b2aa-de812a1c62be","","checklist-flat","not-started","8143065f1287e03edbec6f89965b360b15fc41ae7801fefb7714dcbe17bc1b63","checklist-flat","FALSE","FALSE","HDC Site QA","Busduct","Q Run","Q39"
"8370652d-b25a-436e-8001-5cd36ee55b0a","","folder-normal","no-status-not-started","","step","TRUE","FALSE","HDC Site QA","Busduct","Q Run","Movement Joint"
"ef63b943-0410-46f6-ab85-ad2cf6e7f547","","folder-normal","not-started","","step","TRUE","FALSE","HDC Site QA","Busduct","R Run"
"a4694930-aa43-46ae-9627-9f66b9784276","","checklist-flat","not-started","8143065f1287e03edbec6f89965b360b15fc41ae7801fefb7714dcbe17bc1b63","checklist-flat","FALSE","FALSE","HDC Site QA","Busduct","R Run","R1"
"f54969ed-3b8c-47fa-b845-8632c8b6a75a","","checklist-flat","not-started","8143065f1287e03edbec6f89965b360b15fc41ae7801fefb7714dcbe17bc1b63","checklist-flat","FALSE","FALSE","HDC Site QA","Busduct","R Run","R2"
"4a3ff881-dba5-4cae-a3cd-d584885a254c","","checklist-flat","not-started","8143065f1287e03edbec6f89965b360b15fc41ae7801fefb7714dcbe17bc1b63","checklist-flat","FALSE","FALSE","HDC Site QA","Busduct","R Run","R3"
"145aeb14-c477-4440-8867-27ded7065df4","","checklist-flat","not-started","8143065f1287e03edbec6f89965b360b15fc41ae7801fefb7714dcbe17bc1b63","checklist-flat","FALSE","FALSE","HDC Site QA","Busduct","R Run","R4"
"0e171288-69f0-48d8-b24e-81388c3eded0","","checklist-flat","not-started","8143065f1287e03edbec6f89965b360b15fc41ae7801fefb7714dcbe17bc1b63","checklist-flat","FALSE","FALSE","HDC Site QA","Busduct","R Run","R5"
"d6a44c6e-7849-4592-aaf3-9f0cda6e829f","","checklist-flat","not-started","8143065f1287e03edbec6f89965b360b15fc41ae7801fefb7714dcbe17bc1b63","checklist-flat","FALSE","FALSE","HDC Site QA","Busduct","R Run","R6"
"ff91af65-06da-47a1-9a9a-8f3fe7ab3ded","","checklist-flat","not-started","8143065f1287e03edbec6f89965b360b15fc41ae7801fefb7714dcbe17bc1b63","checklist-flat","FALSE","FALSE","HDC Site QA","Busduct","R Run","R7"
"cd723821-8a79-4b01-b664-48408c2fb6c5","","folder-normal","not-started","","step","TRUE","FALSE","HDC Site QA","Busduct","S Run"
"c2462cc9-5888-4248-9a94-a147a3dcfa08","","checklist-flat","not-started","8143065f1287e03edbec6f89965b360b15fc41ae7801fefb7714dcbe17bc1b63","checklist-flat","FALSE","FALSE","HDC Site QA","Busduct","S Run","S1"
"61c9cf3f-08b7-4ef7-a5ab-19b58dacb3ba","","checklist-flat","not-started","8143065f1287e03edbec6f89965b360b15fc41ae7801fefb7714dcbe17bc1b63","checklist-flat","FALSE","FALSE","HDC Site QA","Busduct","S Run","S2"
"3451de10-eb71-47e1-b748-0e24849b9741","","checklist-flat","not-started","8143065f1287e03edbec6f89965b360b15fc41ae7801fefb7714dcbe17bc1b63","checklist-flat","FALSE","FALSE","HDC Site QA","Busduct","S Run","S3"
"ea25c943-62ac-4bb2-8034-b05b2ff00862","","checklist-flat","not-started","8143065f1287e03edbec6f89965b360b15fc41ae7801fefb7714dcbe17bc1b63","checklist-flat","FALSE","FALSE","HDC Site QA","Busduct","S Run","S4"
"25b5e827-82a0-4f1c-a6b8-04ec50cab276","","checklist-flat","not-started","8143065f1287e03edbec6f89965b360b15fc41ae7801fefb7714dcbe17bc1b63","checklist-flat","FALSE","FALSE","HDC Site QA","Busduct","S Run","S5"
"820343f4-fb26-4267-8689-ae2fb408be35","","checklist-flat","not-started","8143065f1287e03edbec6f89965b360b15fc41ae7801fefb7714dcbe17bc1b63","checklist-flat","FALSE","FALSE","HDC Site QA","Busduct","S Run","S6"
"161bc609-24d1-4a7d-85eb-56ffe149a3e1","","checklist-flat","not-started","8143065f1287e03edbec6f89965b360b15fc41ae7801fefb7714dcbe17bc1b63","checklist-flat","FALSE","FALSE","HDC Site QA","Busduct","S Run","S7"
"68ccc9d2-4fd0-433d-bcbe-451fbbf9c934","","folder-normal","not-started","","step","TRUE","FALSE","HDC Site QA","Busduct","T Run"
"3d6d3cce-70c5-4240-933d-f9baecac2df5","","checklist-flat","not-started","8143065f1287e03edbec6f89965b360b15fc41ae7801fefb7714dcbe17bc1b63","checklist-flat","FALSE","FALSE","HDC Site QA","Busduct","T Run","T1"
"316e7300-d9a7-45ca-b232-73c9de7da6d0","","checklist-flat","not-started","8143065f1287e03edbec6f89965b360b15fc41ae7801fefb7714dcbe17bc1b63","checklist-flat","FALSE","FALSE","HDC Site QA","Busduct","T Run","T2"
"07802b86-f4c5-4b4f-aa9c-2eef875ceb85","","checklist-flat","not-started","8143065f1287e03edbec6f89965b360b15fc41ae7801fefb7714dcbe17bc1b63","checklist-flat","FALSE","FALSE","HDC Site QA","Busduct","T Run","T3"
"9204a72a-1d3d-443a-9cbb-93a90c23abe4","","checklist-flat","not-started","8143065f1287e03edbec6f89965b360b15fc41ae7801fefb7714dcbe17bc1b63","checklist-flat","FALSE","FALSE","HDC Site QA","Busduct","T Run","T4"
"83e487d6-4ccc-437c-91af-b745cc35e92a","","checklist-flat","not-started","8143065f1287e03edbec6f89965b360b15fc41ae7801fefb7714dcbe17bc1b63","checklist-flat","FALSE","FALSE","HDC Site QA","Busduct","T Run","T5"
"0e40d716-6bd8-4795-befa-6b88247b97ed","","checklist-flat","not-started","8143065f1287e03edbec6f89965b360b15fc41ae7801fefb7714dcbe17bc1b63","checklist-flat","FALSE","FALSE","HDC Site QA","Busduct","T Run","T6"
"e9391c8b-d425-449b-8dff-f89c39eaf53d","","checklist-flat","not-started","8143065f1287e03edbec6f89965b360b15fc41ae7801fefb7714dcbe17bc1b63","checklist-flat","FALSE","FALSE","HDC Site QA","Busduct","T Run","T7"
"1aed96d2-fdd6-4af9-8846-c66252c0571a","","folder-normal","not-started","","step","TRUE","FALSE","HDC Site QA","Busduct","V Run"
"92208482-6c38-4f27-a12b-05e5d5960c75","","checklist-flat","not-started","8143065f1287e03edbec6f89965b360b15fc41ae7801fefb7714dcbe17bc1b63","checklist-flat","FALSE","FALSE","HDC Site QA","Busduct","V Run","V1"
"dd97a81a-983e-44c7-91e1-b0c9f91fb861","","checklist-flat","not-started","8143065f1287e03edbec6f89965b360b15fc41ae7801fefb7714dcbe17bc1b63","checklist-flat","FALSE","FALSE","HDC Site QA","Busduct","V Run","V2"
"e604f98f-5768-4c92-a488-3fc91e3a1e72","","checklist-flat","not-started","8143065f1287e03edbec6f89965b360b15fc41ae7801fefb7714dcbe17bc1b63","checklist-flat","FALSE","FALSE","HDC Site QA","Busduct","V Run","V3"
"8e033435-24aa-46ad-95c6-2c199caf4f93","","checklist-flat","not-started","8143065f1287e03edbec6f89965b360b15fc41ae7801fefb7714dcbe17bc1b63","checklist-flat","FALSE","FALSE","HDC Site QA","Busduct","V Run","V4"
"d793d7f2-eb99-41cb-a738-c5f12bcb2e6b","","checklist-flat","not-started","8143065f1287e03edbec6f89965b360b15fc41ae7801fefb7714dcbe17bc1b63","checklist-flat","FALSE","FALSE","HDC Site QA","Busduct","V Run","V5"
"e1e1adf8-0a4d-4b21-b1c1-20c94d48d4e9","","checklist-flat","not-started","8143065f1287e03edbec6f89965b360b15fc41ae7801fefb7714dcbe17bc1b63","checklist-flat","FALSE","FALSE","HDC Site QA","Busduct","V Run","V6"
"ebf0f936-9083-4645-9882-7b38d28fcd93","","checklist-flat","not-started","8143065f1287e03edbec6f89965b360b15fc41ae7801fefb7714dcbe17bc1b63","checklist-flat","FALSE","FALSE","HDC Site QA","Busduct","V Run","V7"
"0b8b4f8d-bd2c-4e8b-8a73-6367d26ea463","","folder-normal","not-started","","step","TRUE","FALSE","HDC Site QA","Busduct","W Run"
"6b12c7e3-141c-43bf-8447-cc9e8329c21b","","checklist-flat","not-started","8143065f1287e03edbec6f89965b360b15fc41ae7801fefb7714dcbe17bc1b63","checklist-flat","FALSE","FALSE","HDC Site QA","Busduct","W Run","W1"
"36c8bbae-ec65-4ef7-8e8c-fea8fd93d889","","checklist-flat","not-started","8143065f1287e03edbec6f89965b360b15fc41ae7801fefb7714dcbe17bc1b63","checklist-flat","FALSE","FALSE","HDC Site QA","Busduct","W Run","W2"
"0fec217e-4d1e-4ae2-8591-70fee74c3da6","","checklist-flat","not-started","8143065f1287e03edbec6f89965b360b15fc41ae7801fefb7714dcbe17bc1b63","checklist-flat","FALSE","FALSE","HDC Site QA","Busduct","W Run","W3"
"f2a5484d-2d02-42e2-962a-766560c30c0e","","checklist-flat","not-started","8143065f1287e03edbec6f89965b360b15fc41ae7801fefb7714dcbe17bc1b63","checklist-flat","FALSE","FALSE","HDC Site QA","Busduct","W Run","W4"
"de73a404-f1dc-4103-b5ef-f0ff784a8d20","","checklist-flat","not-started","8143065f1287e03edbec6f89965b360b15fc41ae7801fefb7714dcbe17bc1b63","checklist-flat","FALSE","FALSE","HDC Site QA","Busduct","W Run","W5"
"cef460b5-404a-4f4e-ab58-cf42856b6bd7","","checklist-flat","not-started","8143065f1287e03edbec6f89965b360b15fc41ae7801fefb7714dcbe17bc1b63","checklist-flat","FALSE","FALSE","HDC Site QA","Busduct","W Run","W6"
"d6435f35-32f8-4074-9726-4871412b4d1f","","checklist-flat","not-started","8143065f1287e03edbec6f89965b360b15fc41ae7801fefb7714dcbe17bc1b63","checklist-flat","FALSE","FALSE","HDC Site QA","Busduct","W Run","W7"
"6d05ce64-1849-4d50-83a8-66f414dca3ff","","checklist-flat","not-started","8143065f1287e03edbec6f89965b360b15fc41ae7801fefb7714dcbe17bc1b63","checklist-flat","FALSE","FALSE","HDC Site QA","Busduct","W Run","W8"
"d8b1fc16-25eb-4c8d-93b8-d395aeea564f","","checklist-flat","not-started","8143065f1287e03edbec6f89965b360b15fc41ae7801fefb7714dcbe17bc1b63","checklist-flat","FALSE","FALSE","HDC Site QA","Busduct","W Run","W9"
"1d510594-eeb4-462c-b7a0-66ffb6eb65ef","","checklist-flat","not-started","8143065f1287e03edbec6f89965b360b15fc41ae7801fefb7714dcbe17bc1b63","checklist-flat","FALSE","FALSE","HDC Site QA","Busduct","W Run","W10"
"db179ec9-e047-481f-9f66-f8abe38dfc06","","checklist-flat","not-started","8143065f1287e03edbec6f89965b360b15fc41ae7801fefb7714dcbe17bc1b63","checklist-flat","FALSE","FALSE","HDC Site QA","Busduct","W Run","W10A"
"8e54f070-73fc-41be-8c23-86ec58f55b74","","checklist-flat","not-started","8143065f1287e03edbec6f89965b360b15fc41ae7801fefb7714dcbe17bc1b63","checklist-flat","FALSE","FALSE","HDC Site QA","Busduct","W Run","W11"
"c17a7e5c-1ab9-4fa9-81fb-1e697101a7c4","","checklist-flat","not-started","8143065f1287e03edbec6f89965b360b15fc41ae7801fefb7714dcbe17bc1b63","checklist-flat","FALSE","FALSE","HDC Site QA","Busduct","W Run","W12"
"11fcebe5-f94d-4683-b55b-6df4c1fa6a10","","checklist-flat","not-started","8143065f1287e03edbec6f89965b360b15fc41ae7801fefb7714dcbe17bc1b63","checklist-flat","FALSE","FALSE","HDC Site QA","Busduct","W Run","W13"
"e51833b2-b6cb-4465-84fc-3ef1b29573ae","","checklist-flat","not-started","8143065f1287e03edbec6f89965b360b15fc41ae7801fefb7714dcbe17bc1b63","checklist-flat","FALSE","FALSE","HDC Site QA","Busduct","W Run","W14"
"a20053ac-9e65-434e-b135-aaba8cf14877","","checklist-flat","not-started","8143065f1287e03edbec6f89965b360b15fc41ae7801fefb7714dcbe17bc1b63","checklist-flat","FALSE","FALSE","HDC Site QA","Busduct","W Run","W15"
"e29fc8e2-1b35-4c62-95ed-a0d31e0ad4fb","","checklist-flat","not-started","8143065f1287e03edbec6f89965b360b15fc41ae7801fefb7714dcbe17bc1b63","checklist-flat","FALSE","FALSE","HDC Site QA","Busduct","W Run","W16"
"55148670-1ccd-473d-b46c-46d6fcb917ef","","checklist-flat","not-started","8143065f1287e03edbec6f89965b360b15fc41ae7801fefb7714dcbe17bc1b63","checklist-flat","FALSE","FALSE","HDC Site QA","Busduct","W Run","W17"
"11d9d254-32ec-4ca4-80dd-3f038303a1ba","","checklist-flat","not-started","8143065f1287e03edbec6f89965b360b15fc41ae7801fefb7714dcbe17bc1b63","checklist-flat","FALSE","FALSE","HDC Site QA","Busduct","W Run","W18"
"55cffd84-3653-46e6-9daa-78a4cbd52b6f","","checklist-flat","not-started","8143065f1287e03edbec6f89965b360b15fc41ae7801fefb7714dcbe17bc1b63","checklist-flat","FALSE","FALSE","HDC Site QA","Busduct","W Run","W19"
"65c73ede-cae9-4c93-81d8-16737da9ae46","","checklist-flat","not-started","8143065f1287e03edbec6f89965b360b15fc41ae7801fefb7714dcbe17bc1b63","checklist-flat","FALSE","FALSE","HDC Site QA","Busduct","W Run","W20"
"2a9d2c64-12a6-4c2c-96d7-4a587e499e1d","","checklist-flat","not-started","8143065f1287e03edbec6f89965b360b15fc41ae7801fefb7714dcbe17bc1b63","checklist-flat","FALSE","FALSE","HDC Site QA","Busduct","W Run","W21"
"b539d5b9-22d8-4cd4-98bf-e80cea3129f9","","checklist-flat","not-started","8143065f1287e03edbec6f89965b360b15fc41ae7801fefb7714dcbe17bc1b63","checklist-flat","FALSE","FALSE","HDC Site QA","Busduct","W Run","W22"
"2c96b9f2-2209-4d98-95a9-bc01a4770089","","checklist-flat","not-started","8143065f1287e03edbec6f89965b360b15fc41ae7801fefb7714dcbe17bc1b63","checklist-flat","FALSE","FALSE","HDC Site QA","Busduct","W Run","W23"
"8a298a33-e12f-4c84-995e-a6cf05bab6f0","","checklist-flat","not-started","8143065f1287e03edbec6f89965b360b15fc41ae7801fefb7714dcbe17bc1b63","checklist-flat","FALSE","FALSE","HDC Site QA","Busduct","W Run","W24"
"6e302839-66b6-4995-ac82-d9a1aaa92390","","checklist-flat","not-started","8143065f1287e03edbec6f89965b360b15fc41ae7801fefb7714dcbe17bc1b63","checklist-flat","FALSE","FALSE","HDC Site QA","Busduct","W Run","W25"
"eec9f434-4841-4cdf-b738-78097269f3f4","","checklist-flat","not-started","8143065f1287e03edbec6f89965b360b15fc41ae7801fefb7714dcbe17bc1b63","checklist-flat","FALSE","FALSE","HDC Site QA","Busduct","W Run","W26"
"674862e5-d9d1-40cc-be5e-e83f74f0f39c","","checklist-flat","not-started","8143065f1287e03edbec6f89965b360b15fc41ae7801fefb7714dcbe17bc1b63","checklist-flat","FALSE","FALSE","HDC Site QA","Busduct","W Run","W27"
"a9bf5182-8c6d-4857-8c5a-6c15afd759b9","","checklist-flat","not-started","8143065f1287e03edbec6f89965b360b15fc41ae7801fefb7714dcbe17bc1b63","checklist-flat","FALSE","FALSE","HDC Site QA","Busduct","W Run","W28"
"b1b4a05e-29f8-4c84-bf8e-12b1c00bfe21","","checklist-flat","not-started","8143065f1287e03edbec6f89965b360b15fc41ae7801fefb7714dcbe17bc1b63","checklist-flat","FALSE","FALSE","HDC Site QA","Busduct","W Run","W29"
"c747fd29-057a-4d7b-a931-a7e5f6163a28","","folder-normal","not-started","","step","TRUE","FALSE","HDC Site QA","Busduct","X Run"
"09b45dfd-fb57-465c-9ace-c9e1003ec2fc","","checklist-flat","not-started","8143065f1287e03edbec6f89965b360b15fc41ae7801fefb7714dcbe17bc1b63","checklist-flat","FALSE","FALSE","HDC Site QA","Busduct","X Run","X1"
"a10a4d2c-f4e8-445f-9183-af87f67e6545","","checklist-flat","not-started","8143065f1287e03edbec6f89965b360b15fc41ae7801fefb7714dcbe17bc1b63","checklist-flat","FALSE","FALSE","HDC Site QA","Busduct","X Run","X2"
"9c6112fa-f4be-48b7-8c7c-4b18efa9f4da","","checklist-flat","not-started","8143065f1287e03edbec6f89965b360b15fc41ae7801fefb7714dcbe17bc1b63","checklist-flat","FALSE","FALSE","HDC Site QA","Busduct","X Run","X3"
"2b80b7e4-d0d0-47cf-8d3a-71c7ee62f6ce","","checklist-flat","not-started","8143065f1287e03edbec6f89965b360b15fc41ae7801fefb7714dcbe17bc1b63","checklist-flat","FALSE","FALSE","HDC Site QA","Busduct","X Run","X4"
"7d689445-9de3-4ab3-a1b5-994e356e36e0","","checklist-flat","not-started","8143065f1287e03edbec6f89965b360b15fc41ae7801fefb7714dcbe17bc1b63","checklist-flat","FALSE","FALSE","HDC Site QA","Busduct","X Run","X5"
"a2ddf1b5-fea6-476e-b9d4-d3e101cc5625","","checklist-flat","not-started","8143065f1287e03edbec6f89965b360b15fc41ae7801fefb7714dcbe17bc1b63","checklist-flat","FALSE","FALSE","HDC Site QA","Busduct","X Run","X6"
"0c5da984-1651-4685-9029-4ae888110ba7","","checklist-flat","not-started","8143065f1287e03edbec6f89965b360b15fc41ae7801fefb7714dcbe17bc1b63","checklist-flat","FALSE","FALSE","HDC Site QA","Busduct","X Run","X7"
"a079b35e-ada8-4c79-b446-91bcf85c6f87","","checklist-flat","not-started","8143065f1287e03edbec6f89965b360b15fc41ae7801fefb7714dcbe17bc1b63","checklist-flat","FALSE","FALSE","HDC Site QA","Busduct","X Run","X8"
"3234047d-b165-44c8-9a82-bf0e9aa4ae72","","checklist-flat","not-started","8143065f1287e03edbec6f89965b360b15fc41ae7801fefb7714dcbe17bc1b63","checklist-flat","FALSE","FALSE","HDC Site QA","Busduct","X Run","X9"
"32f6ca43-62e1-42fb-b727-cdfa9901f87e","","checklist-flat","not-started","8143065f1287e03edbec6f89965b360b15fc41ae7801fefb7714dcbe17bc1b63","checklist-flat","FALSE","FALSE","HDC Site QA","Busduct","X Run","X10"
"e74a4154-2f7a-4771-88e2-025e48444a90","","checklist-flat","not-started","8143065f1287e03edbec6f89965b360b15fc41ae7801fefb7714dcbe17bc1b63","checklist-flat","FALSE","FALSE","HDC Site QA","Busduct","X Run","X11"
"3968a075-948e-4fb5-b9e2-bdb57a9f6f54","","checklist-flat","not-started","8143065f1287e03edbec6f89965b360b15fc41ae7801fefb7714dcbe17bc1b63","checklist-flat","FALSE","FALSE","HDC Site QA","Busduct","X Run","X12"
"b997b159-89c6-41ef-b729-d5f93f4bd6bd","","checklist-flat","not-started","8143065f1287e03edbec6f89965b360b15fc41ae7801fefb7714dcbe17bc1b63","checklist-flat","FALSE","FALSE","HDC Site QA","Busduct","X Run","X13"
"297ba685-689b-4afb-93bd-d9a2cc961258","","checklist-flat","not-started","8143065f1287e03edbec6f89965b360b15fc41ae7801fefb7714dcbe17bc1b63","checklist-flat","FALSE","FALSE","HDC Site QA","Busduct","X Run","X14"
"2a460e05-d879-4d42-afa7-7c9351e6615f","","checklist-flat","not-started","8143065f1287e03edbec6f89965b360b15fc41ae7801fefb7714dcbe17bc1b63","checklist-flat","FALSE","FALSE","HDC Site QA","Busduct","X Run","X15"
"6c6a3bfa-dd86-4d03-8129-820f3aeb4025","","checklist-flat","not-started","8143065f1287e03edbec6f89965b360b15fc41ae7801fefb7714dcbe17bc1b63","checklist-flat","FALSE","FALSE","HDC Site QA","Busduct","X Run","X16"
"c05438b8-79c8-420d-b8f9-a3de5ab31948","","checklist-flat","not-started","8143065f1287e03edbec6f89965b360b15fc41ae7801fefb7714dcbe17bc1b63","checklist-flat","FALSE","FALSE","HDC Site QA","Busduct","X Run","X17"
"70116174-a3ed-4bbf-8f97-143e697bf777","","checklist-flat","not-started","8143065f1287e03edbec6f89965b360b15fc41ae7801fefb7714dcbe17bc1b63","checklist-flat","FALSE","FALSE","HDC Site QA","Busduct","X Run","X18"
"6604525f-4d42-4d44-8a34-36f895671cb0","","checklist-flat","not-started","8143065f1287e03edbec6f89965b360b15fc41ae7801fefb7714dcbe17bc1b63","checklist-flat","FALSE","FALSE","HDC Site QA","Busduct","X Run","X19"
"03531726-29d8-46e1-87b1-dc26e91c7353","","checklist-flat","not-started","8143065f1287e03edbec6f89965b360b15fc41ae7801fefb7714dcbe17bc1b63","checklist-flat","FALSE","FALSE","HDC Site QA","Busduct","X Run","X20"
"027adaec-a10f-42be-98df-0c091c04d58e","","checklist-flat","not-started","8143065f1287e03edbec6f89965b360b15fc41ae7801fefb7714dcbe17bc1b63","checklist-flat","FALSE","FALSE","HDC Site QA","Busduct","X Run","X21"
"5c428a12-275c-4d86-be89-a9914a44fe48","","checklist-flat","not-started","8143065f1287e03edbec6f89965b360b15fc41ae7801fefb7714dcbe17bc1b63","checklist-flat","FALSE","FALSE","HDC Site QA","Busduct","X Run","X22"
"00d71d5d-7c7b-49d8-b806-b36ee548eb48","","checklist-flat","not-started","8143065f1287e03edbec6f89965b360b15fc41ae7801fefb7714dcbe17bc1b63","checklist-flat","FALSE","FALSE","HDC Site QA","Busduct","X Run","X23"
"33c18a55-2464-4340-932b-fac35436c681","","checklist-flat","not-started","8143065f1287e03edbec6f89965b360b15fc41ae7801fefb7714dcbe17bc1b63","checklist-flat","FALSE","FALSE","HDC Site QA","Busduct","X Run","X24"
"2a6db5f1-cc18-457b-8641-da533dd64699","","checklist-flat","not-started","8143065f1287e03edbec6f89965b360b15fc41ae7801fefb7714dcbe17bc1b63","checklist-flat","FALSE","FALSE","HDC Site QA","Busduct","X Run","X25"
"4002c834-e964-4ffa-9893-6ffd1ecd9c30","","checklist-flat","not-started","8143065f1287e03edbec6f89965b360b15fc41ae7801fefb7714dcbe17bc1b63","checklist-flat","FALSE","FALSE","HDC Site QA","Busduct","X Run","X26"
"1730b865-8bc4-4135-83d3-534cd7aafc43","","checklist-flat","not-started","8143065f1287e03edbec6f89965b360b15fc41ae7801fefb7714dcbe17bc1b63","checklist-flat","FALSE","FALSE","HDC Site QA","Busduct","X Run","X27"
"ef8af184-b633-4688-8c9e-fd4818fd5f9d","","checklist-flat","not-started","8143065f1287e03edbec6f89965b360b15fc41ae7801fefb7714dcbe17bc1b63","checklist-flat","FALSE","FALSE","HDC Site QA","Busduct","X Run","X28"
"b9817668-ea81-4dab-bf1c-7b4c57393bc9","","folder-normal","not-started","","step","TRUE","FALSE","HDC Site QA","Busduct","Y Run"
"67b5c530-5937-415b-b0cc-6f97771a139b","","checklist-flat","not-started","8143065f1287e03edbec6f89965b360b15fc41ae7801fefb7714dcbe17bc1b63","checklist-flat","FALSE","FALSE","HDC Site QA","Busduct","Y Run","Y1"
"835219b5-f826-41b3-bceb-7b0a7180d8c8","","checklist-flat","not-started","8143065f1287e03edbec6f89965b360b15fc41ae7801fefb7714dcbe17bc1b63","checklist-flat","FALSE","FALSE","HDC Site QA","Busduct","Y Run","Y2"
"4ca1d525-bcf1-4851-b703-ad5de347cf44","","checklist-flat","not-started","8143065f1287e03edbec6f89965b360b15fc41ae7801fefb7714dcbe17bc1b63","checklist-flat","FALSE","FALSE","HDC Site QA","Busduct","Y Run","Y3"
"343ce877-cd04-4561-8408-deff6e61b662","","checklist-flat","not-started","8143065f1287e03edbec6f89965b360b15fc41ae7801fefb7714dcbe17bc1b63","checklist-flat","FALSE","FALSE","HDC Site QA","Busduct","Y Run","Y4"
"97c39343-6593-42a9-86f4-559aa3ede031","","checklist-flat","not-started","8143065f1287e03edbec6f89965b360b15fc41ae7801fefb7714dcbe17bc1b63","checklist-flat","FALSE","FALSE","HDC Site QA","Busduct","Y Run","Y5"
"28009e86-260b-42e0-afdc-8aafc4182730","","checklist-flat","not-started","8143065f1287e03edbec6f89965b360b15fc41ae7801fefb7714dcbe17bc1b63","checklist-flat","FALSE","FALSE","HDC Site QA","Busduct","Y Run","Y6"
"e2f73291-57c3-41c4-bbb4-3c7d69ebdfbb","","checklist-flat","not-started","8143065f1287e03edbec6f89965b360b15fc41ae7801fefb7714dcbe17bc1b63","checklist-flat","FALSE","FALSE","HDC Site QA","Busduct","Y Run","Y7"
"cccd949f-a966-41b6-8164-55900a09f356","","checklist-flat","not-started","8143065f1287e03edbec6f89965b360b15fc41ae7801fefb7714dcbe17bc1b63","checklist-flat","FALSE","FALSE","HDC Site QA","Busduct","Y Run","Y8"
"b4c86f54-fe6a-4657-8850-1915e31e828f","","checklist-flat","not-started","8143065f1287e03edbec6f89965b360b15fc41ae7801fefb7714dcbe17bc1b63","checklist-flat","FALSE","FALSE","HDC Site QA","Busduct","Y Run","Y9"
"1b909fe4-0548-4c19-9543-97dfd6712a59","","checklist-flat","not-started","8143065f1287e03edbec6f89965b360b15fc41ae7801fefb7714dcbe17bc1b63","checklist-flat","FALSE","FALSE","HDC Site QA","Busduct","Y Run","Y10"
"f02468b6-17fc-4690-a2a5-ce037346b45f","","checklist-flat","not-started","8143065f1287e03edbec6f89965b360b15fc41ae7801fefb7714dcbe17bc1b63","checklist-flat","FALSE","FALSE","HDC Site QA","Busduct","Y Run","Y11"
"bb7e2ad0-3ddb-47b4-9456-a54000366fcd","","checklist-flat","not-started","8143065f1287e03edbec6f89965b360b15fc41ae7801fefb7714dcbe17bc1b63","checklist-flat","FALSE","FALSE","HDC Site QA","Busduct","Y Run","Y12"
"f6f1e79d-a896-4d8a-889a-63940952e829","","checklist-flat","not-started","8143065f1287e03edbec6f89965b360b15fc41ae7801fefb7714dcbe17bc1b63","checklist-flat","FALSE","FALSE","HDC Site QA","Busduct","Y Run","Y13"
"91527be5-5a18-4447-a42b-7c7031d79972","","checklist-flat","not-started","8143065f1287e03edbec6f89965b360b15fc41ae7801fefb7714dcbe17bc1b63","checklist-flat","FALSE","FALSE","HDC Site QA","Busduct","Y Run","Y14"
"5d47786d-45a4-452b-8ac3-3db5e19b1893","","checklist-flat","not-started","8143065f1287e03edbec6f89965b360b15fc41ae7801fefb7714dcbe17bc1b63","checklist-flat","FALSE","FALSE","HDC Site QA","Busduct","Y Run","Y15"
"bdf746dd-cf9c-4b06-b104-e0c684e365b4","","checklist-flat","not-started","8143065f1287e03edbec6f89965b360b15fc41ae7801fefb7714dcbe17bc1b63","checklist-flat","FALSE","FALSE","HDC Site QA","Busduct","Y Run","Y16"
"d06e4d57-1f1c-464d-9f07-ba27468a3b9b","","checklist-flat","not-started","8143065f1287e03edbec6f89965b360b15fc41ae7801fefb7714dcbe17bc1b63","checklist-flat","FALSE","FALSE","HDC Site QA","Busduct","Y Run","Y17"
"9d9a1f96-e32f-470b-9f1c-51b15b2c49ed","","checklist-flat","not-started","8143065f1287e03edbec6f89965b360b15fc41ae7801fefb7714dcbe17bc1b63","checklist-flat","FALSE","FALSE","HDC Site QA","Busduct","Y Run","Y18"
"bac8d711-2924-4f91-acfb-dbec2abf40cc","","checklist-flat","not-started","8143065f1287e03edbec6f89965b360b15fc41ae7801fefb7714dcbe17bc1b63","checklist-flat","FALSE","FALSE","HDC Site QA","Busduct","Y Run","Y19"
"ca4a3478-a0c1-4394-92a9-7a329efb50e6","","checklist-flat","not-started","8143065f1287e03edbec6f89965b360b15fc41ae7801fefb7714dcbe17bc1b63","checklist-flat","FALSE","FALSE","HDC Site QA","Busduct","Y Run","Y20"
"b29bb176-6b03-4fbb-9900-abb34cb7bc2d","","checklist-flat","not-started","8143065f1287e03edbec6f89965b360b15fc41ae7801fefb7714dcbe17bc1b63","checklist-flat","FALSE","FALSE","HDC Site QA","Busduct","Y Run","Y21"
"3100cb60-267d-44e2-9f8a-d1644b6ddd8b","","checklist-flat","not-started","8143065f1287e03edbec6f89965b360b15fc41ae7801fefb7714dcbe17bc1b63","checklist-flat","FALSE","FALSE","HDC Site QA","Busduct","Y Run","Y22"
"3fb66418-ac6a-4ed6-b80f-c1c2a956bc1d","","checklist-flat","not-started","8143065f1287e03edbec6f89965b360b15fc41ae7801fefb7714dcbe17bc1b63","checklist-flat","FALSE","FALSE","HDC Site QA","Busduct","Y Run","Y23"
"684cac5f-256b-4932-9bdc-d736cba191d0","","checklist-flat","not-started","8143065f1287e03edbec6f89965b360b15fc41ae7801fefb7714dcbe17bc1b63","checklist-flat","FALSE","FALSE","HDC Site QA","Busduct","Y Run","Y24"
"ab40cac5-dec5-4c67-b630-d2e2c569fbe3","","checklist-flat","not-started","8143065f1287e03edbec6f89965b360b15fc41ae7801fefb7714dcbe17bc1b63","checklist-flat","FALSE","FALSE","HDC Site QA","Busduct","Y Run","Y25"
"0d9360fc-2995-40e2-b697-44592c3a36c8","","checklist-flat","not-started","8143065f1287e03edbec6f89965b360b15fc41ae7801fefb7714dcbe17bc1b63","checklist-flat","FALSE","FALSE","HDC Site QA","Busduct","Y Run","Y26"
"eb5e5675-7280-4c29-ab04-f2229718a2f5","","checklist-flat","not-started","8143065f1287e03edbec6f89965b360b15fc41ae7801fefb7714dcbe17bc1b63","checklist-flat","FALSE","FALSE","HDC Site QA","Busduct","Y Run","Y27"
"f8fd1a6f-3877-40e5-838f-711ef995d22f","","checklist-flat","not-started","8143065f1287e03edbec6f89965b360b15fc41ae7801fefb7714dcbe17bc1b63","checklist-flat","FALSE","FALSE","HDC Site QA","Busduct","Y Run","Y28"
"28335d5e-cf07-4746-becd-ecaffaf49ea8","","folder-normal","not-started","","step","TRUE","FALSE","HDC Site QA","Busduct","Z Run"
"455c6711-69a0-410c-a2f4-ea21e75dd690","","checklist-flat","not-started","8143065f1287e03edbec6f89965b360b15fc41ae7801fefb7714dcbe17bc1b63","checklist-flat","FALSE","FALSE","HDC Site QA","Busduct","Z Run","Z1"
"d939cc0f-9412-4974-b744-160eb15b824a","","checklist-flat","not-started","8143065f1287e03edbec6f89965b360b15fc41ae7801fefb7714dcbe17bc1b63","checklist-flat","FALSE","FALSE","HDC Site QA","Busduct","Z Run","Z2"
"c6ac0cba-8e6c-426d-9267-ea7272438aaa","","checklist-flat","not-started","8143065f1287e03edbec6f89965b360b15fc41ae7801fefb7714dcbe17bc1b63","checklist-flat","FALSE","FALSE","HDC Site QA","Busduct","Z Run","Z3"
"0635bd0b-5ca6-45d7-a2d9-38d33a92a575","","checklist-flat","not-started","8143065f1287e03edbec6f89965b360b15fc41ae7801fefb7714dcbe17bc1b63","checklist-flat","FALSE","FALSE","HDC Site QA","Busduct","Z Run","Z4"
"114cf20e-65ee-447a-8359-7ac8aa2fa64b","","checklist-flat","not-started","8143065f1287e03edbec6f89965b360b15fc41ae7801fefb7714dcbe17bc1b63","checklist-flat","FALSE","FALSE","HDC Site QA","Busduct","Z Run","Z5"
"fb400f6e-b845-4c95-871a-f3c0ab8f0a93","","checklist-flat","not-started","8143065f1287e03edbec6f89965b360b15fc41ae7801fefb7714dcbe17bc1b63","checklist-flat","FALSE","FALSE","HDC Site QA","Busduct","Z Run","Z6"
"c7d4e0fb-1a80-4d27-aac4-b87a9a423801","","checklist-flat","not-started","8143065f1287e03edbec6f89965b360b15fc41ae7801fefb7714dcbe17bc1b63","checklist-flat","FALSE","FALSE","HDC Site QA","Busduct","Z Run","Z7"
"cdb50a45-390d-43cd-a285-41f11c5c5ce7","","checklist-flat","not-started","8143065f1287e03edbec6f89965b360b15fc41ae7801fefb7714dcbe17bc1b63","checklist-flat","FALSE","FALSE","HDC Site QA","Busduct","Z Run","Z8"
"ea56ffe5-5675-41a5-af13-d8cd2c2dd8f0","","checklist-flat","not-started","8143065f1287e03edbec6f89965b360b15fc41ae7801fefb7714dcbe17bc1b63","checklist-flat","FALSE","FALSE","HDC Site QA","Busduct","Z Run","Z9"
"8c1278ab-20d3-45c0-8694-f68c415b2936","","checklist-flat","not-started","8143065f1287e03edbec6f89965b360b15fc41ae7801fefb7714dcbe17bc1b63","checklist-flat","FALSE","FALSE","HDC Site QA","Busduct","Z Run","Z10"
"d284e459-1479-4c70-bf73-26e9dddf8bab","","checklist-flat","not-started","8143065f1287e03edbec6f89965b360b15fc41ae7801fefb7714dcbe17bc1b63","checklist-flat","FALSE","FALSE","HDC Site QA","Busduct","Z Run","Z11"
"74cfbc15-bc71-4f77-8c2a-238a69323ef9","","checklist-flat","not-started","8143065f1287e03edbec6f89965b360b15fc41ae7801fefb7714dcbe17bc1b63","checklist-flat","FALSE","FALSE","HDC Site QA","Busduct","Z Run","Z12"
"29ae63d4-0517-46b2-8a6c-db81bc75fe7d","","checklist-flat","not-started","8143065f1287e03edbec6f89965b360b15fc41ae7801fefb7714dcbe17bc1b63","checklist-flat","FALSE","FALSE","HDC Site QA","Busduct","Z Run","Z13"
"cfd375b2-4e68-465b-9979-1aedadc462eb","","checklist-flat","not-started","8143065f1287e03edbec6f89965b360b15fc41ae7801fefb7714dcbe17bc1b63","checklist-flat","FALSE","FALSE","HDC Site QA","Busduct","Z Run","Z14"
"519fb885-ce6b-43ac-9dac-529ecb20438e","","checklist-flat","not-started","8143065f1287e03edbec6f89965b360b15fc41ae7801fefb7714dcbe17bc1b63","checklist-flat","FALSE","FALSE","HDC Site QA","Busduct","Z Run","Z15"
"5e446b69-faa5-415b-b299-13d687679b0f","","checklist-flat","not-started","8143065f1287e03edbec6f89965b360b15fc41ae7801fefb7714dcbe17bc1b63","checklist-flat","FALSE","FALSE","HDC Site QA","Busduct","Z Run","Z16"
"ec2f3c1b-95b8-4733-930b-b8f99bcc0e81","","checklist-flat","not-started","8143065f1287e03edbec6f89965b360b15fc41ae7801fefb7714dcbe17bc1b63","checklist-flat","FALSE","FALSE","HDC Site QA","Busduct","Z Run","Z17"
"0cebddad-7d9e-4b2b-a27f-a96dc97f1148","","checklist-flat","not-started","8143065f1287e03edbec6f89965b360b15fc41ae7801fefb7714dcbe17bc1b63","checklist-flat","FALSE","FALSE","HDC Site QA","Busduct","Z Run","Z18"
"8f11e885-6d1b-4914-a2c0-0867edce40e1","","checklist-flat","not-started","8143065f1287e03edbec6f89965b360b15fc41ae7801fefb7714dcbe17bc1b63","checklist-flat","FALSE","FALSE","HDC Site QA","Busduct","Z Run","Z19"
"2f86d8b2-1023-45de-aa99-0ada6b75a2c8","","checklist-flat","not-started","8143065f1287e03edbec6f89965b360b15fc41ae7801fefb7714dcbe17bc1b63","checklist-flat","FALSE","FALSE","HDC Site QA","Busduct","Z Run","Z20"
"972f3a9f-17e3-4451-885a-a8b94a76cfe8","","checklist-flat","not-started","8143065f1287e03edbec6f89965b360b15fc41ae7801fefb7714dcbe17bc1b63","checklist-flat","FALSE","FALSE","HDC Site QA","Busduct","Z Run","Z21"
"2f4b16b3-4887-4007-8212-f1699d1cc15a","","checklist-flat","not-started","8143065f1287e03edbec6f89965b360b15fc41ae7801fefb7714dcbe17bc1b63","checklist-flat","FALSE","FALSE","HDC Site QA","Busduct","Z Run","Z22"
"031b9538-b65c-4f07-9f13-7ffb0324f401","","checklist-flat","not-started","8143065f1287e03edbec6f89965b360b15fc41ae7801fefb7714dcbe17bc1b63","checklist-flat","FALSE","FALSE","HDC Site QA","Busduct","Z Run","Z23"
"98b310b5-7522-4002-a577-9f324a078f50","","checklist-flat","not-started","8143065f1287e03edbec6f89965b360b15fc41ae7801fefb7714dcbe17bc1b63","checklist-flat","FALSE","FALSE","HDC Site QA","Busduct","Z Run","Z24"
"74c83a95-f214-4319-94a8-c237d1cb3f18","","checklist-flat","not-started","8143065f1287e03edbec6f89965b360b15fc41ae7801fefb7714dcbe17bc1b63","checklist-flat","FALSE","FALSE","HDC Site QA","Busduct","Z Run","Z25"
"27cc60f2-eb41-4dc4-a76e-34a692109b21","","checklist-flat","not-started","8143065f1287e03edbec6f89965b360b15fc41ae7801fefb7714dcbe17bc1b63","checklist-flat","FALSE","FALSE","HDC Site QA","Busduct","Z Run","Z26"
"1c6b5f61-718d-49d4-bf17-e52d45bbb834","","checklist-flat","not-started","8143065f1287e03edbec6f89965b360b15fc41ae7801fefb7714dcbe17bc1b63","checklist-flat","FALSE","FALSE","HDC Site QA","Busduct","Z Run","Z27"
"132c0087-9e99-4d44-b3c7-37288434b64a","","checklist-flat","not-started","8143065f1287e03edbec6f89965b360b15fc41ae7801fefb7714dcbe17bc1b63","checklist-flat","FALSE","FALSE","HDC Site QA","Busduct","Z Run","Z28"
"aee58560-a114-497c-931f-897120f761b9","","checklist-flat","not-started","8143065f1287e03edbec6f89965b360b15fc41ae7801fefb7714dcbe17bc1b63","checklist-flat","FALSE","FALSE","HDC Site QA","Busduct","Z Run","Z29"
"6bff2bd3-a2f5-496a-99c6-4be7c4c5de3c","","checklist-flat","not-started","8143065f1287e03edbec6f89965b360b15fc41ae7801fefb7714dcbe17bc1b63","checklist-flat","FALSE","FALSE","HDC Site QA","Busduct","Z Run","Z30"
"68f355fe-a84d-47f6-9aae-60ed4e3e4bb1","","checklist-flat","not-started","8143065f1287e03edbec6f89965b360b15fc41ae7801fefb7714dcbe17bc1b63","checklist-flat","FALSE","FALSE","HDC Site QA","Busduct","Z Run","Z31"
"1672d853-0a4c-421a-986f-0efc99e8408e","","checklist-flat","not-started","8143065f1287e03edbec6f89965b360b15fc41ae7801fefb7714dcbe17bc1b63","checklist-flat","FALSE","FALSE","HDC Site QA","Busduct","Z Run","Z32"
"72b2556d-85b4-49da-b70c-9662eb66c00b","","checklist-flat","not-started","8143065f1287e03edbec6f89965b360b15fc41ae7801fefb7714dcbe17bc1b63","checklist-flat","FALSE","FALSE","HDC Site QA","Busduct","Z Run","Z33"
"a5685171-ef96-43c4-93fe-6f8b9d9df325","","checklist-flat","not-started","8143065f1287e03edbec6f89965b360b15fc41ae7801fefb7714dcbe17bc1b63","checklist-flat","FALSE","FALSE","HDC Site QA","Busduct","Z Run","Z34"
"4d2d4e3f-dbd4-4f80-b9f6-49d15bcec5bd","","checklist-flat","not-started","8143065f1287e03edbec6f89965b360b15fc41ae7801fefb7714dcbe17bc1b63","checklist-flat","FALSE","FALSE","HDC Site QA","Busduct","Z Run","Z35"
"ddcb31f9-7c8b-48cf-8094-3660557581e5","","checklist-flat","not-started","8143065f1287e03edbec6f89965b360b15fc41ae7801fefb7714dcbe17bc1b63","checklist-flat","FALSE","FALSE","HDC Site QA","Busduct","Z Run","Z36"
"9e88def0-f649-4dce-a233-a5a63e45d115","","checklist-flat","not-started","8143065f1287e03edbec6f89965b360b15fc41ae7801fefb7714dcbe17bc1b63","checklist-flat","FALSE","FALSE","HDC Site QA","Busduct","Z Run","Z37"
"964a9613-5659-48e2-97ab-761eb92b0f1a","","checklist-flat","not-started","8143065f1287e03edbec6f89965b360b15fc41ae7801fefb7714dcbe17bc1b63","checklist-flat","FALSE","FALSE","HDC Site QA","Busduct","Z Run","Z38"
"c4d7cc4f-e7ae-45f5-9970-f0b12c0b2ac7","","checklist-flat","not-started","8143065f1287e03edbec6f89965b360b15fc41ae7801fefb7714dcbe17bc1b63","checklist-flat","FALSE","FALSE","HDC Site QA","Busduct","Z Run","Z39"
"2a7c9fdf-1ff4-4c01-9bfa-96a50cb2e49e","","checklist-flat","not-started","8143065f1287e03edbec6f89965b360b15fc41ae7801fefb7714dcbe17bc1b63","checklist-flat","FALSE","FALSE","HDC Site QA","Busduct","Z Run","Z40"
"86f2839d-96dc-4010-9461-ac2fd27ff06d","","checklist-flat","not-started","8143065f1287e03edbec6f89965b360b15fc41ae7801fefb7714dcbe17bc1b63","checklist-flat","FALSE","FALSE","HDC Site QA","Busduct","Z Run","Z41"
"8757b60b-83da-48c3-aad5-7e4c041f64c7","","folder-normal","work-in-progress","","step","TRUE","FALSE","HDC Site QA","Busduct","AA Run"
"061f43de-16cc-481b-ac53-2023353f79e3","","checklist-flat","not-started","8143065f1287e03edbec6f89965b360b15fc41ae7801fefb7714dcbe17bc1b63","checklist-flat","FALSE","FALSE","HDC Site QA","Busduct","AA Run","AA1"
"b2a0c213-9530-4788-b122-d8deea325001","","checklist-flat","not-started","8143065f1287e03edbec6f89965b360b15fc41ae7801fefb7714dcbe17bc1b63","checklist-flat","FALSE","FALSE","HDC Site QA","Busduct","AA Run","AA2"
"fd10a56a-779d-4beb-b296-f214d5830e25","","checklist-flat","not-started","8143065f1287e03edbec6f89965b360b15fc41ae7801fefb7714dcbe17bc1b63","checklist-flat","FALSE","FALSE","HDC Site QA","Busduct","AA Run","AA3"
"18b9916b-0ddd-454e-a1ff-18f82917ba02","","checklist-flat","not-started","8143065f1287e03edbec6f89965b360b15fc41ae7801fefb7714dcbe17bc1b63","checklist-flat","FALSE","FALSE","HDC Site QA","Busduct","AA Run","AA4"
"1c0df21f-0ddd-47c6-9d2a-ff41f56d21eb","","checklist-flat","not-started","8143065f1287e03edbec6f89965b360b15fc41ae7801fefb7714dcbe17bc1b63","checklist-flat","FALSE","FALSE","HDC Site QA","Busduct","AA Run","AA5"
"e7e7b1a6-4645-4262-af1f-f54d734fe4b5","","checklist-flat","not-started","8143065f1287e03edbec6f89965b360b15fc41ae7801fefb7714dcbe17bc1b63","checklist-flat","FALSE","FALSE","HDC Site QA","Busduct","AA Run","AA6"
"53b09b62-cb6a-4ac7-b31c-4f42a48f79c7","","checklist-flat","not-started","8143065f1287e03edbec6f89965b360b15fc41ae7801fefb7714dcbe17bc1b63","checklist-flat","FALSE","FALSE","HDC Site QA","Busduct","AA Run","AA7"
"eaac4f9b-f745-4651-8001-3b43246448d3","","checklist-flat","pass","665d5f0722c4374c940dfd2f419ab80400db34578243221ac8290e866b81f976","checklist-flat","FALSE","FALSE","HDC Site QA","Busduct","AA Run","AA8"
"dcd5c0bc-df7e-4d0a-9343-873be46a845b","","checklist-flat","pass","665d5f0722c4374c940dfd2f419ab80400db34578243221ac8290e866b81f976","checklist-flat","FALSE","FALSE","HDC Site QA","Busduct","AA Run","AA9"
"2a4aaac0-4e69-43aa-a5c5-12712add99b5","","checklist-flat","pass","665d5f0722c4374c940dfd2f419ab80400db34578243221ac8290e866b81f976","checklist-flat","FALSE","FALSE","HDC Site QA","Busduct","AA Run","AA10"
"5a1264e8-9358-4d8a-be29-75eceb37af61","","checklist-flat","work-in-progress","8143065f1287e03edbec6f89965b360b15fc41ae7801fefb7714dcbe17bc1b63","checklist-flat","FALSE","FALSE","HDC Site QA","Busduct","AA Run","AA11A"
"f11e7412-ecd8-4771-94f1-07fb15f3169b","","checklist-flat","not-started","8143065f1287e03edbec6f89965b360b15fc41ae7801fefb7714dcbe17bc1b63","checklist-flat","FALSE","FALSE","HDC Site QA","Busduct","AA Run","AA11B"
"cee7ed66-f767-48d7-9add-fe241b770643","","checklist-flat","pass","665d5f0722c4374c940dfd2f419ab80400db34578243221ac8290e866b81f976","checklist-flat","FALSE","FALSE","HDC Site QA","Busduct","AA Run","AA12"
"53ad5f3c-3474-4d47-bb46-e5c69ab1fe0d","","checklist-flat","pass","665d5f0722c4374c940dfd2f419ab80400db34578243221ac8290e866b81f976","checklist-flat","FALSE","FALSE","HDC Site QA","Busduct","AA Run","AA13"
"114b6348-f4d4-4d6d-a836-9b67bf588892","","checklist-flat","pass","665d5f0722c4374c940dfd2f419ab80400db34578243221ac8290e866b81f976","checklist-flat","FALSE","FALSE","HDC Site QA","Busduct","AA Run","AA14"
"983ba2e6-c82f-431c-b53e-6db77233c906","","checklist-flat","pass","665d5f0722c4374c940dfd2f419ab80400db34578243221ac8290e866b81f976","checklist-flat","FALSE","FALSE","HDC Site QA","Busduct","AA Run","AA15"
"02c8f46a-df9c-4c0a-9ca7-224ed56718c4","","checklist-flat","pass","665d5f0722c4374c940dfd2f419ab80400db34578243221ac8290e866b81f976","checklist-flat","FALSE","FALSE","HDC Site QA","Busduct","AA Run","AA16"
"226c0a62-1b41-4a8d-89fd-35737ec170ed","","checklist-flat","pass","665d5f0722c4374c940dfd2f419ab80400db34578243221ac8290e866b81f976","checklist-flat","FALSE","FALSE","HDC Site QA","Busduct","AA Run","AA17"
"0e984367-abab-417d-839c-9febf2ed6ca3","","checklist-flat","pass","665d5f0722c4374c940dfd2f419ab80400db34578243221ac8290e866b81f976","checklist-flat","FALSE","FALSE","HDC Site QA","Busduct","AA Run","AA18"
"2ac4dfb5-1914-425f-8c87-dae1a124a75c","","checklist-flat","pass","665d5f0722c4374c940dfd2f419ab80400db34578243221ac8290e866b81f976","checklist-flat","FALSE","FALSE","HDC Site QA","Busduct","AA Run","AA19"
"a34c312f-99ab-4e52-9866-3b55ed8315ab","","checklist-flat","pass","665d5f0722c4374c940dfd2f419ab80400db34578243221ac8290e866b81f976","checklist-flat","FALSE","FALSE","HDC Site QA","Busduct","AA Run","AA20"
"96166579-dbe5-4031-b633-ee4366faa761","","checklist-flat","not-started","8143065f1287e03edbec6f89965b360b15fc41ae7801fefb7714dcbe17bc1b63","checklist-flat","FALSE","FALSE","HDC Site QA","Busduct","AA Run","AA21"
"1dbd0aea-9fbf-4842-99b4-5142b9038523","","checklist-flat","not-started","8143065f1287e03edbec6f89965b360b15fc41ae7801fefb7714dcbe17bc1b63","checklist-flat","FALSE","FALSE","HDC Site QA","Busduct","AA Run","AA22"
"87514e9d-e038-4d95-bd8c-a5068ff2aed7","","checklist-flat","not-started","8143065f1287e03edbec6f89965b360b15fc41ae7801fefb7714dcbe17bc1b63","checklist-flat","FALSE","FALSE","HDC Site QA","Busduct","AA Run","AA23"
"284925d3-84a0-4315-a2e7-a9aa3ef3b06f","","checklist-flat","not-started","8143065f1287e03edbec6f89965b360b15fc41ae7801fefb7714dcbe17bc1b63","checklist-flat","FALSE","FALSE","HDC Site QA","Busduct","AA Run","AA24"
"2cf58db0-e924-47ae-9255-a5c0dd9469d2","","checklist-flat","pass","665d5f0722c4374c940dfd2f419ab80400db34578243221ac8290e866b81f976","checklist-flat","FALSE","FALSE","HDC Site QA","Busduct","AA Run","AA25"
"3bc061b9-1905-4483-97ed-b237c00f9b9f","","folder-normal","no-status-not-started","","step","TRUE","FALSE","HDC Site QA","Busduct","AA Run","Movement Joint"
"81470cf8-1000-414a-b61b-0264c066dee3","","checklist-flat","pass","665d5f0722c4374c940dfd2f419ab80400db34578243221ac8290e866b81f976","checklist-flat","FALSE","FALSE","HDC Site QA","Busduct","AA Run","AA26"
"380cf24f-3828-4e4d-9a02-628f058f563e","","checklist-flat","not-started","8143065f1287e03edbec6f89965b360b15fc41ae7801fefb7714dcbe17bc1b63","checklist-flat","FALSE","FALSE","HDC Site QA","Busduct","AA Run","AA27"
"944ed769-11f0-426c-9079-2c61bdb5adb8","","checklist-flat","not-started","8143065f1287e03edbec6f89965b360b15fc41ae7801fefb7714dcbe17bc1b63","checklist-flat","FALSE","FALSE","HDC Site QA","Busduct","AA Run","AA28"
"4950683e-2659-437c-90cd-4eee6ad0365c","","checklist-flat","not-started","8143065f1287e03edbec6f89965b360b15fc41ae7801fefb7714dcbe17bc1b63","checklist-flat","FALSE","FALSE","HDC Site QA","Busduct","AA Run","AA29"
"d2084217-83b1-419d-9907-7130e4f8aa1a","","checklist-flat","not-started","8143065f1287e03edbec6f89965b360b15fc41ae7801fefb7714dcbe17bc1b63","checklist-flat","FALSE","FALSE","HDC Site QA","Busduct","AA Run","AA30"
"b4224ee6-9e4c-42da-8625-97df10182ba5","","checklist-flat","not-started","8143065f1287e03edbec6f89965b360b15fc41ae7801fefb7714dcbe17bc1b63","checklist-flat","FALSE","FALSE","HDC Site QA","Busduct","AA Run","AA31"
"5a001113-4cae-46be-bedd-93d1d7befadd","","checklist-flat","not-started","8143065f1287e03edbec6f89965b360b15fc41ae7801fefb7714dcbe17bc1b63","checklist-flat","FALSE","FALSE","HDC Site QA","Busduct","AA Run","AA32"
"f9516ad9-a8ed-4089-9441-b44db7e43d63","","checklist-flat","not-started","8143065f1287e03edbec6f89965b360b15fc41ae7801fefb7714dcbe17bc1b63","checklist-flat","FALSE","FALSE","HDC Site QA","Busduct","AA Run","AA33"
"bca44e04-d747-404d-a423-c90dc359aeb7","","checklist-flat","not-started","8143065f1287e03edbec6f89965b360b15fc41ae7801fefb7714dcbe17bc1b63","checklist-flat","FALSE","FALSE","HDC Site QA","Busduct","AA Run","AA34"
"92ea1cbf-0c10-4c04-b99a-79b67e59c9aa","","checklist-flat","not-started","8143065f1287e03edbec6f89965b360b15fc41ae7801fefb7714dcbe17bc1b63","checklist-flat","FALSE","FALSE","HDC Site QA","Busduct","AA Run","AA35"
"18327583-af92-41c1-828f-d3ebe84d329e","","checklist-flat","not-started","8143065f1287e03edbec6f89965b360b15fc41ae7801fefb7714dcbe17bc1b63","checklist-flat","FALSE","FALSE","HDC Site QA","Busduct","AA Run","AA36"
"5b639067-3ec3-451c-a4d5-973e83c907de","","checklist-flat","not-started","8143065f1287e03edbec6f89965b360b15fc41ae7801fefb7714dcbe17bc1b63","checklist-flat","FALSE","FALSE","HDC Site QA","Busduct","AA Run","AA37"
"cd6a68d0-bdec-4c32-a365-9c734abe870e","","checklist-flat","not-started","8143065f1287e03edbec6f89965b360b15fc41ae7801fefb7714dcbe17bc1b63","checklist-flat","FALSE","FALSE","HDC Site QA","Busduct","AA Run","AA38"
"bc891e22-d1ef-4316-85cf-69b15a72e8bc","","checklist-flat","not-started","8143065f1287e03edbec6f89965b360b15fc41ae7801fefb7714dcbe17bc1b63","checklist-flat","FALSE","FALSE","HDC Site QA","Busduct","AA Run","AA39"
"89ad50c1-bf2d-4263-ab83-b81d87ccf6e3","","checklist-flat","not-started","8143065f1287e03edbec6f89965b360b15fc41ae7801fefb7714dcbe17bc1b63","checklist-flat","FALSE","FALSE","HDC Site QA","Busduct","AA Run","AA40"
"3037cb04-3217-4c87-9035-b3d3d1e8232e","","checklist-flat","not-started","8143065f1287e03edbec6f89965b360b15fc41ae7801fefb7714dcbe17bc1b63","checklist-flat","FALSE","FALSE","HDC Site QA","Busduct","AA Run","AA41"
"e3521cc8-ed64-4d35-b1fb-b35a07965349","","checklist-flat","not-started","8143065f1287e03edbec6f89965b360b15fc41ae7801fefb7714dcbe17bc1b63","checklist-flat","FALSE","FALSE","HDC Site QA","Busduct","AA Run","AA42"
"9b955d2c-33b9-4c14-880f-977a1b3e9206","","checklist-flat","not-started","8143065f1287e03edbec6f89965b360b15fc41ae7801fefb7714dcbe17bc1b63","checklist-flat","FALSE","FALSE","HDC Site QA","Busduct","AA Run","AA43"
"2f72133c-53ae-499b-aafb-857cb5c98132","","checklist-flat","not-started","8143065f1287e03edbec6f89965b360b15fc41ae7801fefb7714dcbe17bc1b63","checklist-flat","FALSE","FALSE","HDC Site QA","Busduct","AA Run","AA44"
"d31f25d3-866f-4d06-bbba-e402282a6b7f","","checklist-flat","not-started","8143065f1287e03edbec6f89965b360b15fc41ae7801fefb7714dcbe17bc1b63","checklist-flat","FALSE","FALSE","HDC Site QA","Busduct","AA Run","AA45"
"4d05abac-9be0-4285-8486-bd4d55167163","","checklist-flat","pass","665d5f0722c4374c940dfd2f419ab80400db34578243221ac8290e866b81f976","checklist-flat","FALSE","FALSE","HDC Site QA","Busduct","AA Run","AA46"
"c294e89a-be81-4edc-aa2e-d5d9001e0267","","checklist-flat","pass","665d5f0722c4374c940dfd2f419ab80400db34578243221ac8290e866b81f976","checklist-flat","FALSE","FALSE","HDC Site QA","Busduct","AA Run","AA47"
"c838d9e9-e8f9-4ba1-81ef-a41fa393a1df","","checklist-flat","pass","665d5f0722c4374c940dfd2f419ab80400db34578243221ac8290e866b81f976","checklist-flat","FALSE","FALSE","HDC Site QA","Busduct","AA Run","AA48"
"ddccfdff-5e24-4635-85f2-6df758da01ac","","checklist-flat","pass","665d5f0722c4374c940dfd2f419ab80400db34578243221ac8290e866b81f976","checklist-flat","FALSE","FALSE","HDC Site QA","Busduct","AA Run","AA49"
"156b52bc-6f8b-4a10-99d4-e8ae47c756b1","","checklist-flat","pass","665d5f0722c4374c940dfd2f419ab80400db34578243221ac8290e866b81f976","checklist-flat","FALSE","FALSE","HDC Site QA","Busduct","AA Run","AA50"
"38368468-a8ab-42ec-ac1b-c2d0f2637d01","","checklist-flat","pass","665d5f0722c4374c940dfd2f419ab80400db34578243221ac8290e866b81f976","checklist-flat","FALSE","FALSE","HDC Site QA","Busduct","AA Run","AA51"
"3a68f2f7-880c-4d67-bcf5-24a28b8b0a63","","checklist-flat","pass","665d5f0722c4374c940dfd2f419ab80400db34578243221ac8290e866b81f976","checklist-flat","FALSE","FALSE","HDC Site QA","Busduct","AA Run","AA52"
"a3b2b929-e2dc-4ac1-ac09-e8d4c9b9ff7e","","checklist-flat","pass","665d5f0722c4374c940dfd2f419ab80400db34578243221ac8290e866b81f976","checklist-flat","FALSE","FALSE","HDC Site QA","Busduct","AA Run","AA53"
"3feec8f6-47a2-4b62-afab-a574de43adc5","","checklist-flat","pass","665d5f0722c4374c940dfd2f419ab80400db34578243221ac8290e866b81f976","checklist-flat","FALSE","FALSE","HDC Site QA","Busduct","AA Run","AA54"
"5697e8b7-4d09-469f-aa6a-9ed7e32bd943","","checklist-flat","pass","665d5f0722c4374c940dfd2f419ab80400db34578243221ac8290e866b81f976","checklist-flat","FALSE","FALSE","HDC Site QA","Busduct","AA Run","AA55"
"7a8b18cd-71f6-4ffa-b5b1-d4536dc5a0a8","","checklist-flat","pass","665d5f0722c4374c940dfd2f419ab80400db34578243221ac8290e866b81f976","checklist-flat","FALSE","FALSE","HDC Site QA","Busduct","AA Run","AA56"
"d5a70d58-2357-4be9-9e3f-d11f5a3bef07","","checklist-flat","pass","665d5f0722c4374c940dfd2f419ab80400db34578243221ac8290e866b81f976","checklist-flat","FALSE","FALSE","HDC Site QA","Busduct","AA Run","AA57"
"71c3af51-05f5-4c58-96bb-0978c449e4e8","","checklist-flat","pass","665d5f0722c4374c940dfd2f419ab80400db34578243221ac8290e866b81f976","checklist-flat","FALSE","FALSE","HDC Site QA","Busduct","AA Run","AA58"
"bc5d4758-c908-4095-87aa-5c97d8cfc8ce","","checklist-flat","pass","665d5f0722c4374c940dfd2f419ab80400db34578243221ac8290e866b81f976","checklist-flat","FALSE","FALSE","HDC Site QA","Busduct","AA Run","AA59"
"7ba20bd9-07f8-4e0d-8783-8b194040c6f2","","checklist-flat","pass","665d5f0722c4374c940dfd2f419ab80400db34578243221ac8290e866b81f976","checklist-flat","FALSE","FALSE","HDC Site QA","Busduct","AA Run","AA60"
"d19da12e-2c83-4289-89a5-152d6e716f11","","checklist-flat","pass","665d5f0722c4374c940dfd2f419ab80400db34578243221ac8290e866b81f976","checklist-flat","FALSE","FALSE","HDC Site QA","Busduct","AA Run","AA61"
"b4ea31d4-015a-43ac-9c7d-535fd6dc30b7","","checklist-flat","pass","665d5f0722c4374c940dfd2f419ab80400db34578243221ac8290e866b81f976","checklist-flat","FALSE","FALSE","HDC Site QA","Busduct","AA Run","AA62"
"e1114cb4-9cd2-4e7e-95e7-ddfe9c23341a","","checklist-flat","pass","665d5f0722c4374c940dfd2f419ab80400db34578243221ac8290e866b81f976","checklist-flat","FALSE","FALSE","HDC Site QA","Busduct","AA Run","AA63"
"975a56b2-2284-4642-a0d3-51ddb4dfd460","","checklist-flat","not-started","8143065f1287e03edbec6f89965b360b15fc41ae7801fefb7714dcbe17bc1b63","checklist-flat","FALSE","FALSE","HDC Site QA","Busduct","AA Run","AA64"
"41f6c228-ae2a-4faa-94d1-b32073c8f5c5","","checklist-flat","not-started","8143065f1287e03edbec6f89965b360b15fc41ae7801fefb7714dcbe17bc1b63","checklist-flat","FALSE","FALSE","HDC Site QA","Busduct","AA Run","AA65"
"a984c911-232c-462a-8733-f21d208a6679","","checklist-flat","not-started","8143065f1287e03edbec6f89965b360b15fc41ae7801fefb7714dcbe17bc1b63","checklist-flat","FALSE","FALSE","HDC Site QA","Busduct","AA Run","AA66"
"d12663aa-44a7-41bd-92a0-ee77d36b88c4","","checklist-flat","not-started","8143065f1287e03edbec6f89965b360b15fc41ae7801fefb7714dcbe17bc1b63","checklist-flat","FALSE","FALSE","HDC Site QA","Busduct","AA Run","AA67"
"c59fb269-c8af-4600-a1c4-59ada06122cd","","checklist-flat","pass","665d5f0722c4374c940dfd2f419ab80400db34578243221ac8290e866b81f976","checklist-flat","FALSE","FALSE","HDC Site QA","Busduct","AA Run","AA68"
"00724c83-01ba-41e2-b032-ded85c005ffb","","folder-normal","no-status-not-started","","step","TRUE","FALSE","HDC Site QA","Busduct","AA Run","Movement Joint"
"fd4af3cb-319f-4267-8d7f-c53579172aee","","checklist-flat","pass","665d5f0722c4374c940dfd2f419ab80400db34578243221ac8290e866b81f976","checklist-flat","FALSE","FALSE","HDC Site QA","Busduct","AA Run","AA69"
"2f109ac6-8992-4cac-84a8-abf6710f86f0","","checklist-flat","not-started","8143065f1287e03edbec6f89965b360b15fc41ae7801fefb7714dcbe17bc1b63","checklist-flat","FALSE","FALSE","HDC Site QA","Busduct","AA Run","AA70"
"5a104a36-0fd6-4ec3-853f-77ca9395e0e7","","checklist-flat","not-started","8143065f1287e03edbec6f89965b360b15fc41ae7801fefb7714dcbe17bc1b63","checklist-flat","FALSE","FALSE","HDC Site QA","Busduct","AA Run","AA71"
"f1f5384e-ebe9-4b7a-b89a-20b2307040fb","","checklist-flat","not-started","8143065f1287e03edbec6f89965b360b15fc41ae7801fefb7714dcbe17bc1b63","checklist-flat","FALSE","FALSE","HDC Site QA","Busduct","AA Run","AA72"
"3a475ca1-a57e-4f5e-89da-4fe0c809776a","","checklist-flat","not-started","8143065f1287e03edbec6f89965b360b15fc41ae7801fefb7714dcbe17bc1b63","checklist-flat","FALSE","FALSE","HDC Site QA","Busduct","AA Run","AA73"
"83a2aa12-dee5-4979-899c-14ad97596bb2","","checklist-flat","not-started","8143065f1287e03edbec6f89965b360b15fc41ae7801fefb7714dcbe17bc1b63","checklist-flat","FALSE","FALSE","HDC Site QA","Busduct","AA Run","AA74"
"dae12b7f-9aa9-41f9-8ab3-4e488c75c4b1","","checklist-flat","not-started","8143065f1287e03edbec6f89965b360b15fc41ae7801fefb7714dcbe17bc1b63","checklist-flat","FALSE","FALSE","HDC Site QA","Busduct","AA Run","AA75"
"f7c76f4d-bb03-40c1-af33-60ab180e9c28","","checklist-flat","not-started","8143065f1287e03edbec6f89965b360b15fc41ae7801fefb7714dcbe17bc1b63","checklist-flat","FALSE","FALSE","HDC Site QA","Busduct","AA Run","AA76"
"a561081e-192d-42cf-a757-943852ea4204","","checklist-flat","not-started","8143065f1287e03edbec6f89965b360b15fc41ae7801fefb7714dcbe17bc1b63","checklist-flat","FALSE","FALSE","HDC Site QA","Busduct","AA Run","AA77"
"7491b4d5-f78e-4c1e-8827-8888270f493c","","checklist-flat","not-started","8143065f1287e03edbec6f89965b360b15fc41ae7801fefb7714dcbe17bc1b63","checklist-flat","FALSE","FALSE","HDC Site QA","Busduct","AA Run","AA78"
"96c0c64f-09b6-475e-ac0c-597c5500a731","","checklist-flat","not-started","8143065f1287e03edbec6f89965b360b15fc41ae7801fefb7714dcbe17bc1b63","checklist-flat","FALSE","FALSE","HDC Site QA","Busduct","AA Run","AA79"
"d8ee609f-583d-4978-b378-d538fe6465ff","","checklist-flat","not-started","8143065f1287e03edbec6f89965b360b15fc41ae7801fefb7714dcbe17bc1b63","checklist-flat","FALSE","FALSE","HDC Site QA","Busduct","AA Run","AA80"
"d838c360-b132-48bb-b818-d8ad17b4876b","","checklist-flat","not-started","8143065f1287e03edbec6f89965b360b15fc41ae7801fefb7714dcbe17bc1b63","checklist-flat","FALSE","FALSE","HDC Site QA","Busduct","AA Run","AA81"
"20887705-26f0-43e7-8e7a-e433d69c21fd","","checklist-flat","not-started","8143065f1287e03edbec6f89965b360b15fc41ae7801fefb7714dcbe17bc1b63","checklist-flat","FALSE","FALSE","HDC Site QA","Busduct","AA Run","AA82"
"cad0faa3-41cd-48e6-a9e9-7f17f019aa6c","","checklist-flat","not-started","8143065f1287e03edbec6f89965b360b15fc41ae7801fefb7714dcbe17bc1b63","checklist-flat","FALSE","FALSE","HDC Site QA","Busduct","AA Run","AA83"
"70dff3ea-736f-4a16-8a81-9c0288081fb3","","checklist-flat","not-started","8143065f1287e03edbec6f89965b360b15fc41ae7801fefb7714dcbe17bc1b63","checklist-flat","FALSE","FALSE","HDC Site QA","Busduct","AA Run","AA84"
"5feac358-cf03-41f8-8f86-aa6ccc9889de","","checklist-flat","not-started","8143065f1287e03edbec6f89965b360b15fc41ae7801fefb7714dcbe17bc1b63","checklist-flat","FALSE","FALSE","HDC Site QA","Busduct","AA Run","AA85"
"bbcb87b2-5905-46fb-bfca-66b0a0e67aa2","","checklist-flat","not-started","8143065f1287e03edbec6f89965b360b15fc41ae7801fefb7714dcbe17bc1b63","checklist-flat","FALSE","FALSE","HDC Site QA","Busduct","AA Run","AA86"
"ed2ba904-7e82-4fc2-9db3-1412bf9acda1","","checklist-flat","not-started","8143065f1287e03edbec6f89965b360b15fc41ae7801fefb7714dcbe17bc1b63","checklist-flat","FALSE","FALSE","HDC Site QA","Busduct","AA Run","AA87"
"c03755f4-5126-4d8f-b079-a00b0d075634","","checklist-flat","not-started","8143065f1287e03edbec6f89965b360b15fc41ae7801fefb7714dcbe17bc1b63","checklist-flat","FALSE","FALSE","HDC Site QA","Busduct","AA Run","AA88"
"b8a28d55-1a4e-4c93-95a2-922b2fb24691","","checklist-flat","not-started","8143065f1287e03edbec6f89965b360b15fc41ae7801fefb7714dcbe17bc1b63","checklist-flat","FALSE","FALSE","HDC Site QA","Busduct","AA Run","AA89"
"28aeecdc-b479-4271-9ccf-0c922323fa9b","","checklist-flat","work-in-progress","8143065f1287e03edbec6f89965b360b15fc41ae7801fefb7714dcbe17bc1b63","checklist-flat","FALSE","FALSE","HDC Site QA","Busduct","AA Run","AA90"
"61f9fae7-8b24-482b-a0d4-425a35cf323a","","checklist-flat","pass","665d5f0722c4374c940dfd2f419ab80400db34578243221ac8290e866b81f976","checklist-flat","FALSE","FALSE","HDC Site QA","Busduct","AA Run","AA91"
"97b01585-8c79-4a2b-9385-01786302b230","","checklist-flat","pass","665d5f0722c4374c940dfd2f419ab80400db34578243221ac8290e866b81f976","checklist-flat","FALSE","FALSE","HDC Site QA","Busduct","AA Run","AA92"
"778dfc50-56c1-4073-9fbb-67c6f33de9ff","","checklist-flat","pass","665d5f0722c4374c940dfd2f419ab80400db34578243221ac8290e866b81f976","checklist-flat","FALSE","FALSE","HDC Site QA","Busduct","AA Run","AA93"
"0541d1f1-a4e0-4939-81b0-5b8fcc5a5357","","checklist-flat","pass","665d5f0722c4374c940dfd2f419ab80400db34578243221ac8290e866b81f976","checklist-flat","FALSE","FALSE","HDC Site QA","Busduct","AA Run","AA94"
"1f96b180-108c-4d78-8ffa-7319e16fe616","","checklist-flat","pass","665d5f0722c4374c940dfd2f419ab80400db34578243221ac8290e866b81f976","checklist-flat","FALSE","FALSE","HDC Site QA","Busduct","AA Run","AA95"
"74bd2266-1417-4282-8b48-a69cdd5ff653","","checklist-flat","pass","665d5f0722c4374c940dfd2f419ab80400db34578243221ac8290e866b81f976","checklist-flat","FALSE","FALSE","HDC Site QA","Busduct","AA Run","AA96"
"dc1f3bc4-2bdf-4f2b-9598-6e25b4efef95","","checklist-flat","pass","665d5f0722c4374c940dfd2f419ab80400db34578243221ac8290e866b81f976","checklist-flat","FALSE","FALSE","HDC Site QA","Busduct","AA Run","AA97"
"c8ab79e4-179e-47b9-9c2c-27ce24c4ff74","","checklist-flat","pass","665d5f0722c4374c940dfd2f419ab80400db34578243221ac8290e866b81f976","checklist-flat","FALSE","FALSE","HDC Site QA","Busduct","AA Run","AA98"
"ebda3053-5f11-4ead-8d32-cbcacb8825b3","","checklist-flat","not-started","8143065f1287e03edbec6f89965b360b15fc41ae7801fefb7714dcbe17bc1b63","checklist-flat","FALSE","FALSE","HDC Site QA","Busduct","AA Run","AA99"
"537c15d3-b065-45e5-b1b9-2d4a8c64532b","","checklist-flat","not-started","8143065f1287e03edbec6f89965b360b15fc41ae7801fefb7714dcbe17bc1b63","checklist-flat","FALSE","FALSE","HDC Site QA","Busduct","AA Run","AA100"
"6a7a361a-f3ed-4e79-955a-ed792c2293fd","","checklist-flat","pass","665d5f0722c4374c940dfd2f419ab80400db34578243221ac8290e866b81f976","checklist-flat","FALSE","FALSE","HDC Site QA","Busduct","AA Run","AA101"
"7cfcd636-23b0-441f-be0a-69c7155742ef","","checklist-flat","not-started","8143065f1287e03edbec6f89965b360b15fc41ae7801fefb7714dcbe17bc1b63","checklist-flat","FALSE","FALSE","HDC Site QA","Busduct","AA Run","AA102"
"293d3292-74b9-4607-9d3e-005c970ac87b","","checklist-flat","not-started","8143065f1287e03edbec6f89965b360b15fc41ae7801fefb7714dcbe17bc1b63","checklist-flat","FALSE","FALSE","HDC Site QA","Busduct","AA Run","AA103"
"82008e38-2eda-4f24-96e2-7b3e55df9276","","checklist-flat","pass","665d5f0722c4374c940dfd2f419ab80400db34578243221ac8290e866b81f976","checklist-flat","FALSE","FALSE","HDC Site QA","Busduct","AA Run","AA104"
"1fbdd6cf-7de8-4ddf-89f8-9e3ee195cb73","","checklist-flat","pass","665d5f0722c4374c940dfd2f419ab80400db34578243221ac8290e866b81f976","checklist-flat","FALSE","FALSE","HDC Site QA","Busduct","AA Run","AA105"
"67b3d67d-f3b2-4b5b-a14f-96c906dc3960","","checklist-flat","not-started","8143065f1287e03edbec6f89965b360b15fc41ae7801fefb7714dcbe17bc1b63","checklist-flat","FALSE","FALSE","HDC Site QA","Busduct","AA Run","AA106"
"daf92e3f-e10f-49d0-a211-e7e171c486a7","","checklist-flat","not-started","8143065f1287e03edbec6f89965b360b15fc41ae7801fefb7714dcbe17bc1b63","checklist-flat","FALSE","FALSE","HDC Site QA","Busduct","AA Run","AA107"
"bea41be3-ee5d-43b0-9e11-fbdc5991daa2","","folder-normal","work-in-progress","","step","TRUE","FALSE","HDC Site QA","Busduct","AB Run"
"87af05ec-7e6c-4ab3-b510-fc69d34ce589","","checklist-flat","not-started","8143065f1287e03edbec6f89965b360b15fc41ae7801fefb7714dcbe17bc1b63","checklist-flat","FALSE","FALSE","HDC Site QA","Busduct","AB Run","AB1"
"78505e4b-6cd2-4b0a-b5f1-6641ff7dd900","","checklist-flat","not-started","8143065f1287e03edbec6f89965b360b15fc41ae7801fefb7714dcbe17bc1b63","checklist-flat","FALSE","FALSE","HDC Site QA","Busduct","AB Run","AB2"
"a6079dae-c020-43c6-bf40-1964a3562d16","","checklist-flat","not-started","8143065f1287e03edbec6f89965b360b15fc41ae7801fefb7714dcbe17bc1b63","checklist-flat","FALSE","FALSE","HDC Site QA","Busduct","AB Run","AB3"
"43032da4-48a8-471f-a7f9-fb07d27c9ae9","","checklist-flat","not-started","8143065f1287e03edbec6f89965b360b15fc41ae7801fefb7714dcbe17bc1b63","checklist-flat","FALSE","FALSE","HDC Site QA","Busduct","AB Run","AB4"
"a5fbc0bf-dfd5-405a-acdc-873d8e594b36","","checklist-flat","not-started","8143065f1287e03edbec6f89965b360b15fc41ae7801fefb7714dcbe17bc1b63","checklist-flat","FALSE","FALSE","HDC Site QA","Busduct","AB Run","AB5"
"282574f6-ed1a-4b9a-a02c-5cad20130dd9","","checklist-flat","not-started","8143065f1287e03edbec6f89965b360b15fc41ae7801fefb7714dcbe17bc1b63","checklist-flat","FALSE","FALSE","HDC Site QA","Busduct","AB Run","AB6"
"e8aa8597-6aea-43fa-b49e-a6e120bce70d","","checklist-flat","not-started","8143065f1287e03edbec6f89965b360b15fc41ae7801fefb7714dcbe17bc1b63","checklist-flat","FALSE","FALSE","HDC Site QA","Busduct","AB Run","AB7"
"4312985e-8a5e-4558-9f54-94e675ee4ee5","","checklist-flat","not-started","8143065f1287e03edbec6f89965b360b15fc41ae7801fefb7714dcbe17bc1b63","checklist-flat","FALSE","FALSE","HDC Site QA","Busduct","AB Run","AB8"
"123bd9ae-4681-4190-9514-722c02393590","","checklist-flat","not-started","8143065f1287e03edbec6f89965b360b15fc41ae7801fefb7714dcbe17bc1b63","checklist-flat","FALSE","FALSE","HDC Site QA","Busduct","AB Run","AB9"
"b603ab5f-ae1d-4f28-9e9b-74565ce8876f","","checklist-flat","not-started","8143065f1287e03edbec6f89965b360b15fc41ae7801fefb7714dcbe17bc1b63","checklist-flat","FALSE","FALSE","HDC Site QA","Busduct","AB Run","AB10"
"a0948940-16d0-4e72-b56e-cf0b7e504d0a","","checklist-flat","not-started","8143065f1287e03edbec6f89965b360b15fc41ae7801fefb7714dcbe17bc1b63","checklist-flat","FALSE","FALSE","HDC Site QA","Busduct","AB Run","AB11"
"8648f8fb-4075-486c-913b-fc85d9f13964","","checklist-flat","not-started","8143065f1287e03edbec6f89965b360b15fc41ae7801fefb7714dcbe17bc1b63","checklist-flat","FALSE","FALSE","HDC Site QA","Busduct","AB Run","AB12"
"ddafd551-a08c-4554-a41a-6fa0f79175f1","","checklist-flat","not-started","8143065f1287e03edbec6f89965b360b15fc41ae7801fefb7714dcbe17bc1b63","checklist-flat","FALSE","FALSE","HDC Site QA","Busduct","AB Run","AB13"
"37eb1d98-c3e3-4bf2-b490-1fb60f8918ff","","checklist-flat","not-started","8143065f1287e03edbec6f89965b360b15fc41ae7801fefb7714dcbe17bc1b63","checklist-flat","FALSE","FALSE","HDC Site QA","Busduct","AB Run","AB14"
"6a956472-7f63-4604-bd53-fdf462231514","","checklist-flat","not-started","8143065f1287e03edbec6f89965b360b15fc41ae7801fefb7714dcbe17bc1b63","checklist-flat","FALSE","FALSE","HDC Site QA","Busduct","AB Run","AB15"
"f0fb88c7-2ed0-4068-8af6-fbcb58c19df8","","checklist-flat","not-started","8143065f1287e03edbec6f89965b360b15fc41ae7801fefb7714dcbe17bc1b63","checklist-flat","FALSE","FALSE","HDC Site QA","Busduct","AB Run","AB16"
"57841b44-5acc-47f0-80ae-eb359f71edaf","","checklist-flat","not-started","8143065f1287e03edbec6f89965b360b15fc41ae7801fefb7714dcbe17bc1b63","checklist-flat","FALSE","FALSE","HDC Site QA","Busduct","AB Run","AB17"
"a7ddeb0f-7c3c-418b-a427-4a58bdf4dbd8","","checklist-flat","not-started","8143065f1287e03edbec6f89965b360b15fc41ae7801fefb7714dcbe17bc1b63","checklist-flat","FALSE","FALSE","HDC Site QA","Busduct","AB Run","AB18"
"c9976f61-6875-4292-a795-02f6f91401f6","","checklist-flat","not-started","8143065f1287e03edbec6f89965b360b15fc41ae7801fefb7714dcbe17bc1b63","checklist-flat","FALSE","FALSE","HDC Site QA","Busduct","AB Run","AB19"
"e670f9e1-c6e7-46a4-8a6b-a36a3b3a7f1d","","checklist-flat","not-started","8143065f1287e03edbec6f89965b360b15fc41ae7801fefb7714dcbe17bc1b63","checklist-flat","FALSE","FALSE","HDC Site QA","Busduct","AB Run","AB20"
"b4c67795-ceb8-4cb6-a47f-a92808ad3930","","checklist-flat","not-started","8143065f1287e03edbec6f89965b360b15fc41ae7801fefb7714dcbe17bc1b63","checklist-flat","FALSE","FALSE","HDC Site QA","Busduct","AB Run","AB21"
"16add79e-70ed-431c-bbe1-26135d656a02","","checklist-flat","pass","665d5f0722c4374c940dfd2f419ab80400db34578243221ac8290e866b81f976","checklist-flat","FALSE","FALSE","HDC Site QA","Busduct","AB Run","AB22"
"e451370a-eb47-4277-ae5a-186c37e62569","","checklist-flat","work-in-progress","8143065f1287e03edbec6f89965b360b15fc41ae7801fefb7714dcbe17bc1b63","checklist-flat","FALSE","FALSE","HDC Site QA","Busduct","AB Run","AB23"
"91ceca75-2e38-4388-b677-2a10f2d071dd","","checklist-flat","pass","665d5f0722c4374c940dfd2f419ab80400db34578243221ac8290e866b81f976","checklist-flat","FALSE","FALSE","HDC Site QA","Busduct","AB Run","AB24"
"1eefca6e-2c33-40d7-8c3c-de0242546c9b","","checklist-flat","not-started","8143065f1287e03edbec6f89965b360b15fc41ae7801fefb7714dcbe17bc1b63","checklist-flat","FALSE","FALSE","HDC Site QA","Busduct","AB Run","AB25"
"0e192002-f7e2-4d00-8469-3746068b5867","","checklist-flat","not-started","8143065f1287e03edbec6f89965b360b15fc41ae7801fefb7714dcbe17bc1b63","checklist-flat","FALSE","FALSE","HDC Site QA","Busduct","AB Run","AB26"
"42b62489-c17a-429b-bdc7-77793968a271","","checklist-flat","pass","665d5f0722c4374c940dfd2f419ab80400db34578243221ac8290e866b81f976","checklist-flat","FALSE","FALSE","HDC Site QA","Busduct","AB Run","AB27"
"6338cd3a-eeb7-45c4-a46c-ea6725187e8d","","checklist-flat","not-started","8143065f1287e03edbec6f89965b360b15fc41ae7801fefb7714dcbe17bc1b63","checklist-flat","FALSE","FALSE","HDC Site QA","Busduct","AB Run","AB28"
"fbe1b16d-d09e-4737-b474-09e8ef39914c","","checklist-flat","not-started","8143065f1287e03edbec6f89965b360b15fc41ae7801fefb7714dcbe17bc1b63","checklist-flat","FALSE","FALSE","HDC Site QA","Busduct","AB Run","AB29"
"1d9565a2-0d43-4f20-815e-b4eb8c9d43e4","","checklist-flat","not-started","8143065f1287e03edbec6f89965b360b15fc41ae7801fefb7714dcbe17bc1b63","checklist-flat","FALSE","FALSE","HDC Site QA","Busduct","AB Run","AB30"
"5dbcca04-4290-4085-beb1-f4f9efb42434","","checklist-flat","not-started","8143065f1287e03edbec6f89965b360b15fc41ae7801fefb7714dcbe17bc1b63","checklist-flat","FALSE","FALSE","HDC Site QA","Busduct","AB Run","AB31"
"fec94eae-1817-41a4-8ad1-7f25dc03dc38","","checklist-flat","not-started","8143065f1287e03edbec6f89965b360b15fc41ae7801fefb7714dcbe17bc1b63","checklist-flat","FALSE","FALSE","HDC Site QA","Busduct","AB Run","AB32"
"316de016-216e-40e1-a04c-20ee7c22baf4","","checklist-flat","not-started","8143065f1287e03edbec6f89965b360b15fc41ae7801fefb7714dcbe17bc1b63","checklist-flat","FALSE","FALSE","HDC Site QA","Busduct","AB Run","AB33"
"6b39eb70-c395-4624-ad07-c21b3c41bc3a","","checklist-flat","not-started","8143065f1287e03edbec6f89965b360b15fc41ae7801fefb7714dcbe17bc1b63","checklist-flat","FALSE","FALSE","HDC Site QA","Busduct","AB Run","AB34"
"78698dee-e34b-43ea-93a2-7745b6df270b","","folder-normal","no-status-not-started","","step","TRUE","FALSE","HDC Site QA","Busduct","AB Run","Movement Joint"
"a23ee53b-115d-490f-917d-ef28507d3add","","checklist-flat","not-started","8143065f1287e03edbec6f89965b360b15fc41ae7801fefb7714dcbe17bc1b63","checklist-flat","FALSE","FALSE","HDC Site QA","Busduct","AB Run","AB35"
"7f854802-c023-46c4-ba12-e552b30e868b","","checklist-flat","not-started","8143065f1287e03edbec6f89965b360b15fc41ae7801fefb7714dcbe17bc1b63","checklist-flat","FALSE","FALSE","HDC Site QA","Busduct","AB Run","AB36"
"b02d72a8-2b60-4901-a0ae-a455cc4946d4","","checklist-flat","not-started","8143065f1287e03edbec6f89965b360b15fc41ae7801fefb7714dcbe17bc1b63","checklist-flat","FALSE","FALSE","HDC Site QA","Busduct","AB Run","AB37"
"182a3a5e-4b56-4ff8-abc0-f1b88971e212","","checklist-flat","not-started","8143065f1287e03edbec6f89965b360b15fc41ae7801fefb7714dcbe17bc1b63","checklist-flat","FALSE","FALSE","HDC Site QA","Busduct","AB Run","AB38"
"e01f37f0-33be-4187-9d42-b0f06d2f4e01","","checklist-flat","not-started","8143065f1287e03edbec6f89965b360b15fc41ae7801fefb7714dcbe17bc1b63","checklist-flat","FALSE","FALSE","HDC Site QA","Busduct","AB Run","AB39"
"d834c3e4-78b0-4be7-aa33-106e7a1d1ab2","","checklist-flat","not-started","8143065f1287e03edbec6f89965b360b15fc41ae7801fefb7714dcbe17bc1b63","checklist-flat","FALSE","FALSE","HDC Site QA","Busduct","AB Run","AB40"
"4bf56afe-29b1-4bf4-9c79-71d659823de3","","checklist-flat","not-started","8143065f1287e03edbec6f89965b360b15fc41ae7801fefb7714dcbe17bc1b63","checklist-flat","FALSE","FALSE","HDC Site QA","Busduct","AB Run","AB41"
"3b984ade-818f-4997-9349-15cdfc08f811","","checklist-flat","not-started","8143065f1287e03edbec6f89965b360b15fc41ae7801fefb7714dcbe17bc1b63","checklist-flat","FALSE","FALSE","HDC Site QA","Busduct","AB Run","AB42"
"20225af2-d453-45a5-87d2-5b3b99663a63","","checklist-flat","not-started","8143065f1287e03edbec6f89965b360b15fc41ae7801fefb7714dcbe17bc1b63","checklist-flat","FALSE","FALSE","HDC Site QA","Busduct","AB Run","AB43"
"26de6e7e-ede1-4c49-b047-7787c15a393f","","checklist-flat","not-started","8143065f1287e03edbec6f89965b360b15fc41ae7801fefb7714dcbe17bc1b63","checklist-flat","FALSE","FALSE","HDC Site QA","Busduct","AB Run","AB44"
"dcacbaf5-81ee-486c-9741-09a69db6635e","","checklist-flat","not-started","8143065f1287e03edbec6f89965b360b15fc41ae7801fefb7714dcbe17bc1b63","checklist-flat","FALSE","FALSE","HDC Site QA","Busduct","AB Run","AB45"
"deb970d4-5ccc-4b3e-8df0-49121247cc8f","","checklist-flat","not-started","8143065f1287e03edbec6f89965b360b15fc41ae7801fefb7714dcbe17bc1b63","checklist-flat","FALSE","FALSE","HDC Site QA","Busduct","AB Run","AB46"
"5abe159b-9065-4453-9045-37ccb511aa8d","","checklist-flat","not-started","8143065f1287e03edbec6f89965b360b15fc41ae7801fefb7714dcbe17bc1b63","checklist-flat","FALSE","FALSE","HDC Site QA","Busduct","AB Run","AB47"
"b9fb7158-1598-4e7f-acb2-34f05692ace3","","checklist-flat","not-started","8143065f1287e03edbec6f89965b360b15fc41ae7801fefb7714dcbe17bc1b63","checklist-flat","FALSE","FALSE","HDC Site QA","Busduct","AB Run","AB48"
"321088c8-a6d9-475e-9a27-a7a3db8a3a03","","checklist-flat","not-started","8143065f1287e03edbec6f89965b360b15fc41ae7801fefb7714dcbe17bc1b63","checklist-flat","FALSE","FALSE","HDC Site QA","Busduct","AB Run","AB49"
"f04b3372-87b0-4242-aac9-b9b2d95c9208","","checklist-flat","not-started","8143065f1287e03edbec6f89965b360b15fc41ae7801fefb7714dcbe17bc1b63","checklist-flat","FALSE","FALSE","HDC Site QA","Busduct","AB Run","AB50"
"c1fee90f-bbf8-4ed9-9843-eeeb14638a8e","","checklist-flat","not-started","8143065f1287e03edbec6f89965b360b15fc41ae7801fefb7714dcbe17bc1b63","checklist-flat","FALSE","FALSE","HDC Site QA","Busduct","AB Run","AB51"
"f1cfd498-df7c-420c-a075-afa2b7d7508e","","checklist-flat","not-started","8143065f1287e03edbec6f89965b360b15fc41ae7801fefb7714dcbe17bc1b63","checklist-flat","FALSE","FALSE","HDC Site QA","Busduct","AB Run","AB52"
"2b549dc2-4c23-4f82-b760-c9d7f0c3da09","","checklist-flat","not-started","8143065f1287e03edbec6f89965b360b15fc41ae7801fefb7714dcbe17bc1b63","checklist-flat","FALSE","FALSE","HDC Site QA","Busduct","AB Run","AB53"
"ce3833c6-ed36-46f9-a962-d43a675cefe5","","checklist-flat","not-started","8143065f1287e03edbec6f89965b360b15fc41ae7801fefb7714dcbe17bc1b63","checklist-flat","FALSE","FALSE","HDC Site QA","Busduct","AB Run","AB54"
"a1f741cd-03b3-40a4-acc8-3ff8c93e6109","","checklist-flat","not-started","8143065f1287e03edbec6f89965b360b15fc41ae7801fefb7714dcbe17bc1b63","checklist-flat","FALSE","FALSE","HDC Site QA","Busduct","AB Run","AB55"
"3d621512-e177-4893-be62-88b071500411","","checklist-flat","pass","665d5f0722c4374c940dfd2f419ab80400db34578243221ac8290e866b81f976","checklist-flat","FALSE","FALSE","HDC Site QA","Busduct","AB Run","AB56"
"7c531247-4800-4db7-8c6a-cd26640579ba","","checklist-flat","pass","665d5f0722c4374c940dfd2f419ab80400db34578243221ac8290e866b81f976","checklist-flat","FALSE","FALSE","HDC Site QA","Busduct","AB Run","AB57"
"864ab8c4-82e8-401b-9624-cceaf0cfb6dc","","checklist-flat","pass","665d5f0722c4374c940dfd2f419ab80400db34578243221ac8290e866b81f976","checklist-flat","FALSE","FALSE","HDC Site QA","Busduct","AB Run","AB58"
"5f9a17ed-0b31-4be1-9327-ee1887e378a8","","checklist-flat","pass","665d5f0722c4374c940dfd2f419ab80400db34578243221ac8290e866b81f976","checklist-flat","FALSE","FALSE","HDC Site QA","Busduct","AB Run","AB59"
"784157c0-788b-487d-ae4a-448e33cd9ba0","","checklist-flat","pass","665d5f0722c4374c940dfd2f419ab80400db34578243221ac8290e866b81f976","checklist-flat","FALSE","FALSE","HDC Site QA","Busduct","AB Run","AB60"
"27093dab-b420-432c-9c56-70ea73410609","","checklist-flat","pass","665d5f0722c4374c940dfd2f419ab80400db34578243221ac8290e866b81f976","checklist-flat","FALSE","FALSE","HDC Site QA","Busduct","AB Run","AB61"
"fc11a71f-4823-4afd-b880-e9f086c984f5","","checklist-flat","pass","665d5f0722c4374c940dfd2f419ab80400db34578243221ac8290e866b81f976","checklist-flat","FALSE","FALSE","HDC Site QA","Busduct","AB Run","AB62"
"c9d9435e-37a9-456a-82da-c1007503eb1f","","checklist-flat","pass","665d5f0722c4374c940dfd2f419ab80400db34578243221ac8290e866b81f976","checklist-flat","FALSE","FALSE","HDC Site QA","Busduct","AB Run","AB63"
"71f988dc-545a-4925-b7e0-be48524735e8","","checklist-flat","pass","665d5f0722c4374c940dfd2f419ab80400db34578243221ac8290e866b81f976","checklist-flat","FALSE","FALSE","HDC Site QA","Busduct","AB Run","AB64"
"a87179ee-630f-4c81-a309-d2090d0db160","","checklist-flat","pass","665d5f0722c4374c940dfd2f419ab80400db34578243221ac8290e866b81f976","checklist-flat","FALSE","FALSE","HDC Site QA","Busduct","AB Run","AB65"
"ee3d83c6-38a8-4eaa-bd3f-d09f83e67c98","","checklist-flat","not-started","8143065f1287e03edbec6f89965b360b15fc41ae7801fefb7714dcbe17bc1b63","checklist-flat","FALSE","FALSE","HDC Site QA","Busduct","AB Run","AB66"
"9a37ffd5-7df4-41be-b9b1-6c09be7f46f5","","checklist-flat","not-started","8143065f1287e03edbec6f89965b360b15fc41ae7801fefb7714dcbe17bc1b63","checklist-flat","FALSE","FALSE","HDC Site QA","Busduct","AB Run","AB67"
"103d7605-5989-4b55-a326-dbc7570380b9","","checklist-flat","not-started","8143065f1287e03edbec6f89965b360b15fc41ae7801fefb7714dcbe17bc1b63","checklist-flat","FALSE","FALSE","HDC Site QA","Busduct","AB Run","AB68"
"a8b8ae8a-59d1-4b7b-a373-9d8ac206753e","","checklist-flat","not-started","8143065f1287e03edbec6f89965b360b15fc41ae7801fefb7714dcbe17bc1b63","checklist-flat","FALSE","FALSE","HDC Site QA","Busduct","AB Run","AB69"
"0c83c3e9-8347-47e2-84bd-9333b40aebc8","","checklist-flat","not-started","8143065f1287e03edbec6f89965b360b15fc41ae7801fefb7714dcbe17bc1b63","checklist-flat","FALSE","FALSE","HDC Site QA","Busduct","AB Run","AB70"
"a53c05b5-f84d-4979-b6aa-bcfa43725e0e","","checklist-flat","not-started","8143065f1287e03edbec6f89965b360b15fc41ae7801fefb7714dcbe17bc1b63","checklist-flat","FALSE","FALSE","HDC Site QA","Busduct","AB Run","AB71"
"4fbb0183-133c-43f1-8dae-175dbbfc8023","","checklist-flat","not-started","8143065f1287e03edbec6f89965b360b15fc41ae7801fefb7714dcbe17bc1b63","checklist-flat","FALSE","FALSE","HDC Site QA","Busduct","AB Run","AB72"
"d8d74194-0ece-4a75-a2eb-bb001447e4c2","","checklist-flat","not-started","8143065f1287e03edbec6f89965b360b15fc41ae7801fefb7714dcbe17bc1b63","checklist-flat","FALSE","FALSE","HDC Site QA","Busduct","AB Run","AB73"
"0bf1c229-a8fb-4e49-8e46-5efa2f079a38","","checklist-flat","not-started","8143065f1287e03edbec6f89965b360b15fc41ae7801fefb7714dcbe17bc1b63","checklist-flat","FALSE","FALSE","HDC Site QA","Busduct","AB Run","AB74"
"d890f2b4-f22a-45cd-8d70-3d4f43653272","","checklist-flat","not-started","8143065f1287e03edbec6f89965b360b15fc41ae7801fefb7714dcbe17bc1b63","checklist-flat","FALSE","FALSE","HDC Site QA","Busduct","AB Run","AB75"
"d44bf2d0-e314-47b5-992d-7c701850453e","","checklist-flat","pass","665d5f0722c4374c940dfd2f419ab80400db34578243221ac8290e866b81f976","checklist-flat","FALSE","FALSE","HDC Site QA","Busduct","AB Run","AB76"
"9c6b2c55-3366-44fd-9ee7-517bbc061d71","","checklist-flat","pass","665d5f0722c4374c940dfd2f419ab80400db34578243221ac8290e866b81f976","checklist-flat","FALSE","FALSE","HDC Site QA","Busduct","AB Run","AB77"
"c89070e1-802b-42c3-9a4c-7f865444b864","","checklist-flat","pass","665d5f0722c4374c940dfd2f419ab80400db34578243221ac8290e866b81f976","checklist-flat","FALSE","FALSE","HDC Site QA","Busduct","AB Run","AB78"
"a2dc83d9-352b-4a60-9ac5-6b1f8646e90f","","checklist-flat","pass","665d5f0722c4374c940dfd2f419ab80400db34578243221ac8290e866b81f976","checklist-flat","FALSE","FALSE","HDC Site QA","Busduct","AB Run","AB79"
"4435a083-4df8-461a-b240-4a544dd85f2c","","checklist-flat","pass","665d5f0722c4374c940dfd2f419ab80400db34578243221ac8290e866b81f976","checklist-flat","FALSE","FALSE","HDC Site QA","Busduct","AB Run","AB80"
"1790eba0-d099-4138-a218-d59b2243106c","","checklist-flat","pass","665d5f0722c4374c940dfd2f419ab80400db34578243221ac8290e866b81f976","checklist-flat","FALSE","FALSE","HDC Site QA","Busduct","AB Run","AB81"
"ded58557-7019-4464-b7ed-1a0b6d850a0d","","checklist-flat","not-started","8143065f1287e03edbec6f89965b360b15fc41ae7801fefb7714dcbe17bc1b63","checklist-flat","FALSE","FALSE","HDC Site QA","Busduct","AB Run","AB82"
"64fd4675-9ef3-46a0-8548-1081ae0993ad","","checklist-flat","not-started","8143065f1287e03edbec6f89965b360b15fc41ae7801fefb7714dcbe17bc1b63","checklist-flat","FALSE","FALSE","HDC Site QA","Busduct","AB Run","AB83"
"88e1f2f1-8ae5-47ac-b249-871fd3a2a15e","","checklist-flat","not-started","8143065f1287e03edbec6f89965b360b15fc41ae7801fefb7714dcbe17bc1b63","checklist-flat","FALSE","FALSE","HDC Site QA","Busduct","AB Run","AB84"
"911df630-a56b-4cb9-88da-f5ccad644c08","","checklist-flat","not-started","8143065f1287e03edbec6f89965b360b15fc41ae7801fefb7714dcbe17bc1b63","checklist-flat","FALSE","FALSE","HDC Site QA","Busduct","AB Run","AB85"
"46abe196-1317-405a-a4a8-6e895ec0bae4","","checklist-flat","not-started","8143065f1287e03edbec6f89965b360b15fc41ae7801fefb7714dcbe17bc1b63","checklist-flat","FALSE","FALSE","HDC Site QA","Busduct","AB Run","AB86"
"58f9a642-2405-4854-8726-b5b8f03af1a0","","checklist-flat","not-started","8143065f1287e03edbec6f89965b360b15fc41ae7801fefb7714dcbe17bc1b63","checklist-flat","FALSE","FALSE","HDC Site QA","Busduct","AB Run","AB87"
"8745cc9f-9748-47b0-8d2d-beea0e5aa04d","","checklist-flat","not-started","8143065f1287e03edbec6f89965b360b15fc41ae7801fefb7714dcbe17bc1b63","checklist-flat","FALSE","FALSE","HDC Site QA","Busduct","AB Run","AB88"
"44d16bbd-0b33-408f-8412-258f7069704b","","checklist-flat","not-started","8143065f1287e03edbec6f89965b360b15fc41ae7801fefb7714dcbe17bc1b63","checklist-flat","FALSE","FALSE","HDC Site QA","Busduct","AB Run","AB89"
"258539fd-6541-41b7-968c-e25eb3f7113e","","checklist-flat","not-started","8143065f1287e03edbec6f89965b360b15fc41ae7801fefb7714dcbe17bc1b63","checklist-flat","FALSE","FALSE","HDC Site QA","Busduct","AB Run","AB90"
"5bd3b83b-b89e-439e-8807-cc7f350a7a04","","checklist-flat","not-started","8143065f1287e03edbec6f89965b360b15fc41ae7801fefb7714dcbe17bc1b63","checklist-flat","FALSE","FALSE","HDC Site QA","Busduct","AB Run","AB91"
"3e0a7876-b8f0-484b-8781-351e5a6d4f7f","","checklist-flat","not-started","8143065f1287e03edbec6f89965b360b15fc41ae7801fefb7714dcbe17bc1b63","checklist-flat","FALSE","FALSE","HDC Site QA","Busduct","AB Run","AB92"
"d6b7940b-2dbb-4130-ac77-169c5247ef73","","checklist-flat","not-started","8143065f1287e03edbec6f89965b360b15fc41ae7801fefb7714dcbe17bc1b63","checklist-flat","FALSE","FALSE","HDC Site QA","Busduct","AB Run","AB93"
"2c52a643-f46d-463e-ba24-6722855e8533","","checklist-flat","not-started","8143065f1287e03edbec6f89965b360b15fc41ae7801fefb7714dcbe17bc1b63","checklist-flat","FALSE","FALSE","HDC Site QA","Busduct","AB Run","AB94"
"d0eebdbc-de6f-4d95-97da-b4d4b12d4c5d","","checklist-flat","not-started","8143065f1287e03edbec6f89965b360b15fc41ae7801fefb7714dcbe17bc1b63","checklist-flat","FALSE","FALSE","HDC Site QA","Busduct","AB Run","AB95"
"d34e95c6-1eab-4625-800f-665a2c8dccc5","","checklist-flat","not-started","8143065f1287e03edbec6f89965b360b15fc41ae7801fefb7714dcbe17bc1b63","checklist-flat","FALSE","FALSE","HDC Site QA","Busduct","AB Run","AB96"
"86a80bf9-9e0a-4fad-8f26-3ab413e75f74","","checklist-flat","not-started","8143065f1287e03edbec6f89965b360b15fc41ae7801fefb7714dcbe17bc1b63","checklist-flat","FALSE","FALSE","HDC Site QA","Busduct","AB Run","AB97"
"67988e4c-3800-499c-a600-2202c551a90a","","checklist-flat","not-started","8143065f1287e03edbec6f89965b360b15fc41ae7801fefb7714dcbe17bc1b63","checklist-flat","FALSE","FALSE","HDC Site QA","Busduct","AB Run","AB98"
"814403d1-a58b-4a33-8383-66301768cefd","","checklist-flat","not-started","8143065f1287e03edbec6f89965b360b15fc41ae7801fefb7714dcbe17bc1b63","checklist-flat","FALSE","FALSE","HDC Site QA","Busduct","AB Run","AB99"
"bb0b8b13-a424-4e87-82a4-804a977358cf","","checklist-flat","pass","665d5f0722c4374c940dfd2f419ab80400db34578243221ac8290e866b81f976","checklist-flat","FALSE","FALSE","HDC Site QA","Busduct","AB Run","AB100"
"e14c7c24-0708-48b8-8722-a2174aa42dc1","","checklist-flat","pass","665d5f0722c4374c940dfd2f419ab80400db34578243221ac8290e866b81f976","checklist-flat","FALSE","FALSE","HDC Site QA","Busduct","AB Run","AB101"
"23be4c57-3228-4fc6-b350-eb0c451055c4","","checklist-flat","pass","665d5f0722c4374c940dfd2f419ab80400db34578243221ac8290e866b81f976","checklist-flat","FALSE","FALSE","HDC Site QA","Busduct","AB Run","AB102"
"a99362ed-4dc6-496f-bf8d-591977ffa7b7","","checklist-flat","not-started","8143065f1287e03edbec6f89965b360b15fc41ae7801fefb7714dcbe17bc1b63","checklist-flat","FALSE","FALSE","HDC Site QA","Busduct","AB Run","AB103"
"f72865c5-5a79-4e46-b07d-7fadf3b58447","","checklist-flat","not-started","8143065f1287e03edbec6f89965b360b15fc41ae7801fefb7714dcbe17bc1b63","checklist-flat","FALSE","FALSE","HDC Site QA","Busduct","AB Run","AB104"
"61af78b8-8265-4096-b207-1ad7dc62c05e","","checklist-flat","not-started","8143065f1287e03edbec6f89965b360b15fc41ae7801fefb7714dcbe17bc1b63","checklist-flat","FALSE","FALSE","HDC Site QA","Busduct","AB Run","AB105"
"ab35205e-4654-4782-bcd3-a862cb3865d8","","checklist-flat","not-started","8143065f1287e03edbec6f89965b360b15fc41ae7801fefb7714dcbe17bc1b63","checklist-flat","FALSE","FALSE","HDC Site QA","Busduct","AB Run","AB106"
"1c80d92e-0209-449f-948b-8a578a33a2c2","","checklist-flat","not-started","8143065f1287e03edbec6f89965b360b15fc41ae7801fefb7714dcbe17bc1b63","checklist-flat","FALSE","FALSE","HDC Site QA","Busduct","AB Run","AB107"
"a89f2efb-8abc-494a-a558-2e7113f6525d","","folder-normal","not-started","","step","TRUE","FALSE","HDC Site QA","Busduct","AC Run"
"889313e4-8eed-42bd-a097-7c90238fdd5d","","checklist-flat","not-started","8143065f1287e03edbec6f89965b360b15fc41ae7801fefb7714dcbe17bc1b63","checklist-flat","FALSE","FALSE","HDC Site QA","Busduct","AC Run","AC1"
"b4ccf6b6-51b7-4e82-b321-25a363205e3c","","checklist-flat","not-started","8143065f1287e03edbec6f89965b360b15fc41ae7801fefb7714dcbe17bc1b63","checklist-flat","FALSE","FALSE","HDC Site QA","Busduct","AC Run","AC2"
"2305adc4-e8dc-42cc-8d44-1aff52466e4a","","checklist-flat","not-started","8143065f1287e03edbec6f89965b360b15fc41ae7801fefb7714dcbe17bc1b63","checklist-flat","FALSE","FALSE","HDC Site QA","Busduct","AC Run","AC3"
"13e4a1b1-77d1-45ee-b0b6-8dad4a6bd08d","","checklist-flat","not-started","8143065f1287e03edbec6f89965b360b15fc41ae7801fefb7714dcbe17bc1b63","checklist-flat","FALSE","FALSE","HDC Site QA","Busduct","AC Run","AC4"
"ecb60b08-7430-423a-873c-511db0b7f549","","checklist-flat","not-started","8143065f1287e03edbec6f89965b360b15fc41ae7801fefb7714dcbe17bc1b63","checklist-flat","FALSE","FALSE","HDC Site QA","Busduct","AC Run","AC5"
"08ae52eb-e41f-4801-8a61-850f4573bf9b","","checklist-flat","not-started","8143065f1287e03edbec6f89965b360b15fc41ae7801fefb7714dcbe17bc1b63","checklist-flat","FALSE","FALSE","HDC Site QA","Busduct","AC Run","AC6"
"283010ca-f47b-4400-8cd3-f028c6fe2ef7","","checklist-flat","not-started","8143065f1287e03edbec6f89965b360b15fc41ae7801fefb7714dcbe17bc1b63","checklist-flat","FALSE","FALSE","HDC Site QA","Busduct","AC Run","AC7"
"75d6bf6f-5fd2-4ebc-a247-b7a90d3b9085","","checklist-flat","not-started","8143065f1287e03edbec6f89965b360b15fc41ae7801fefb7714dcbe17bc1b63","checklist-flat","FALSE","FALSE","HDC Site QA","Busduct","AC Run","AC8"
"010c119a-13ca-440f-87f1-2307a1e25900","","checklist-flat","not-started","8143065f1287e03edbec6f89965b360b15fc41ae7801fefb7714dcbe17bc1b63","checklist-flat","FALSE","FALSE","HDC Site QA","Busduct","AC Run","AC9"
"682f73d5-7896-495f-ad9b-412b6d7bb31d","","folder-normal","no-status-not-started","","step","TRUE","FALSE","HDC Site QA","HV Cable termination (MEGA ITPs)"
"51211e16-bee7-4097-ba0d-3c2b86d66c2b","","folder-normal","no-status-not-started","","step","TRUE","FALSE","HDC Site QA","HV Cable termination (MEGA ITPs)","HV-01 - UT1.1 to MVSB-1-1"
"74b257a9-08dd-4554-9a47-9c21ec75bdd5","","checklist-flat","no-status-not-started","Add Sub-contractor ITPs/photos","checklist-flat","FALSE","FALSE","HDC Site QA","HV Cable termination (MEGA ITPs)","HV-01 - UT1.1 to MVSB-1-1","ITP1 (Supply side)"
"a5a945e8-f323-47e6-b2a2-4130c59c4ee8","","checklist-flat","no-status-not-started","Add Sub-contractor ITPs/photos","checklist-flat","FALSE","FALSE","HDC Site QA","HV Cable termination (MEGA ITPs)","HV-01 - UT1.1 to MVSB-1-1","ITP2 (Load side)"
"b7c5a2a2-ea3c-4bb6-9325-75b12719fbdb","","folder-normal","no-status-not-started","","step","TRUE","FALSE","HDC Site QA","HV Cable termination (MEGA ITPs)","HV-02 - UT1.3 to MVSB-1-3"
"e1d447fc-1dcb-4333-adc0-112c8c05b32d","","checklist-flat","no-status-not-started","Add Sub-contractor ITPs/photos","checklist-flat","FALSE","FALSE","HDC Site QA","HV Cable termination (MEGA ITPs)","HV-02 - UT1.3 to MVSB-1-3","ITP1 (Supply side)"
"f206f689-9042-473f-9fda-15d07304a816","","checklist-flat","no-status-not-started","Add Sub-contractor ITPs/photos","checklist-flat","FALSE","FALSE","HDC Site QA","HV Cable termination (MEGA ITPs)","HV-02 - UT1.3 to MVSB-1-3","ITP2 (Load side)"
"e4653966-3de4-4bcb-b364-4ba96b448202","","folder-normal","no-status-not-started","","step","TRUE","FALSE","HDC Site QA","HV Cable termination (MEGA ITPs)","HV-03 - UT1.2 to MVSB-1-2"
"c5a0622f-19a1-49fb-ae8d-312007f83ad0","","checklist-flat","no-status-not-started","Add Sub-contractor ITPs/photos","checklist-flat","FALSE","FALSE","HDC Site QA","HV Cable termination (MEGA ITPs)","HV-03 - UT1.2 to MVSB-1-2","ITP1 (Supply side)"
"ecd388a4-f827-494a-b013-26660bc8cf3d","","checklist-flat","no-status-not-started","Add Sub-contractor ITPs/photos","checklist-flat","FALSE","FALSE","HDC Site QA","HV Cable termination (MEGA ITPs)","HV-03 - UT1.2 to MVSB-1-2","ITP2 (Load side)"
"cafb1410-899e-4830-8222-1b1cb322570b","","folder-normal","no-status-not-started","","step","TRUE","FALSE","HDC Site QA","HV Cable termination (MEGA ITPs)","HV-04 - UT1.2 to MVSB-1-4"
"810a4a12-d2b5-4586-ae08-29b710b90cdd","","checklist-flat","no-status-not-started","Add Sub-contractor ITPs/photos","checklist-flat","FALSE","FALSE","HDC Site QA","HV Cable termination (MEGA ITPs)","HV-04 - UT1.2 to MVSB-1-4","ITP1 (Supply side)"
"2a083ab9-5b9d-4159-ae8c-e75ea4a37faa","","checklist-flat","no-status-not-started","Add Sub-contractor ITPs/photos","checklist-flat","FALSE","FALSE","HDC Site QA","HV Cable termination (MEGA ITPs)","HV-04 - UT1.2 to MVSB-1-4","ITP2 (Load side)"
"a48e9487-f366-4a65-95fc-53841b4c5a9b","","folder-normal","no-status-not-started","","step","TRUE","FALSE","HDC Site QA","HV Cable termination (MEGA ITPs)","HV-05 - MVSB-1-1 to MVSB-1-2"
"e6b50e30-c04d-484b-8249-47c6465ce258","","checklist-flat","no-status-not-started","Add Sub-contractor ITPs/photos","checklist-flat","FALSE","FALSE","HDC Site QA","HV Cable termination (MEGA ITPs)","HV-05 - MVSB-1-1 to MVSB-1-2","ITP1 (Supply side)"
"e3837a58-11d6-4ef3-9d62-ee47f11e7f02","","checklist-flat","no-status-not-started","Add Sub-contractor ITPs/photos","checklist-flat","FALSE","FALSE","HDC Site QA","HV Cable termination (MEGA ITPs)","HV-05 - MVSB-1-1 to MVSB-1-2","ITP2 (Load side)"
"5c2a984a-217f-4010-af27-1c191acab0fc","","folder-normal","no-status-not-started","","step","TRUE","FALSE","HDC Site QA","HV Cable termination (MEGA ITPs)","HV-06 - MVSB-1-3 to MVSB-1-4"
"e9baa477-f9c0-4d08-b304-fa8a3bcb060f","","checklist-flat","no-status-not-started","Add Sub-contractor ITPs/photos","checklist-flat","FALSE","FALSE","HDC Site QA","HV Cable termination (MEGA ITPs)","HV-06 - MVSB-1-3 to MVSB-1-4","ITP1 (Supply side)"
"00f0972f-e611-47f2-adc2-31ef060e1bb0","","checklist-flat","no-status-not-started","Add Sub-contractor ITPs/photos","checklist-flat","FALSE","FALSE","HDC Site QA","HV Cable termination (MEGA ITPs)","HV-06 - MVSB-1-3 to MVSB-1-4","ITP2 (Load side)"
"2701c7cb-54c2-41ce-825d-f7fd028291bf","","folder-normal","no-status-not-started","","step","TRUE","FALSE","HDC Site QA","HV Cable termination (MEGA ITPs)","HV-07 - MVSB-1-1 to MVSSB-1A"
"525d1f76-3245-4249-bb7b-e5369a0bd040","","checklist-flat","no-status-not-started","Add Sub-contractor ITPs/photos","checklist-flat","FALSE","FALSE","HDC Site QA","HV Cable termination (MEGA ITPs)","HV-07 - MVSB-1-1 to MVSSB-1A","ITP1 (Supply side)"
"4e5cd247-6c98-425c-b291-50a5638797d2","","checklist-flat","no-status-not-started","Add Sub-contractor ITPs/photos","checklist-flat","FALSE","FALSE","HDC Site QA","HV Cable termination (MEGA ITPs)","HV-07 - MVSB-1-1 to MVSSB-1A","ITP2 (Load side)"
"6cce5b1e-a8b5-4787-934c-06bf38635e8c","","folder-normal","no-status-not-started","","step","TRUE","FALSE","HDC Site QA","HV Cable termination (MEGA ITPs)","HV-08 - MVSB-1-1 to MVSSB-2A"
"56a68bbd-0013-4ea6-aec2-40d59e65afe0","","checklist-flat","no-status-not-started","Add Sub-contractor ITPs/photos","checklist-flat","FALSE","FALSE","HDC Site QA","HV Cable termination (MEGA ITPs)","HV-08 - MVSB-1-1 to MVSSB-2A","ITP1 (Supply side)"
"b4c2b224-12b3-4e0f-89e0-31c2c44cb3c6","","checklist-flat","no-status-not-started","Add Sub-contractor ITPs/photos","checklist-flat","FALSE","FALSE","HDC Site QA","HV Cable termination (MEGA ITPs)","HV-08 - MVSB-1-1 to MVSSB-2A","ITP2 (Load side)"
"227a66cc-b709-49ea-8355-998daa6d6fb8","","folder-normal","no-status-not-started","","step","TRUE","FALSE","HDC Site QA","HV Cable termination (MEGA ITPs)","HV-09 - MVSB-1-2 to MVSSB-2C"
"2610eec2-6e50-4211-8579-45da0ce1bda6","","checklist-flat","no-status-not-started","Add Sub-contractor ITPs/photos","checklist-flat","FALSE","FALSE","HDC Site QA","HV Cable termination (MEGA ITPs)","HV-09 - MVSB-1-2 to MVSSB-2C","ITP1 (Supply side)"
"f8f50ae6-911f-44bf-9dc7-bfd43a4dcaa0","","checklist-flat","no-status-not-started","Add Sub-contractor ITPs/photos","checklist-flat","FALSE","FALSE","HDC Site QA","HV Cable termination (MEGA ITPs)","HV-09 - MVSB-1-2 to MVSSB-2C","ITP2 (Load side)"
"2d747ece-a028-4fd6-8eff-6e689bea5a0c","","folder-normal","no-status-not-started","","step","TRUE","FALSE","HDC Site QA","HV Cable termination (MEGA ITPs)","HV-10 - MVSB-1-3 to MVSSB-3C"
"445f3e1d-b17b-456d-b710-3ee1dcc937ff","","checklist-flat","no-status-not-started","Add Sub-contractor ITPs/photos","checklist-flat","FALSE","FALSE","HDC Site QA","HV Cable termination (MEGA ITPs)","HV-10 - MVSB-1-3 to MVSSB-3C","ITP1 (Supply side)"
"5d3aa198-fd3c-46fd-b638-421619e3251c","","checklist-flat","no-status-not-started","Add Sub-contractor ITPs/photos","checklist-flat","FALSE","FALSE","HDC Site QA","HV Cable termination (MEGA ITPs)","HV-10 - MVSB-1-3 to MVSSB-3C","ITP2 (Load side)"
"006eed86-2303-486a-9fab-1d66533703ae","","folder-normal","no-status-not-started","","step","TRUE","FALSE","HDC Site QA","HV Cable termination (MEGA ITPs)","HV-11 - MVSB-1-3 to MVSSB-1B"
"38374c97-f4c7-4d64-a0bb-0e97872cb287","","checklist-flat","no-status-not-started","Add Sub-contractor ITPs/photos","checklist-flat","FALSE","FALSE","HDC Site QA","HV Cable termination (MEGA ITPs)","HV-11 - MVSB-1-3 to MVSSB-1B","ITP1 (Supply side)"
"3f6e3766-852d-4173-9757-35f898bfd178","","checklist-flat","no-status-not-started","Add Sub-contractor ITPs/photos","checklist-flat","FALSE","FALSE","HDC Site QA","HV Cable termination (MEGA ITPs)","HV-11 - MVSB-1-3 to MVSSB-1B","ITP2 (Load side)"
"b2c95194-7273-4815-bb25-29e5ef782466","","folder-normal","no-status-not-started","","step","TRUE","FALSE","HDC Site QA","HV Cable termination (MEGA ITPs)","HV-12 - MVSB-1-4 to MVSSB-2B"
"55155a88-3808-4219-8217-4842b3295b00","","checklist-flat","no-status-not-started","Add Sub-contractor ITPs/photos","checklist-flat","FALSE","FALSE","HDC Site QA","HV Cable termination (MEGA ITPs)","HV-12 - MVSB-1-4 to MVSSB-2B","ITP1 (Supply side)"
"362d81d2-2e65-493d-8b22-b16fdfe37e27","","checklist-flat","no-status-not-started","Add Sub-contractor ITPs/photos","checklist-flat","FALSE","FALSE","HDC Site QA","HV Cable termination (MEGA ITPs)","HV-12 - MVSB-1-4 to MVSSB-2B","ITP2 (Load side)"
"c83a197c-a5fa-40c6-9aa6-e94683cf8cd3","","folder-normal","no-status-not-started","","step","TRUE","FALSE","HDC Site QA","HV Cable termination (MEGA ITPs)","HV-13 - MVSB-1-4 to MVSSB-H"
"6e22cf07-3d61-4a73-889b-75d23deb99de","","checklist-flat","no-status-not-started","Add Sub-contractor ITPs/photos","checklist-flat","FALSE","FALSE","HDC Site QA","HV Cable termination (MEGA ITPs)","HV-13 - MVSB-1-4 to MVSSB-H","ITP1 (Supply side)"
"9dabb675-d8ff-42e1-bf1c-d925b7138e27","","checklist-flat","no-status-not-started","Add Sub-contractor ITPs/photos","checklist-flat","FALSE","FALSE","HDC Site QA","HV Cable termination (MEGA ITPs)","HV-13 - MVSB-1-4 to MVSSB-H","ITP2 (Load side)"
"10d9edf7-dc76-40df-a204-a13cef5753d8","","folder-normal","no-status-not-started","","step","TRUE","FALSE","HDC Site QA","HV Cable termination (MEGA ITPs)","HV-14 - GEN-1A to GSB-1A"
"9f72157a-a90e-444e-9b3e-de946b4c4845","","checklist-flat","no-status-not-started","Add Sub-contractor ITPs/photos","checklist-flat","FALSE","FALSE","HDC Site QA","HV Cable termination (MEGA ITPs)","HV-14 - GEN-1A to GSB-1A","ITP1 (Supply side)"
"b86b7f53-e2ab-4074-850c-0aa72bdc1fa9","","checklist-flat","no-status-not-started","Add Sub-contractor ITPs/photos","checklist-flat","FALSE","FALSE","HDC Site QA","HV Cable termination (MEGA ITPs)","HV-14 - GEN-1A to GSB-1A","ITP2 (Load side)"
"8ae73022-4cda-4e02-85ab-67e446ceceaa","","folder-normal","no-status-not-started","","step","TRUE","FALSE","HDC Site QA","HV Cable termination (MEGA ITPs)","HV-15 - GSB-1A to MVSSB-1A"
"d9d949d2-4430-46cb-a9b8-9222e98d3972","","checklist-flat","no-status-not-started","Add Sub-contractor ITPs/photos","checklist-flat","FALSE","FALSE","HDC Site QA","HV Cable termination (MEGA ITPs)","HV-15 - GSB-1A to MVSSB-1A","ITP1 (Supply side)"
"ebb69326-6038-4db6-a81a-c266101b1475","","checklist-flat","no-status-not-started","Add Sub-contractor ITPs/photos","checklist-flat","FALSE","FALSE","HDC Site QA","HV Cable termination (MEGA ITPs)","HV-15 - GSB-1A to MVSSB-1A","ITP2 (Load side)"
"b0e7300a-3b01-4db0-a43b-d6a958efc4ee","","folder-normal","no-status-not-started","","step","TRUE","FALSE","HDC Site QA","HV Cable termination (MEGA ITPs)","HV-16 - MVSSB-1A to TX-1A"
"c36d0cf3-58f4-406a-83ac-4a7eec4a633e","","checklist-flat","no-status-not-started","Add Sub-contractor ITPs/photos","checklist-flat","FALSE","FALSE","HDC Site QA","HV Cable termination (MEGA ITPs)","HV-16 - MVSSB-1A to TX-1A","ITP1 (Supply side)"
"c73cb966-8dc0-4ee4-ba76-ad998cbf4097","","checklist-flat","no-status-not-started","Add Sub-contractor ITPs/photos","checklist-flat","FALSE","FALSE","HDC Site QA","HV Cable termination (MEGA ITPs)","HV-16 - MVSSB-1A to TX-1A","ITP2 (Load side)"
"9221ec45-51ac-47b7-974a-5a18b3c7f24c","","folder-normal","no-status-not-started","","step","TRUE","FALSE","HDC Site QA","HV Cable termination (MEGA ITPs)","HV-17 - GEN-2A to GSB-2A"
"a4ad8a8c-c5b0-48c9-9081-51491c9b9741","","checklist-flat","no-status-not-started","Add Sub-contractor ITPs/photos","checklist-flat","FALSE","FALSE","HDC Site QA","HV Cable termination (MEGA ITPs)","HV-17 - GEN-2A to GSB-2A","ITP1 (Supply side)"
"93083082-5023-4b30-b9c9-61dd855b141d","","checklist-flat","no-status-not-started","Add Sub-contractor ITPs/photos","checklist-flat","FALSE","FALSE","HDC Site QA","HV Cable termination (MEGA ITPs)","HV-17 - GEN-2A to GSB-2A","ITP2 (Load side)"
"e6186bbf-53e3-48eb-8dba-ab842d76c6d4","","folder-normal","no-status-not-started","","step","TRUE","FALSE","HDC Site QA","HV Cable termination (MEGA ITPs)","HV-18 - GSB-2A to MVSSB-2A"
"956c1884-6e68-4a64-a110-6693d4337ba2","","checklist-flat","no-status-not-started","Add Sub-contractor ITPs/photos","checklist-flat","FALSE","FALSE","HDC Site QA","HV Cable termination (MEGA ITPs)","HV-18 - GSB-2A to MVSSB-2A","ITP1 (Supply side)"
"e8652c80-e9e4-4fc1-978e-665b699617fe","","checklist-flat","no-status-not-started","Add Sub-contractor ITPs/photos","checklist-flat","FALSE","FALSE","HDC Site QA","HV Cable termination (MEGA ITPs)","HV-18 - GSB-2A to MVSSB-2A","ITP2 (Load side)"
"5e9dce1d-0f6b-491c-8a77-acb1fd95299f","","folder-normal","no-status-not-started","","step","TRUE","FALSE","HDC Site QA","HV Cable termination (MEGA ITPs)","HV-19 - MVSSB-2A to TX-2A"
"2ae074e1-aa41-4fd9-8db1-3910ded88a2e","","checklist-flat","no-status-not-started","Add Sub-contractor ITPs/photos","checklist-flat","FALSE","FALSE","HDC Site QA","HV Cable termination (MEGA ITPs)","HV-19 - MVSSB-2A to TX-2A","ITP1 (Supply side)"
"12371177-bf25-47fb-b14f-b62da6db9d49","","checklist-flat","no-status-not-started","Add Sub-contractor ITPs/photos","checklist-flat","FALSE","FALSE","HDC Site QA","HV Cable termination (MEGA ITPs)","HV-19 - MVSSB-2A to TX-2A","ITP2 (Load side)"
"aa1d9687-7e9d-4ea5-86ca-31fb0fe93149","","folder-normal","no-status-not-started","","step","TRUE","FALSE","HDC Site QA","HV Cable termination (MEGA ITPs)","HV-20 - GEN-2C to GSB-2C"
"4b25a8c1-28cd-496c-9bb0-5e7a81b55259","","checklist-flat","no-status-not-started","Add Sub-contractor ITPs/photos","checklist-flat","FALSE","FALSE","HDC Site QA","HV Cable termination (MEGA ITPs)","HV-20 - GEN-2C to GSB-2C","ITP1 (Supply side)"
"68a70689-7489-4ee4-b72a-1f5c1c55fe53","","checklist-flat","no-status-not-started","Add Sub-contractor ITPs/photos","checklist-flat","FALSE","FALSE","HDC Site QA","HV Cable termination (MEGA ITPs)","HV-20 - GEN-2C to GSB-2C","ITP2 (Load side)"
"c52de6a4-9ab2-44fc-894f-5d85c7bd8a88","","folder-normal","no-status-not-started","","step","TRUE","FALSE","HDC Site QA","HV Cable termination (MEGA ITPs)","HV-21 - GSB-2C to MVSSB-2C"
"8df43b39-7fe2-4ed4-bcdf-03a97b5735ff","","checklist-flat","no-status-not-started","Add Sub-contractor ITPs/photos","checklist-flat","FALSE","FALSE","HDC Site QA","HV Cable termination (MEGA ITPs)","HV-21 - GSB-2C to MVSSB-2C","ITP1 (Supply side)"
"eb0d049a-cfde-4688-bf75-0dd08affe3da","","checklist-flat","no-status-not-started","Add Sub-contractor ITPs/photos","checklist-flat","FALSE","FALSE","HDC Site QA","HV Cable termination (MEGA ITPs)","HV-21 - GSB-2C to MVSSB-2C","ITP2 (Load side)"
"fc0da52b-f2c6-4dff-b546-d679a6d80dec","","folder-normal","no-status-not-started","","step","TRUE","FALSE","HDC Site QA","HV Cable termination (MEGA ITPs)","HV-22 - MVSSB-2C to TX-2C"
"5db8460c-d9c3-4358-ad85-b588cd896230","","checklist-flat","no-status-not-started","Add Sub-contractor ITPs/photos","checklist-flat","FALSE","FALSE","HDC Site QA","HV Cable termination (MEGA ITPs)","HV-22 - MVSSB-2C to TX-2C","ITP1 (Supply side)"
"25f7bf2f-84fe-4070-93e9-dc4a5536baf2","","checklist-flat","no-status-not-started","Add Sub-contractor ITPs/photos","checklist-flat","FALSE","FALSE","HDC Site QA","HV Cable termination (MEGA ITPs)","HV-22 - MVSSB-2C to TX-2C","ITP2 (Load side)"
"5416c77d-69a6-460a-aa70-bf0a4dcc8a78","","folder-normal","no-status-not-started","","step","TRUE","FALSE","HDC Site QA","HV Cable termination (MEGA ITPs)","HV-23 - GEN-3C to GSB-3C"
"aa46f694-ad09-46a0-9dca-c105443f1a17","","checklist-flat","no-status-not-started","Add Sub-contractor ITPs/photos","checklist-flat","FALSE","FALSE","HDC Site QA","HV Cable termination (MEGA ITPs)","HV-23 - GEN-3C to GSB-3C","ITP1 (Supply side)"
"5f718d7b-fec5-432f-9167-409a05486367","","checklist-flat","no-status-not-started","Add Sub-contractor ITPs/photos","checklist-flat","FALSE","FALSE","HDC Site QA","HV Cable termination (MEGA ITPs)","HV-23 - GEN-3C to GSB-3C","ITP2 (Load side)"
"9948699c-7884-4841-86a2-6bcb061aaa53","","folder-normal","no-status-not-started","","step","TRUE","FALSE","HDC Site QA","HV Cable termination (MEGA ITPs)","HV-24 - GSB-3C to MVSSB-3C"
"e33b196e-ba06-4aa9-ba6c-6d32f4a71c3f","","checklist-flat","no-status-not-started","Add Sub-contractor ITPs/photos","checklist-flat","FALSE","FALSE","HDC Site QA","HV Cable termination (MEGA ITPs)","HV-24 - GSB-3C to MVSSB-3C","ITP1 (Supply side)"
"9dcb3d1c-3b74-4f19-9259-1bcfc6391840","","checklist-flat","no-status-not-started","Add Sub-contractor ITPs/photos","checklist-flat","FALSE","FALSE","HDC Site QA","HV Cable termination (MEGA ITPs)","HV-24 - GSB-3C to MVSSB-3C","ITP2 (Load side)"
"6981cf43-0abd-48c0-96e4-8445cdb6ce04","","folder-normal","no-status-not-started","","step","TRUE","FALSE","HDC Site QA","HV Cable termination (MEGA ITPs)","HV-25 - MVSSB-3C to TX-3C"
"c967e7a0-cc22-4779-891f-b1c47c30bc08","","checklist-flat","no-status-not-started","Add Sub-contractor ITPs/photos","checklist-flat","FALSE","FALSE","HDC Site QA","HV Cable termination (MEGA ITPs)","HV-25 - MVSSB-3C to TX-3C","ITP1 (Supply side)"
"4d0683de-b550-44c6-bab3-b93ff93f56ad","","checklist-flat","no-status-not-started","Add Sub-contractor ITPs/photos","checklist-flat","FALSE","FALSE","HDC Site QA","HV Cable termination (MEGA ITPs)","HV-25 - MVSSB-3C to TX-3C","ITP2 (Load side)"
"6a72642e-6690-4919-a584-a082b6d5266f","","folder-normal","no-status-not-started","","step","TRUE","FALSE","HDC Site QA","HV Cable termination (MEGA ITPs)","HV-26 - GEN-1B to GSB-1B"
"aca5b594-ef12-436c-a2b3-45ef1c47ba68","","checklist-flat","no-status-not-started","Add Sub-contractor ITPs/photos","checklist-flat","FALSE","FALSE","HDC Site QA","HV Cable termination (MEGA ITPs)","HV-26 - GEN-1B to GSB-1B","ITP1 (Supply side)"
"aeb82356-99aa-4444-b664-f27a0d255148","","checklist-flat","no-status-not-started","Add Sub-contractor ITPs/photos","checklist-flat","FALSE","FALSE","HDC Site QA","HV Cable termination (MEGA ITPs)","HV-26 - GEN-1B to GSB-1B","ITP2 (Load side)"
"08d59595-5b9e-4523-bcb6-9ec7868722ad","","folder-normal","no-status-not-started","","step","TRUE","FALSE","HDC Site QA","HV Cable termination (MEGA ITPs)","HV-27 - GSB-1B to MVSSB-1B"
"b41da243-429b-4d01-b283-6c77b059ed08","","checklist-flat","no-status-not-started","Add Sub-contractor ITPs/photos","checklist-flat","FALSE","FALSE","HDC Site QA","HV Cable termination (MEGA ITPs)","HV-27 - GSB-1B to MVSSB-1B","ITP1 (Supply side)"
"6b817e1d-3980-4379-85d0-799cf987a192","","checklist-flat","no-status-not-started","Add Sub-contractor ITPs/photos","checklist-flat","FALSE","FALSE","HDC Site QA","HV Cable termination (MEGA ITPs)","HV-27 - GSB-1B to MVSSB-1B","ITP2 (Load side)"
"8c031fa2-8e8c-4e91-a8c2-b67458ab7a26","","folder-normal","no-status-not-started","","step","TRUE","FALSE","HDC Site QA","HV Cable termination (MEGA ITPs)","HV-28 - MVSSB-1B to TX-1B"
"debd9704-358d-40c7-9c25-00ff7374adad","","checklist-flat","no-status-not-started","Add Sub-contractor ITPs/photos","checklist-flat","FALSE","FALSE","HDC Site QA","HV Cable termination (MEGA ITPs)","HV-28 - MVSSB-1B to TX-1B","ITP1 (Supply side)"
"d45270bd-01f2-4bba-b55c-f82147a969a8","","checklist-flat","no-status-not-started","Add Sub-contractor ITPs/photos","checklist-flat","FALSE","FALSE","HDC Site QA","HV Cable termination (MEGA ITPs)","HV-28 - MVSSB-1B to TX-1B","ITP2 (Load side)"
"57ea2f47-3871-43ff-b254-c19f8c9aadcc","","folder-normal","no-status-not-started","","step","TRUE","FALSE","HDC Site QA","HV Cable termination (MEGA ITPs)","HV-29 - GEN-2B to GSB-2B"
"18676bac-934f-4235-b322-060ca5b18bd4","","checklist-flat","no-status-not-started","Add Sub-contractor ITPs/photos","checklist-flat","FALSE","FALSE","HDC Site QA","HV Cable termination (MEGA ITPs)","HV-29 - GEN-2B to GSB-2B","ITP1 (Supply side)"
"2cf74ae0-663f-4b8e-b02b-9e4f7f2cb229","","checklist-flat","no-status-not-started","Add Sub-contractor ITPs/photos","checklist-flat","FALSE","FALSE","HDC Site QA","HV Cable termination (MEGA ITPs)","HV-29 - GEN-2B to GSB-2B","ITP2 (Load side)"
"760ac2af-f3af-40ab-92c7-8a95bd6acd4d","","folder-normal","no-status-not-started","","step","TRUE","FALSE","HDC Site QA","HV Cable termination (MEGA ITPs)","HV-30 - GSB-2B to MVSSB-2B"
"3399e4e2-46e6-416e-8d1f-4aa5a98f802b","","checklist-flat","no-status-not-started","Add Sub-contractor ITPs/photos","checklist-flat","FALSE","FALSE","HDC Site QA","HV Cable termination (MEGA ITPs)","HV-30 - GSB-2B to MVSSB-2B","ITP1 (Supply side)"
"7618c9f8-a2a7-484c-8e48-cc2d73881371","","checklist-flat","no-status-not-started","Add Sub-contractor ITPs/photos","checklist-flat","FALSE","FALSE","HDC Site QA","HV Cable termination (MEGA ITPs)","HV-30 - GSB-2B to MVSSB-2B","ITP2 (Load side)"
"92da87dc-b9e1-4542-abf8-3238415490df","","folder-normal","no-status-not-started","","step","TRUE","FALSE","HDC Site QA","HV Cable termination (MEGA ITPs)","HV-31 - MVSSB-2B to TX-2B"
"1a6147ce-2d43-487c-968b-9c021ba0bafd","","checklist-flat","no-status-not-started","Add Sub-contractor ITPs/photos","checklist-flat","FALSE","FALSE","HDC Site QA","HV Cable termination (MEGA ITPs)","HV-31 - MVSSB-2B to TX-2B","ITP1 (Supply side)"
"43cfebfd-a685-45f8-b0cd-46c28e3a4f72","","checklist-flat","no-status-not-started","Add Sub-contractor ITPs/photos","checklist-flat","FALSE","FALSE","HDC Site QA","HV Cable termination (MEGA ITPs)","HV-31 - MVSSB-2B to TX-2B","ITP2 (Load side)"
"3de1dc9e-13a7-4151-8b39-0d43299721f2","","folder-normal","no-status-not-started","","step","TRUE","FALSE","HDC Site QA","HV Cable termination (MEGA ITPs)","HV-32 - GEN-H to GSB-H"
"f3d58d4e-1436-48a3-9125-6581f27fb567","","checklist-flat","no-status-not-started","Add Sub-contractor ITPs/photos","checklist-flat","FALSE","FALSE","HDC Site QA","HV Cable termination (MEGA ITPs)","HV-32 - GEN-H to GSB-H","ITP1 (Supply side)"
"8220c48c-911d-4e5e-a3fa-7cd50ef240c6","","checklist-flat","no-status-not-started","Add Sub-contractor ITPs/photos","checklist-flat","FALSE","FALSE","HDC Site QA","HV Cable termination (MEGA ITPs)","HV-32 - GEN-H to GSB-H","ITP2 (Load side)"
"12b25456-7e93-4e01-9287-b6df91be7c1c","","folder-normal","no-status-not-started","","step","TRUE","FALSE","HDC Site QA","HV Cable termination (MEGA ITPs)","HV-33 - GSB-H to MVSSB-H"
"c34765a8-9fa4-4a51-bae9-3d2c0f8cf41c","","checklist-flat","no-status-not-started","Add Sub-contractor ITPs/photos","checklist-flat","FALSE","FALSE","HDC Site QA","HV Cable termination (MEGA ITPs)","HV-33 - GSB-H to MVSSB-H","ITP1 (Supply side)"
"4fa893eb-f9f3-4b2b-96bf-5b87918c9e6a","","checklist-flat","no-status-not-started","Add Sub-contractor ITPs/photos","checklist-flat","FALSE","FALSE","HDC Site QA","HV Cable termination (MEGA ITPs)","HV-33 - GSB-H to MVSSB-H","ITP2 (Load side)"
"d48d064d-8fca-421d-a93d-664009ad5fd0","","folder-normal","no-status-not-started","","step","TRUE","FALSE","HDC Site QA","HV Cable termination (MEGA ITPs)","HV-34 - MVSSB-H to TX-H"
"34bd6b10-2637-46aa-93fb-352bb089a1cd","","checklist-flat","no-status-not-started","Add Sub-contractor ITPs/photos","checklist-flat","FALSE","FALSE","HDC Site QA","HV Cable termination (MEGA ITPs)","HV-34 - MVSSB-H to TX-H","ITP1 (Supply side)"
"1b86a466-9826-41fc-a0f1-c7b19b6d1a31","","checklist-flat","no-status-not-started","Add Sub-contractor ITPs/photos","checklist-flat","FALSE","FALSE","HDC Site QA","HV Cable termination (MEGA ITPs)","HV-34 - MVSSB-H to TX-H","ITP2 (Load side)"
"94f35549-422f-4ac9-a5e2-ec5a49a22c8a","","folder-normal","no-status-not-started","","step","TRUE","FALSE","HDC Site QA","HV Cable termination (MEGA ITPs)","HV-35 - GSA-1A to GSB-1B"
"aeba631a-8a01-432b-9c3b-34141f535731","","checklist-flat","no-status-not-started","Add Sub-contractor ITPs/photos","checklist-flat","FALSE","FALSE","HDC Site QA","HV Cable termination (MEGA ITPs)","HV-35 - GSA-1A to GSB-1B","ITP1 (Supply side)"
"2a5787ca-2f33-4215-8d30-1fc6ae39fcd0","","checklist-flat","no-status-not-started","Add Sub-contractor ITPs/photos","checklist-flat","FALSE","FALSE","HDC Site QA","HV Cable termination (MEGA ITPs)","HV-35 - GSA-1A to GSB-1B","ITP2 (Load side)"
"b5887cfb-e053-4755-906a-32d2047cbf64","","folder-normal","no-status-not-started","","step","TRUE","FALSE","HDC Site QA","HV Cable termination (MEGA ITPs)","HV-36 - GSB-3C to GSB-1B"
"19d46e1a-ac92-4cea-b5cc-d44c3c536e51","","checklist-flat","no-status-not-started","Add Sub-contractor ITPs/photos","checklist-flat","FALSE","FALSE","HDC Site QA","HV Cable termination (MEGA ITPs)","HV-36 - GSB-3C to GSB-1B","ITP1 (Supply side)"
"cd02a0e0-86f7-4269-9ea9-064f83345186","","checklist-flat","no-status-not-started","Add Sub-contractor ITPs/photos","checklist-flat","FALSE","FALSE","HDC Site QA","HV Cable termination (MEGA ITPs)","HV-36 - GSB-3C to GSB-1B","ITP2 (Load side)"
"ecbb0e52-3f6c-423e-8fce-3a5e3c19e28b","","folder-normal","no-status-not-started","","step","TRUE","FALSE","HDC Site QA","HV Cable termination (MEGA ITPs)","HV-37 - GSB-2A to GSB-3C"
"8e6f786d-ef60-46a2-8f11-e7d428a92480","","checklist-flat","no-status-not-started","Add Sub-contractor ITPs/photos","checklist-flat","FALSE","FALSE","HDC Site QA","HV Cable termination (MEGA ITPs)","HV-37 - GSB-2A to GSB-3C","ITP1 (Supply side)"
"345395a6-b6f4-4026-99a2-0c0e81d634f8","","checklist-flat","no-status-not-started","Add Sub-contractor ITPs/photos","checklist-flat","FALSE","FALSE","HDC Site QA","HV Cable termination (MEGA ITPs)","HV-37 - GSB-2A to GSB-3C","ITP2 (Load side)"
"ee5d4da8-728e-4410-867d-3d29f337900e","","folder-normal","no-status-not-started","","step","TRUE","FALSE","HDC Site QA","HV Cable termination (MEGA ITPs)","HV-38 - GSB-2A to GSB-2B"
"cf7462f3-049f-452d-86f2-858421a28ffc","","checklist-flat","no-status-not-started","Add Sub-contractor ITPs/photos","checklist-flat","FALSE","FALSE","HDC Site QA","HV Cable termination (MEGA ITPs)","HV-38 - GSB-2A to GSB-2B","ITP1 (Supply side)"
"23e0fe86-80bb-43d6-81cb-ac76fac551ae","","checklist-flat","no-status-not-started","Add Sub-contractor ITPs/photos","checklist-flat","FALSE","FALSE","HDC Site QA","HV Cable termination (MEGA ITPs)","HV-38 - GSB-2A to GSB-2B","ITP2 (Load side)"
"51043c85-5f98-4770-b6eb-5607ed3b5a65","","folder-normal","no-status-not-started","","step","TRUE","FALSE","HDC Site QA","HV Cable termination (MEGA ITPs)","HV-39 - GSB-2B to GLB"
"34bfedcd-cf30-456e-9ba3-7229c874587e","","checklist-flat","no-status-not-started","Add Sub-contractor ITPs/photos","checklist-flat","FALSE","FALSE","HDC Site QA","HV Cable termination (MEGA ITPs)","HV-39 - GSB-2B to GLB","ITP1 (Supply side)"
"4051b40b-ec0e-4ea7-a8e3-671acc03f9a9","","checklist-flat","no-status-not-started","Add Sub-contractor ITPs/photos","checklist-flat","FALSE","FALSE","HDC Site QA","HV Cable termination (MEGA ITPs)","HV-39 - GSB-2B to GLB","ITP2 (Load side)"
"147492c1-6789-4be4-8488-01111a7a89c8","","folder-normal","no-status-not-started","","step","TRUE","FALSE","HDC Site QA","HV Cable termination (MEGA ITPs)","HV-40 - GSB-2C to GLB"
"c067d53f-bab7-4a07-b6ff-986c254ea703","","checklist-flat","no-status-not-started","Add Sub-contractor ITPs/photos","checklist-flat","FALSE","FALSE","HDC Site QA","HV Cable termination (MEGA ITPs)","HV-40 - GSB-2C to GLB","ITP1 (Supply side)"
"0c159671-af43-4371-9913-ce18bf8e209b","","checklist-flat","no-status-not-started","Add Sub-contractor ITPs/photos","checklist-flat","FALSE","FALSE","HDC Site QA","HV Cable termination (MEGA ITPs)","HV-40 - GSB-2C to GLB","ITP2 (Load side)"
"adaa03e7-20fd-47b9-9818-b811ac9732fc","","folder-normal","no-status-not-started","","step","TRUE","FALSE","HDC Site QA","HV Cable termination (MEGA ITPs)","HV-41 - GSB-H to GLB"
"f36c817d-855d-4eff-9e44-48dc27f0c26b","","checklist-flat","no-status-not-started","Add Sub-contractor ITPs/photos","checklist-flat","FALSE","FALSE","HDC Site QA","HV Cable termination (MEGA ITPs)","HV-41 - GSB-H to GLB","ITP1 (Supply side)"
"2984a5b2-cae6-4b23-a3a1-286bdffd5f77","","checklist-flat","no-status-not-started","Add Sub-contractor ITPs/photos","checklist-flat","FALSE","FALSE","HDC Site QA","HV Cable termination (MEGA ITPs)","HV-41 - GSB-H to GLB","ITP2 (Load side)"
"38c876c1-e980-43f4-96bc-6bb8a1ddb988","","folder-normal","no-status-not-started","","step","TRUE","FALSE","HDC Site QA","HV Cable termination (MEGA ITPs)","HV-42 - GLB to TX-LB"
"ddb35f91-baba-4c76-8b7f-6f20a28fa4bd","","checklist-flat","no-status-not-started","Add Sub-contractor ITPs/photos","checklist-flat","FALSE","FALSE","HDC Site QA","HV Cable termination (MEGA ITPs)","HV-42 - GLB to TX-LB","ITP1 (Supply side)"
"b707f69c-b6d5-47c1-ba4a-0f12cc7d6e68","","checklist-flat","no-status-not-started","Add Sub-contractor ITPs/photos","checklist-flat","FALSE","FALSE","HDC Site QA","HV Cable termination (MEGA ITPs)","HV-42 - GLB to TX-LB","ITP2 (Load side)"
