resource,type,Add Step,Add Post,Tier 1,Tier 2 ,Tier 3,Tier 4,Tier 5,Tier 6,Tier 7,Tier 8,Tier 9
,step,,,Basement,,,,,,,,
,step,,,,Rack: 4B40.16-PPC-00001,,,,,,,
Communications - Cabinet,checklist,,,,,Cabinet ITC,,,,,,
,step,,,,,Patch Panel: 4B40.16-PPT-00001,,,,,,
Communications - Copper,checklist,,,,,,4B40.16-001,,,,,
Communications - Copper,checklist,,,,,,4B40.16-002,,,,,
Communications - Copper,checklist,,,,,,4B40.16-003,,,,,
Communications - Copper,checklist,,,,,,4B40.16-004,,,,,
Communications - Copper,checklist,,,,,,4B40.16-005,,,,,
Communications - Copper,checklist,,,,,,4B40.16-006,,,,,
Communications - Copper,checklist,,,,,,4B40.16-007,,,,,
Communications - Copper,checklist,,,,,,4B40.16-008,,,,,
Communications - Copper,checklist,,,,,,4B40.16-009,,,,,
Communications - Copper,checklist,,,,,,4B40.16-010,,,,,
Communications - Copper,checklist,,,,,,4B40.16-011,,,,,
Communications - Copper,checklist,,,,,,4B40.16-012,,,,,
Communications - Copper,checklist,,,,,,4B40.16-013,,,,,
Communications - Copper,checklist,,,,,,4B40.16-014,,,,,
Communications - Copper,checklist,,,,,,4B40.16-015,,,,,
Communications - Copper,checklist,,,,,,4B40.16-016,,,,,
Communications - Copper,checklist,,,,,,4B40.16-017,,,,,
Communications - Copper,checklist,,,,,,4B40.16-018,,,,,
Communications - Copper,checklist,,,,,,4B40.16-019,,,,,
Communications - Copper,checklist,,,,,,4B40.16-020,,,,,
Communications - Copper,checklist,,,,,,4B40.16-021,,,,,
Communications - Copper,checklist,,,,,,4B40.16-022,,,,,
Communications - Copper,checklist,,,,,,4B40.16-023,,,,,
Communications - Copper,checklist,,,,,,4B40.16-024,,,,,
,step,,,,,Patch Panel: 4B40.16-PPT-00002,,,,,,
Communications - Copper,checklist,,,,,,4B40.16-025,,,,,
Communications - Copper,checklist,,,,,,4B40.16-026,,,,,
Communications - Copper,checklist,,,,,,4B40.16-027,,,,,
Communications - Copper,checklist,,,,,,4B40.16-028,,,,,
Communications - Copper,checklist,,,,,,4B40.16-029,,,,,
Communications - Copper,checklist,,,,,,4B40.16-030,,,,,
Communications - Copper,checklist,,,,,,4B40.16-031,,,,,
Communications - Copper,checklist,,,,,,4B40.16-032,,,,,
Communications - Copper,checklist,,,,,,4B40.16-033,,,,,
Communications - Copper,checklist,,,,,,4B40.16-034,,,,,
Communications - Copper,checklist,,,,,,4B40.16-035,,,,,
Communications - Copper,checklist,,,,,,4B40.16-036,,,,,
Communications - Copper,checklist,,,,,,4B40.16-037,,,,,
Communications - Copper,checklist,,,,,,4B40.16-038,,,,,
Communications - Copper,checklist,,,,,,4B40.16-039,,,,,
Communications - Copper,checklist,,,,,,4B40.16-040,,,,,
Communications - Copper,checklist,,,,,,4B40.16-041,,,,,
Communications - Copper,checklist,,,,,,4B40.16-042,,,,,
Communications - Copper,checklist,,,,,,4B40.16-043,,,,,
Communications - Copper,checklist,,,,,,4B40.16-044,,,,,
Communications - Copper,checklist,,,,,,4B40.16-045,,,,,
Communications - Copper,checklist,,,,,,4B40.16-046,,,,,
Communications - Copper,checklist,,,,,,4B40.16-047,,,,,
Communications - Copper,checklist,,,,,,4B40.16-048,,,,,
,step,,,,,Patch Panel: 4B40.16-PPT-00003,,,,,,
Communications - Copper,checklist,,,,,,4B40.16-049,,,,,
Communications - Copper,checklist,,,,,,4B40.16-050,,,,,
Communications - Copper,checklist,,,,,,4B40.16-051,,,,,
Communications - Copper,checklist,,,,,,4B40.16-052,,,,,
Communications - Copper,checklist,,,,,,4B40.16-053,,,,,
Communications - Copper,checklist,,,,,,4B40.16-054,,,,,
Communications - Copper,checklist,,,,,,4B40.16-055,,,,,
Communications - Copper,checklist,,,,,,4B40.16-056,,,,,
Communications - Copper,checklist,,,,,,4B40.16-057,,,,,
Communications - Copper,checklist,,,,,,4B40.16-058,,,,,
Communications - Copper,checklist,,,,,,4B40.16-059,,,,,
Communications - Copper,checklist,,,,,,4B40.16-060,,,,,
Communications - Copper,checklist,,,,,,4B40.16-061,,,,,
Communications - Copper,checklist,,,,,,4B40.16-062,,,,,
Communications - Copper,checklist,,,,,,4B40.16-063,,,,,
Communications - Copper,checklist,,,,,,4B40.16-064,,,,,
Communications - Copper,checklist,,,,,,4B40.16-065,,,,,
Communications - Copper,checklist,,,,,,4B40.16-066,,,,,
Communications - Copper,checklist,,,,,,4B40.16-067,,,,,
Communications - Copper,checklist,,,,,,4B40.16-068,,,,,
Communications - Copper,checklist,,,,,,4B40.16-069,,,,,
Communications - Copper,checklist,,,,,,4B40.16-070,,,,,
Communications - Copper,checklist,,,,,,4B40.16-071,,,,,
Communications - Copper,checklist,,,,,,4B40.16-072,,,,,
,step,,,,,Patch Panel: 4B40.16-PPT-00004,,,,,,
Communications - Copper,checklist,,,,,,4B40.16-073,,,,,
Communications - Copper,checklist,,,,,,4B40.16-074,,,,,
Communications - Copper,checklist,,,,,,4B40.16-075,,,,,
Communications - Copper,checklist,,,,,,4B40.16-076,,,,,
Communications - Copper,checklist,,,,,,4B40.16-077,,,,,
Communications - Copper,checklist,,,,,,4B40.16-078,,,,,
Communications - Copper,checklist,,,,,,4B40.16-079,,,,,
Communications - Copper,checklist,,,,,,4B40.16-080,,,,,
Communications - Copper,checklist,,,,,,4B40.16-081,,,,,
Communications - Copper,checklist,,,,,,4B40.16-082,,,,,
Communications - Copper,checklist,,,,,,4B40.16-083,,,,,
Communications - Copper,checklist,,,,,,4B40.16-084,,,,,
Communications - Copper,checklist,,,,,,4B40.16-085,,,,,
Communications - Copper,checklist,,,,,,4B40.16-086,,,,,
Communications - Copper,checklist,,,,,,4B40.16-087,,,,,
Communications - Copper,checklist,,,,,,4B40.16-088,,,,,
Communications - Copper,checklist,,,,,,4B40.16-089,,,,,
Communications - Copper,checklist,,,,,,4B40.16-090,,,,,
Communications - Copper,checklist,,,,,,4B40.16-091,,,,,
Communications - Copper,checklist,,,,,,4B40.16-092,,,,,
Communications - Copper,checklist,,,,,,4B40.16-093,,,,,
Communications - Copper,checklist,,,,,,4B40.16-094,,,,,
Communications - Copper,checklist,,,,,,4B40.16-095,,,,,
Communications - Copper,checklist,,,,,,4B40.16-096,,,,,
,step,,,,,Patch Panel: 4B40.16-PPT-00005,,,,,,
Communications - Copper,checklist,,,,,,4B40.16-097,,,,,
Communications - Copper,checklist,,,,,,4B40.16-098,,,,,
Communications - Copper,checklist,,,,,,4B40.16-099,,,,,
Communications - Copper,checklist,,,,,,4B40.16-100,,,,,
Communications - Copper,checklist,,,,,,4B40.16-101,,,,,
Communications - Copper,checklist,,,,,,4B40.16-102,,,,,
Communications - Copper,checklist,,,,,,4B40.16-103,,,,,
Communications - Copper,checklist,,,,,,4B40.16-104,,,,,
Communications - Copper,checklist,,,,,,4B40.16-105,,,,,
Communications - Copper,checklist,,,,,,4B40.16-106,,,,,
Communications - Copper,checklist,,,,,,4B40.16-107,,,,,
Communications - Copper,checklist,,,,,,4B40.16-108,,,,,
Communications - Copper,checklist,,,,,,4B40.16-109,,,,,
Communications - Copper,checklist,,,,,,4B40.16-110,,,,,
Communications - Copper,checklist,,,,,,4B40.16-111,,,,,
Communications - Copper,checklist,,,,,,4B40.16-112,,,,,
Communications - Copper,checklist,,,,,,4B40.16-113,,,,,
Communications - Copper,checklist,,,,,,4B40.16-114,,,,,
Communications - Copper,checklist,,,,,,4B40.16-115,,,,,
Communications - Copper,checklist,,,,,,4B40.16-116,,,,,
Communications - Copper,checklist,,,,,,4B40.16-117,,,,,
Communications - Copper,checklist,,,,,,4B40.16-118,,,,,
Communications - Copper,checklist,,,,,,4B40.16-119,,,,,
Communications - Copper,checklist,,,,,,SPARE 1,,,,,
,step,,,,,Patch Panel: 4B40.16-PPT-00006,,,,,,
Communications - Copper,checklist,,,,,,SPARE 1,,,,,
Communications - Copper,checklist,,,,,,SPARE 2,,,,,
Communications - Copper,checklist,,,,,,SPARE 3,,,,,
Communications - Copper,checklist,,,,,,SPARE 4,,,,,
Communications - Copper,checklist,,,,,,SPARE 5,,,,,
Communications - Copper,checklist,,,,,,SPARE 6,,,,,
Communications - Copper,checklist,,,,,,SPARE 7,,,,,
Communications - Copper,checklist,,,,,,SPARE 8,,,,,
Communications - Copper,checklist,,,,,,SPARE 9,,,,,
Communications - Copper,checklist,,,,,,SPARE 10,,,,,
Communications - Copper,checklist,,,,,,SPARE 11,,,,,
Communications - Copper,checklist,,,,,,SPARE 12,,,,,
Communications - Copper,checklist,,,,,,SPARE 13,,,,,
Communications - Copper,checklist,,,,,,SPARE 14,,,,,
Communications - Copper,checklist,,,,,,SPARE 15,,,,,
Communications - Copper,checklist,,,,,,SPARE 16,,,,,
Communications - Copper,checklist,,,,,,SPARE 17,,,,,
Communications - Copper,checklist,,,,,,SPARE 18,,,,,
Communications - Copper,checklist,,,,,,SPARE 19,,,,,
Communications - Copper,checklist,,,,,,SPARE 20,,,,,
Communications - Copper,checklist,,,,,,SPARE 21,,,,,
Communications - Copper,checklist,,,,,,SPARE 22,,,,,
Communications - Copper,checklist,,,,,,SPARE 23,,,,,
Communications - Copper,checklist,,,,,,SPARE 24,,,,,
,step,,,,Rack: 4B42.18-PPC-00001,,,,,,,
Communications - Cabinet,checklist,,,,,Cabinet ITC,,,,,,
,step,,,,,Patch Panel: 4B42.18-PPT-00001,,,,,,
Communications - Copper,checklist,,,,,,4B42.18-001,,,,,
Communications - Copper,checklist,,,,,,4B42.18-002,,,,,
Communications - Copper,checklist,,,,,,4B42.18-003,,,,,
Communications - Copper,checklist,,,,,,4B42.18-004,,,,,
Communications - Copper,checklist,,,,,,4B42.18-005,,,,,
Communications - Copper,checklist,,,,,,4B42.18-006,,,,,
Communications - Copper,checklist,,,,,,4B42.18-007,,,,,
Communications - Copper,checklist,,,,,,4B42.18-008,,,,,
Communications - Copper,checklist,,,,,,4B42.18-009,,,,,
Communications - Copper,checklist,,,,,,4B42.18-010,,,,,
Communications - Copper,checklist,,,,,,4B42.18-011,,,,,
Communications - Copper,checklist,,,,,,4B42.18-012,,,,,
Communications - Copper,checklist,,,,,,4B42.18-013,,,,,
Communications - Copper,checklist,,,,,,4B42.18-014,,,,,
Communications - Copper,checklist,,,,,,4B42.18-015,,,,,
Communications - Copper,checklist,,,,,,4B42.18-016,,,,,
Communications - Copper,checklist,,,,,,4B42.18-017,,,,,
Communications - Copper,checklist,,,,,,4B42.18-018,,,,,
Communications - Copper,checklist,,,,,,4B42.18-019,,,,,
Communications - Copper,checklist,,,,,,4B42.18-020,,,,,
Communications - Copper,checklist,,,,,,4B42.18-021,,,,,
Communications - Copper,checklist,,,,,,4B42.18-022,,,,,
Communications - Copper,checklist,,,,,,4B42.18-023,,,,,
Communications - Copper,checklist,,,,,,4B42.18-024,,,,,
,step,,,,,Patch Panel: 4B42.18-PPT-00002,,,,,,
Communications - Copper,checklist,,,,,,4B42.18-025,,,,,
Communications - Copper,checklist,,,,,,4B42.18-026,,,,,
Communications - Copper,checklist,,,,,,4B42.18-027,,,,,
Communications - Copper,checklist,,,,,,4B42.18-028,,,,,
Communications - Copper,checklist,,,,,,4B42.18-029,,,,,
Communications - Copper,checklist,,,,,,4B42.18-030,,,,,
Communications - Copper,checklist,,,,,,4B42.18-031,,,,,
Communications - Copper,checklist,,,,,,4B42.18-032,,,,,
Communications - Copper,checklist,,,,,,4B42.18-033,,,,,
Communications - Copper,checklist,,,,,,4B42.18-034,,,,,
Communications - Copper,checklist,,,,,,4B42.18-035,,,,,
Communications - Copper,checklist,,,,,,4B42.18-036,,,,,
Communications - Copper,checklist,,,,,,4B42.18-037,,,,,
Communications - Copper,checklist,,,,,,4B42.18-038,,,,,
Communications - Copper,checklist,,,,,,4B42.18-039,,,,,
Communications - Copper,checklist,,,,,,4B42.18-040,,,,,
Communications - Copper,checklist,,,,,,4B42.18-041,,,,,
Communications - Copper,checklist,,,,,,4B42.18-042,,,,,
Communications - Copper,checklist,,,,,,4B42.18-043,,,,,
Communications - Copper,checklist,,,,,,4B42.18-044,,,,,
Communications - Copper,checklist,,,,,,4B42.18-045,,,,,
Communications - Copper,checklist,,,,,,4B42.18-046,,,,,
Communications - Copper,checklist,,,,,,4B42.18-047,,,,,
Communications - Copper,checklist,,,,,,4B42.18-048,,,,,
,step,,,,,Patch Panel: 4B42.18-PPT-00003,,,,,,
Communications - Copper,checklist,,,,,,4B42.18-049,,,,,
Communications - Copper,checklist,,,,,,4B42.18-050,,,,,
Communications - Copper,checklist,,,,,,4B42.18-051,,,,,
Communications - Copper,checklist,,,,,,4B42.18-052,,,,,
Communications - Copper,checklist,,,,,,4B42.18-053,,,,,
Communications - Copper,checklist,,,,,,4B42.18-054,,,,,
Communications - Copper,checklist,,,,,,4B42.18-055,,,,,
Communications - Copper,checklist,,,,,,4B42.18-056,,,,,
Communications - Copper,checklist,,,,,,4B42.18-057,,,,,
Communications - Copper,checklist,,,,,,4B42.18-058,,,,,
Communications - Copper,checklist,,,,,,4B42.18-059,,,,,
Communications - Copper,checklist,,,,,,4B42.18-060,,,,,
Communications - Copper,checklist,,,,,,4B42.18-061,,,,,
Communications - Copper,checklist,,,,,,4B42.18-062,,,,,
Communications - Copper,checklist,,,,,,4B42.18-063,,,,,
Communications - Copper,checklist,,,,,,4B42.18-064,,,,,
Communications - Copper,checklist,,,,,,4B42.18-065,,,,,
Communications - Copper,checklist,,,,,,4B42.18-066,,,,,
Communications - Copper,checklist,,,,,,4B42.18-067,,,,,
Communications - Copper,checklist,,,,,,SPARE 1,,,,,
Communications - Copper,checklist,,,,,,SPARE 2,,,,,
Communications - Copper,checklist,,,,,,SPARE 3,,,,,
Communications - Copper,checklist,,,,,,SPARE 4,,,,,
Communications - Copper,checklist,,,,,,SPARE 5,,,,,
,step,,,,,Patch Panel: 4B42.18-PPT-00004,,,,,,
Communications - Copper,checklist,,,,,,SPARE 1,,,,,
Communications - Copper,checklist,,,,,,SPARE 2,,,,,
Communications - Copper,checklist,,,,,,SPARE 3,,,,,
Communications - Copper,checklist,,,,,,SPARE 4,,,,,
Communications - Copper,checklist,,,,,,SPARE 5,,,,,
Communications - Copper,checklist,,,,,,SPARE 6,,,,,
Communications - Copper,checklist,,,,,,SPARE 7,,,,,
Communications - Copper,checklist,,,,,,SPARE 8,,,,,
Communications - Copper,checklist,,,,,,SPARE 9,,,,,
Communications - Copper,checklist,,,,,,SPARE 10,,,,,
Communications - Copper,checklist,,,,,,SPARE 11,,,,,
Communications - Copper,checklist,,,,,,SPARE 12,,,,,
Communications - Copper,checklist,,,,,,SPARE 13,,,,,
Communications - Copper,checklist,,,,,,SPARE 14,,,,,
Communications - Copper,checklist,,,,,,SPARE 15,,,,,
Communications - Copper,checklist,,,,,,SPARE 16,,,,,
Communications - Copper,checklist,,,,,,SPARE 17,,,,,
Communications - Copper,checklist,,,,,,SPARE 18,,,,,
Communications - Copper,checklist,,,,,,SPARE 19,,,,,
Communications - Copper,checklist,,,,,,SPARE 20,,,,,
Communications - Copper,checklist,,,,,,SPARE 21,,,,,
Communications - Copper,checklist,,,,,,SPARE 22,,,,,
Communications - Copper,checklist,,,,,,SPARE 23,,,,,
Communications - Copper,checklist,,,,,,SPARE 24,,,,,
,step,,,,,Patch Panel: 4B42.18-PPT-00005,,,,,,
Communications - Copper,checklist,,,,,,4B42.18-0-001,,,,,
Communications - Copper,checklist,,,,,,4B42.18-0-002,,,,,
Communications - Copper,checklist,,,,,,4B42.18-0-003,,,,,
Communications - Copper,checklist,,,,,,4B42.18-0-004,,,,,
Communications - Copper,checklist,,,,,,4B42.18-0-005,,,,,
Communications - Copper,checklist,,,,,,4B42.18-0-006,,,,,
Communications - Copper,checklist,,,,,,4B42.18-0-007,,,,,
Communications - Copper,checklist,,,,,,4B42.18-0-008,,,,,
Communications - Copper,checklist,,,,,,4B42.18-0-009,,,,,
Communications - Copper,checklist,,,,,,4B42.18-0-010,,,,,
Communications - Copper,checklist,,,,,,4B42.18-0-011,,,,,
Communications - Copper,checklist,,,,,,4B42.18-0-012,,,,,
Communications - Copper,checklist,,,,,,4B42.18-0-013,,,,,
Communications - Copper,checklist,,,,,,4B42.18-0-014,,,,,
Communications - Copper,checklist,,,,,,4B42.18-0-015,,,,,
Communications - Copper,checklist,,,,,,4B42.18-0-016,,,,,
Communications - Copper,checklist,,,,,,4B42.18-0-017,,,,,
Communications - Copper,checklist,,,,,,4B42.18-0-018,,,,,
Communications - Copper,checklist,,,,,,4B42.18-0-019,,,,,
Communications - Copper,checklist,,,,,,4B42.18-0-020,,,,,
Communications - Copper,checklist,,,,,,4B42.18-0-021,,,,,
Communications - Copper,checklist,,,,,,4B42.18-0-022,,,,,
Communications - Copper,checklist,,,,,,4B42.18-0-023,,,,,
Communications - Copper,checklist,,,,,,4B42.18-0-024,,,,,
,step,,,,,Patch Panel: 4B42.18-PPT-00006,,,,,,
Communications - Copper,checklist,,,,,,4B42.18-0-025,,,,,
Communications - Copper,checklist,,,,,,4B42.18-0-026,,,,,
Communications - Copper,checklist,,,,,,4B42.18-0-027,,,,,
Communications - Copper,checklist,,,,,,4B42.18-0-028,,,,,
Communications - Copper,checklist,,,,,,4B42.18-0-029,,,,,
Communications - Copper,checklist,,,,,,4B42.18-0-030,,,,,
Communications - Copper,checklist,,,,,,4B42.18-0-031,,,,,
Communications - Copper,checklist,,,,,,4B42.18-0-032,,,,,
Communications - Copper,checklist,,,,,,4B42.18-0-033,,,,,
Communications - Copper,checklist,,,,,,4B42.18-0-034,,,,,
Communications - Copper,checklist,,,,,,4B42.18-0-035,,,,,
Communications - Copper,checklist,,,,,,4B42.18-0-036,,,,,
Communications - Copper,checklist,,,,,,4B42.18-0-037,,,,,
Communications - Copper,checklist,,,,,,4B42.18-0-038,,,,,
Communications - Copper,checklist,,,,,,4B42.18-0-039,,,,,
Communications - Copper,checklist,,,,,,4B42.18-0-040,,,,,
Communications - Copper,checklist,,,,,,4B42.18-0-041,,,,,
Communications - Copper,checklist,,,,,,4B42.18-0-042,,,,,
Communications - Copper,checklist,,,,,,4B42.18-0-043,,,,,
Communications - Copper,checklist,,,,,,4B42.18-0-044,,,,,
Communications - Copper,checklist,,,,,,4B42.18-0-045,,,,,
Communications - Copper,checklist,,,,,,4B42.18-0-046,,,,,
Communications - Copper,checklist,,,,,,4B42.18-0-047,,,,,
Communications - Copper,checklist,,,,,,4B42.18-0-048,,,,,
,step,,,,,Patch Panel: 4B42.18-PPT-00007,,,,,,
Communications - Copper,checklist,,,,,,4B42.18-0-049,,,,,
Communications - Copper,checklist,,,,,,SPARE 1,,,,,
Communications - Copper,checklist,,,,,,SPARE 2,,,,,
Communications - Copper,checklist,,,,,,SPARE 3,,,,,
Communications - Copper,checklist,,,,,,SPARE 4,,,,,
Communications - Copper,checklist,,,,,,SPARE 5,,,,,
Communications - Copper,checklist,,,,,,SPARE 6,,,,,
Communications - Copper,checklist,,,,,,SPARE 7,,,,,
Communications - Copper,checklist,,,,,,SPARE 8,,,,,
Communications - Copper,checklist,,,,,,SPARE 9,,,,,
Communications - Copper,checklist,,,,,,SPARE 10,,,,,
Communications - Copper,checklist,,,,,,SPARE 11,,,,,
Communications - Copper,checklist,,,,,,SPARE 12,,,,,
Communications - Copper,checklist,,,,,,SPARE 13,,,,,
Communications - Copper,checklist,,,,,,SPARE 14,,,,,
Communications - Copper,checklist,,,,,,SPARE 15,,,,,
Communications - Copper,checklist,,,,,,SPARE 16,,,,,
Communications - Copper,checklist,,,,,,SPARE 17,,,,,
Communications - Copper,checklist,,,,,,SPARE 18,,,,,
Communications - Copper,checklist,,,,,,SPARE 19,,,,,
Communications - Copper,checklist,,,,,,SPARE 20,,,,,
Communications - Copper,checklist,,,,,,SPARE 21,,,,,
Communications - Copper,checklist,,,,,,SPARE 22,,,,,
Communications - Copper,checklist,,,,,,SPARE 23,,,,,
,step,,,,Rack: 4B43.06-PPC-00001,,,,,,,
Communications - Cabinet,checklist,,,,,Cabinet ITC,,,,,,
,step,,,,,Patch Panel: 4B43.06-PPT-00001,,,,,,
Communications - Copper,checklist,,,,,,4B43.06-001,,,,,
Communications - Copper,checklist,,,,,,4B43.06-002,,,,,
Communications - Copper,checklist,,,,,,4B43.06-003,,,,,
Communications - Copper,checklist,,,,,,4B43.06-004,,,,,
Communications - Copper,checklist,,,,,,4B43.06-005,,,,,
Communications - Copper,checklist,,,,,,4B43.06-006,,,,,
Communications - Copper,checklist,,,,,,4B43.06-007,,,,,
Communications - Copper,checklist,,,,,,4B43.06-008,,,,,
Communications - Copper,checklist,,,,,,4B43.06-009,,,,,
Communications - Copper,checklist,,,,,,4B43.06-010,,,,,
Communications - Copper,checklist,,,,,,4B43.06-011,,,,,
Communications - Copper,checklist,,,,,,4B43.06-012,,,,,
Communications - Copper,checklist,,,,,,4B43.06-013,,,,,
Communications - Copper,checklist,,,,,,4B43.06-014,,,,,
Communications - Copper,checklist,,,,,,4B43.06-015,,,,,
Communications - Copper,checklist,,,,,,4B43.06-016,,,,,
Communications - Copper,checklist,,,,,,4B43.06-017,,,,,
Communications - Copper,checklist,,,,,,4B43.06-018,,,,,
Communications - Copper,checklist,,,,,,4B43.06-019,,,,,
Communications - Copper,checklist,,,,,,4B43.06-020,,,,,
Communications - Copper,checklist,,,,,,4B43.06-021,,,,,
Communications - Copper,checklist,,,,,,4B43.06-022,,,,,
Communications - Copper,checklist,,,,,,4B43.06-023,,,,,
Communications - Copper,checklist,,,,,,4B43.06-024,,,,,
,step,,,,,Patch Panel: 4B43.06-PPT-00002,,,,,,
Communications - Copper,checklist,,,,,,4B43.06-025,,,,,
Communications - Copper,checklist,,,,,,4B43.06-026,,,,,
Communications - Copper,checklist,,,,,,4B43.06-027,,,,,
Communications - Copper,checklist,,,,,,4B43.06-028,,,,,
Communications - Copper,checklist,,,,,,4B43.06-029,,,,,
Communications - Copper,checklist,,,,,,4B43.06-030,,,,,
Communications - Copper,checklist,,,,,,4B43.06-031,,,,,
Communications - Copper,checklist,,,,,,4B43.06-032,,,,,
Communications - Copper,checklist,,,,,,4B43.06-033,,,,,
Communications - Copper,checklist,,,,,,4B43.06-034,,,,,
Communications - Copper,checklist,,,,,,4B43.06-035,,,,,
Communications - Copper,checklist,,,,,,4B43.06-036,,,,,
Communications - Copper,checklist,,,,,,4B43.06-037,,,,,
Communications - Copper,checklist,,,,,,4B43.06-038,,,,,
Communications - Copper,checklist,,,,,,4B43.06-039,,,,,
Communications - Copper,checklist,,,,,,4B43.06-040,,,,,
Communications - Copper,checklist,,,,,,4B43.06-041,,,,,
Communications - Copper,checklist,,,,,,4B43.06-042,,,,,
Communications - Copper,checklist,,,,,,4B43.06-043,,,,,
Communications - Copper,checklist,,,,,,4B43.06-044,,,,,
Communications - Copper,checklist,,,,,,4B43.06-045,,,,,
Communications - Copper,checklist,,,,,,4B43.06-046,,,,,
Communications - Copper,checklist,,,,,,4B43.06-047,,,,,
Communications - Copper,checklist,,,,,,4B43.06-048,,,,,
,step,,,,,Patch Panel: 4B43.06-PPT-00003,,,,,,
Communications - Copper,checklist,,,,,,4B43.06-049,,,,,
Communications - Copper,checklist,,,,,,4B43.06-050,,,,,
Communications - Copper,checklist,,,,,,4B43.06-051,,,,,
Communications - Copper,checklist,,,,,,4B43.06-052,,,,,
Communications - Copper,checklist,,,,,,4B43.06-053,,,,,
Communications - Copper,checklist,,,,,,4B43.06-054,,,,,
Communications - Copper,checklist,,,,,,4B43.06-055,,,,,
Communications - Copper,checklist,,,,,,4B43.06-056,,,,,
Communications - Copper,checklist,,,,,,4B43.06-057,,,,,
Communications - Copper,checklist,,,,,,4B43.06-058,,,,,
Communications - Copper,checklist,,,,,,4B43.06-059,,,,,
Communications - Copper,checklist,,,,,,4B43.06-060,,,,,
Communications - Copper,checklist,,,,,,4B43.06-061,,,,,
Communications - Copper,checklist,,,,,,4B43.06-062,,,,,
Communications - Copper,checklist,,,,,,4B43.06-063,,,,,
Communications - Copper,checklist,,,,,,4B43.06-064,,,,,
Communications - Copper,checklist,,,,,,4B43.06-065,,,,,
Communications - Copper,checklist,,,,,,4B43.06-066,,,,,
Communications - Copper,checklist,,,,,,4B43.06-067,,,,,
Communications - Copper,checklist,,,,,,4B43.06-068,,,,,
Communications - Copper,checklist,,,,,,4B43.06-069,,,,,
Communications - Copper,checklist,,,,,,4B43.06-070,,,,,
Communications - Copper,checklist,,,,,,4B43.06-071,,,,,
Communications - Copper,checklist,,,,,,4B43.06-072,,,,,
,step,,,,,Patch Panel: 4B43.06-PPT-00004,,,,,,
Communications - Copper,checklist,,,,,,4B43.06-073,,,,,
Communications - Copper,checklist,,,,,,4B43.06-074,,,,,
Communications - Copper,checklist,,,,,,4B43.06-075,,,,,
Communications - Copper,checklist,,,,,,4B43.06-076,,,,,
Communications - Copper,checklist,,,,,,4B43.06-077,,,,,
Communications - Copper,checklist,,,,,,4B43.06-078,,,,,
Communications - Copper,checklist,,,,,,4B43.06-079,,,,,
Communications - Copper,checklist,,,,,,4B43.06-080,,,,,
Communications - Copper,checklist,,,,,,4B43.06-081,,,,,
Communications - Copper,checklist,,,,,,4B43.06-082,,,,,
Communications - Copper,checklist,,,,,,4B43.06-083,,,,,
Communications - Copper,checklist,,,,,,4B43.06-084,,,,,
Communications - Copper,checklist,,,,,,4B43.06-085,,,,,
Communications - Copper,checklist,,,,,,4B43.06-086,,,,,
Communications - Copper,checklist,,,,,,4B43.06-087,,,,,
Communications - Copper,checklist,,,,,,4B43.06-088,,,,,
Communications - Copper,checklist,,,,,,4B43.06-089,,,,,
Communications - Copper,checklist,,,,,,SPARE 1,,,,,
Communications - Copper,checklist,,,,,,SPARE 2,,,,,
Communications - Copper,checklist,,,,,,SPARE 3,,,,,
Communications - Copper,checklist,,,,,,SPARE 4,,,,,
Communications - Copper,checklist,,,,,,SPARE 5,,,,,
Communications - Copper,checklist,,,,,,SPARE 6,,,,,
Communications - Copper,checklist,,,,,,SPARE 7,,,,,
,step,,,,Rack: 4B43.01-PPC-00001,,,,,,,
Communications - Cabinet,checklist,,,,,Cabinet ITC,,,,,,
,step,,,,,Patch Panel: 4B43.01-PPT-00001,,,,,,
Communications - Copper,checklist,,,,,,4B43.01-001,,,,,
Communications - Copper,checklist,,,,,,4B43.01-002,,,,,
Communications - Copper,checklist,,,,,,4B43.01-003,,,,,
Communications - Copper,checklist,,,,,,4B43.01-004,,,,,
Communications - Copper,checklist,,,,,,4B43.01-005,,,,,
Communications - Copper,checklist,,,,,,4B43.01-006,,,,,
Communications - Copper,checklist,,,,,,4B43.01-007,,,,,
Communications - Copper,checklist,,,,,,4B43.01-008,,,,,
Communications - Copper,checklist,,,,,,4B43.01-009,,,,,
Communications - Copper,checklist,,,,,,4B43.01-010,,,,,
Communications - Copper,checklist,,,,,,4B43.01-011,,,,,
Communications - Copper,checklist,,,,,,4B43.01-012,,,,,
Communications - Copper,checklist,,,,,,4B43.01-013,,,,,
Communications - Copper,checklist,,,,,,4B43.01-014,,,,,
Communications - Copper,checklist,,,,,,4B43.01-015,,,,,
Communications - Copper,checklist,,,,,,4B43.01-016,,,,,
Communications - Copper,checklist,,,,,,4B43.01-017,,,,,
Communications - Copper,checklist,,,,,,4B43.01-018,,,,,
Communications - Copper,checklist,,,,,,4B43.01-019,,,,,
Communications - Copper,checklist,,,,,,4B43.01-020,,,,,
Communications - Copper,checklist,,,,,,4B43.01-021,,,,,
Communications - Copper,checklist,,,,,,4B43.01-022,,,,,
Communications - Copper,checklist,,,,,,4B43.01-023,,,,,
Communications - Copper,checklist,,,,,,4B43.01-024,,,,,
,step,,,,,Patch Panel: 4B43.01-PPT-00002,,,,,,
Communications - Copper,checklist,,,,,,4B43.01-025,,,,,
Communications - Copper,checklist,,,,,,4B43.01-026,,,,,
Communications - Copper,checklist,,,,,,4B43.01-027,,,,,
Communications - Copper,checklist,,,,,,4B43.01-028,,,,,
Communications - Copper,checklist,,,,,,4B43.01-029,,,,,
Communications - Copper,checklist,,,,,,4B43.01-030,,,,,
Communications - Copper,checklist,,,,,,4B43.01-031,,,,,
Communications - Copper,checklist,,,,,,4B43.01-032,,,,,
Communications - Copper,checklist,,,,,,4B43.01-033,,,,,
Communications - Copper,checklist,,,,,,4B43.01-034,,,,,
Communications - Copper,checklist,,,,,,4B43.01-035,,,,,
Communications - Copper,checklist,,,,,,4B43.01-036,,,,,
Communications - Copper,checklist,,,,,,4B43.01-037,,,,,
Communications - Copper,checklist,,,,,,4B43.01-038,,,,,
Communications - Copper,checklist,,,,,,4B43.01-039,,,,,
Communications - Copper,checklist,,,,,,4B43.01-040,,,,,
Communications - Copper,checklist,,,,,,4B43.01-041,,,,,
Communications - Copper,checklist,,,,,,4B43.01-042,,,,,
Communications - Copper,checklist,,,,,,4B43.01-043,,,,,
Communications - Copper,checklist,,,,,,4B43.01-044,,,,,
Communications - Copper,checklist,,,,,,4B43.01-045,,,,,
Communications - Copper,checklist,,,,,,4B43.01-046,,,,,
Communications - Copper,checklist,,,,,,4B43.01-047,,,,,
Communications - Copper,checklist,,,,,,4B43.01-048,,,,,
,step,,,,,Patch Panel: 4B43.01-PPT-00003,,,,,,
Communications - Copper,checklist,,,,,,4B43.01-049,,,,,
Communications - Copper,checklist,,,,,,4B43.01-050,,,,,
Communications - Copper,checklist,,,,,,4B43.01-051,,,,,
Communications - Copper,checklist,,,,,,4B43.01-052,,,,,
Communications - Copper,checklist,,,,,,4B43.01-053,,,,,
Communications - Copper,checklist,,,,,,4B43.01-054,,,,,
Communications - Copper,checklist,,,,,,4B43.01-055,,,,,
Communications - Copper,checklist,,,,,,4B43.01-056,,,,,
Communications - Copper,checklist,,,,,,4B43.01-057,,,,,
Communications - Copper,checklist,,,,,,4B43.01-058,,,,,
Communications - Copper,checklist,,,,,,4B43.01-059,,,,,
Communications - Copper,checklist,,,,,,4B43.01-060,,,,,
Communications - Copper,checklist,,,,,,4B43.01-061,,,,,
Communications - Copper,checklist,,,,,,4B43.01-062,,,,,
Communications - Copper,checklist,,,,,,4B43.01-063,,,,,
Communications - Copper,checklist,,,,,,4B43.01-064,,,,,
Communications - Copper,checklist,,,,,,4B43.01-065,,,,,
Communications - Copper,checklist,,,,,,4B43.01-066,,,,,
Communications - Copper,checklist,,,,,,4B43.01-067,,,,,
Communications - Copper,checklist,,,,,,4B43.01-068,,,,,
Communications - Copper,checklist,,,,,,4B43.01-069,,,,,
Communications - Copper,checklist,,,,,,4B43.01-070,,,,,
Communications - Copper,checklist,,,,,,4B43.01-071,,,,,
Communications - Copper,checklist,,,,,,4B43.01-072,,,,,
,step,,,,,Patch Panel: 4B43.01-PPT-00004,,,,,,
Communications - Copper,checklist,,,,,,SPARE 1,,,,,
Communications - Copper,checklist,,,,,,SPARE 2,,,,,
Communications - Copper,checklist,,,,,,SPARE 3,,,,,
Communications - Copper,checklist,,,,,,SPARE 4,,,,,
Communications - Copper,checklist,,,,,,SPARE 5,,,,,
Communications - Copper,checklist,,,,,,SPARE 6,,,,,
Communications - Copper,checklist,,,,,,SPARE 7,,,,,
Communications - Copper,checklist,,,,,,SPARE 8,,,,,
Communications - Copper,checklist,,,,,,SPARE 9,,,,,
Communications - Copper,checklist,,,,,,SPARE 10,,,,,
Communications - Copper,checklist,,,,,,SPARE 11,,,,,
Communications - Copper,checklist,,,,,,SPARE 12,,,,,
Communications - Copper,checklist,,,,,,SPARE 13,,,,,
Communications - Copper,checklist,,,,,,SPARE 14,,,,,
Communications - Copper,checklist,,,,,,SPARE 15,,,,,
Communications - Copper,checklist,,,,,,SPARE 16,,,,,
Communications - Copper,checklist,,,,,,SPARE 17,,,,,
Communications - Copper,checklist,,,,,,SPARE 18,,,,,
Communications - Copper,checklist,,,,,,SPARE 19,,,,,
Communications - Copper,checklist,,,,,,SPARE 20,,,,,
Communications - Copper,checklist,,,,,,SPARE 21,,,,,
Communications - Copper,checklist,,,,,,SPARE 22,,,,,
Communications - Copper,checklist,,,,,,SPARE 23,,,,,
Communications - Copper,checklist,,,,,,SPARE 24,,,,,
,step,,,,Rack: 4B44.01-PPC-00001,,,,,,,
Communications - Cabinet,checklist,,,,,Cabinet ITC,,,,,,
,step,,,,,Patch Panel: 4B44.01-PPT-00001,,,,,,
Communications - Copper,checklist,,,,,,4B44.01-001,,,,,
Communications - Copper,checklist,,,,,,4B44.01-002,,,,,
Communications - Copper,checklist,,,,,,4B44.01-003,,,,,
Communications - Copper,checklist,,,,,,4B44.01-004,,,,,
Communications - Copper,checklist,,,,,,4B44.01-005,,,,,
Communications - Copper,checklist,,,,,,4B44.01-006,,,,,
Communications - Copper,checklist,,,,,,4B44.01-007,,,,,
Communications - Copper,checklist,,,,,,4B44.01-008,,,,,
Communications - Copper,checklist,,,,,,4B44.01-009,,,,,
Communications - Copper,checklist,,,,,,4B44.01-010,,,,,
Communications - Copper,checklist,,,,,,4B44.01-011,,,,,
Communications - Copper,checklist,,,,,,4B44.01-012,,,,,
Communications - Copper,checklist,,,,,,4B44.01-013,,,,,
Communications - Copper,checklist,,,,,,4B44.01-014,,,,,
Communications - Copper,checklist,,,,,,4B44.01-015,,,,,
Communications - Copper,checklist,,,,,,4B44.01-016,,,,,
Communications - Copper,checklist,,,,,,4B44.01-017,,,,,
Communications - Copper,checklist,,,,,,4B44.01-018,,,,,
Communications - Copper,checklist,,,,,,4B44.01-019,,,,,
Communications - Copper,checklist,,,,,,4B44.01-020,,,,,
Communications - Copper,checklist,,,,,,4B44.01-021,,,,,
Communications - Copper,checklist,,,,,,4B44.01-022,,,,,
Communications - Copper,checklist,,,,,,4B44.01-023,,,,,
Communications - Copper,checklist,,,,,,4B44.01-024,,,,,
,step,,,,,Patch Panel: 4B44.01-PPT-00002,,,,,,
Communications - Copper,checklist,,,,,,4B44.01-025,,,,,
Communications - Copper,checklist,,,,,,4B44.01-026,,,,,
Communications - Copper,checklist,,,,,,4B44.01-027,,,,,
Communications - Copper,checklist,,,,,,4B44.01-028,,,,,
Communications - Copper,checklist,,,,,,4B44.01-029,,,,,
Communications - Copper,checklist,,,,,,4B44.01-030,,,,,
Communications - Copper,checklist,,,,,,4B44.01-031,,,,,
Communications - Copper,checklist,,,,,,4B44.01-032,,,,,
Communications - Copper,checklist,,,,,,4B44.01-033,,,,,
Communications - Copper,checklist,,,,,,4B44.01-034,,,,,
Communications - Copper,checklist,,,,,,4B44.01-035,,,,,
Communications - Copper,checklist,,,,,,4B44.01-036,,,,,
Communications - Copper,checklist,,,,,,4B44.01-037,,,,,
Communications - Copper,checklist,,,,,,4B44.01-038,,,,,
Communications - Copper,checklist,,,,,,4B44.01-039,,,,,
Communications - Copper,checklist,,,,,,4B44.01-040,,,,,
Communications - Copper,checklist,,,,,,4B44.01-041,,,,,
Communications - Copper,checklist,,,,,,4B44.01-042,,,,,
Communications - Copper,checklist,,,,,,4B44.01-043,,,,,
Communications - Copper,checklist,,,,,,4B44.01-044,,,,,
Communications - Copper,checklist,,,,,,4B44.01-045,,,,,
Communications - Copper,checklist,,,,,,4B44.01-046,,,,,
Communications - Copper,checklist,,,,,,4B44.01-047,,,,,
Communications - Copper,checklist,,,,,,4B44.01-048,,,,,
,step,,,,,Patch Panel: 4B44.01-PPT-00003,,,,,,
Communications - Copper,checklist,,,,,,4B44.01-049,,,,,
Communications - Copper,checklist,,,,,,4B44.01-050,,,,,
Communications - Copper,checklist,,,,,,4B44.01-051,,,,,
Communications - Copper,checklist,,,,,,4B44.01-052,,,,,
Communications - Copper,checklist,,,,,,4B44.01-053,,,,,
Communications - Copper,checklist,,,,,,4B44.01-054,,,,,
Communications - Copper,checklist,,,,,,4B44.01-055,,,,,
Communications - Copper,checklist,,,,,,4B44.01-056,,,,,
Communications - Copper,checklist,,,,,,4B44.01-057,,,,,
Communications - Copper,checklist,,,,,,4B44.01-058,,,,,
Communications - Copper,checklist,,,,,,4B44.01-059,,,,,
Communications - Copper,checklist,,,,,,4B44.01-060,,,,,
Communications - Copper,checklist,,,,,,4B44.01-061,,,,,
Communications - Copper,checklist,,,,,,4B44.01-062,,,,,
Communications - Copper,checklist,,,,,,4B44.01-063,,,,,
Communications - Copper,checklist,,,,,,4B44.01-064,,,,,
Communications - Copper,checklist,,,,,,4B44.01-065,,,,,
Communications - Copper,checklist,,,,,,4B44.01-066,,,,,
Communications - Copper,checklist,,,,,,4B44.01-067,,,,,
Communications - Copper,checklist,,,,,,4B44.01-068,,,,,
Communications - Copper,checklist,,,,,,4B44.01-069,,,,,
Communications - Copper,checklist,,,,,,4B44.01-070,,,,,
Communications - Copper,checklist,,,,,,4B44.01-071,,,,,
Communications - Copper,checklist,,,,,,4B44.01-072,,,,,
,step,,,,,Patch Panel: 4B44.01-PPT-00004,,,,,,
Communications - Copper,checklist,,,,,,4B44.01-073,,,,,
Communications - Copper,checklist,,,,,,4B44.01-074,,,,,
Communications - Copper,checklist,,,,,,4B44.01-075,,,,,
Communications - Copper,checklist,,,,,,4B44.01-076,,,,,
Communications - Copper,checklist,,,,,,4B44.01-077,,,,,
Communications - Copper,checklist,,,,,,4B44.01-078,,,,,
Communications - Copper,checklist,,,,,,4B44.01-079,,,,,
Communications - Copper,checklist,,,,,,4B44.01-080,,,,,
Communications - Copper,checklist,,,,,,4B44.01-081,,,,,
Communications - Copper,checklist,,,,,,4B44.01-082,,,,,
Communications - Copper,checklist,,,,,,4B44.01-083,,,,,
Communications - Copper,checklist,,,,,,4B44.01-084,,,,,
Communications - Copper,checklist,,,,,,4B44.01-085,,,,,
Communications - Copper,checklist,,,,,,4B44.01-086,,,,,
Communications - Copper,checklist,,,,,,4B44.01-087,,,,,
Communications - Copper,checklist,,,,,,4B44.01-088,,,,,
Communications - Copper,checklist,,,,,,4B44.01-089,,,,,
Communications - Copper,checklist,,,,,,4B44.01-090,,,,,
Communications - Copper,checklist,,,,,,4B44.01-091,,,,,
Communications - Copper,checklist,,,,,,4B44.01-092,,,,,
Communications - Copper,checklist,,,,,,4B44.01-093,,,,,
Communications - Copper,checklist,,,,,,4B44.01-094,,,,,
Communications - Copper,checklist,,,,,,4B44.01-095,,,,,
Communications - Copper,checklist,,,,,,4B44.01-096,,,,,
,step,,,,,Patch Panel: 4B44.01-PPT-00005,,,,,,
Communications - Copper,checklist,,,,,,4B44.01-097,,,,,
Communications - Copper,checklist,,,,,,4B44.01-098,,,,,
Communications - Copper,checklist,,,,,,4B44.01-099,,,,,
Communications - Copper,checklist,,,,,,4B44.01-100,,,,,
Communications - Copper,checklist,,,,,,4B44.01-101,,,,,
Communications - Copper,checklist,,,,,,4B44.01-102,,,,,
Communications - Copper,checklist,,,,,,4B44.01-103,,,,,
Communications - Copper,checklist,,,,,,4B44.01-104,,,,,
Communications - Copper,checklist,,,,,,4B44.01-105,,,,,
Communications - Copper,checklist,,,,,,4B44.01-106,,,,,
Communications - Copper,checklist,,,,,,4B44.01-107,,,,,
Communications - Copper,checklist,,,,,,4B44.01-108,,,,,
Communications - Copper,checklist,,,,,,4B44.01-109,,,,,
Communications - Copper,checklist,,,,,,4B44.01-110,,,,,
Communications - Copper,checklist,,,,,,4B44.01-111,,,,,
Communications - Copper,checklist,,,,,,4B44.01-112,,,,,
Communications - Copper,checklist,,,,,,4B44.01-113,,,,,
Communications - Copper,checklist,,,,,,4B44.01-114,,,,,
Communications - Copper,checklist,,,,,,4B44.01-115,,,,,
Communications - Copper,checklist,,,,,,4B44.01-116,,,,,
Communications - Copper,checklist,,,,,,4B44.01-117,,,,,
Communications - Copper,checklist,,,,,,4B44.01-118,,,,,
Communications - Copper,checklist,,,,,,4B44.01-119,,,,,
Communications - Copper,checklist,,,,,,4B44.01-120,,,,,
,step,,,,,Patch Panel: 4B44.01-PPT-00006,,,,,,
Communications - Copper,checklist,,,,,,4B44.01-121,,,,,
Communications - Copper,checklist,,,,,,4B44.01-122,,,,,
Communications - Copper,checklist,,,,,,4B44.01-123,,,,,
Communications - Copper,checklist,,,,,,4B44.01-124,,,,,
Communications - Copper,checklist,,,,,,4B44.01-125,,,,,
Communications - Copper,checklist,,,,,,4B44.01-126,,,,,
Communications - Copper,checklist,,,,,,4B44.01-127,,,,,
Communications - Copper,checklist,,,,,,4B44.01-128,,,,,
Communications - Copper,checklist,,,,,,4B44.01-129,,,,,
Communications - Copper,checklist,,,,,,4B44.01-130,,,,,
Communications - Copper,checklist,,,,,,4B44.01-131,,,,,
Communications - Copper,checklist,,,,,,4B44.01-132,,,,,
Communications - Copper,checklist,,,,,,4B44.01-133,,,,,
Communications - Copper,checklist,,,,,,4B44.01-134,,,,,
Communications - Copper,checklist,,,,,,4B44.01-135,,,,,
Communications - Copper,checklist,,,,,,4B44.01-136,,,,,
Communications - Copper,checklist,,,,,,4B44.01-137,,,,,
Communications - Copper,checklist,,,,,,4B44.01-138,,,,,
Communications - Copper,checklist,,,,,,4B44.01-139,,,,,
Communications - Copper,checklist,,,,,,4B44.01-140,,,,,
Communications - Copper,checklist,,,,,,4B44.01-141,,,,,
Communications - Copper,checklist,,,,,,4B44.01-142,,,,,
Communications - Copper,checklist,,,,,,4B44.01-143,,,,,
Communications - Copper,checklist,,,,,,4B44.01-144,,,,,
,step,,,,,Patch Panel: 4B44.01-PPT-00007,,,,,,
Communications - Copper,checklist,,,,,,4B44.01-145,,,,,
Communications - Copper,checklist,,,,,,4B44.01-146,,,,,
Communications - Copper,checklist,,,,,,4B44.01-147,,,,,
Communications - Copper,checklist,,,,,,4B44.01-148,,,,,
Communications - Copper,checklist,,,,,,4B44.01-149,,,,,
Communications - Copper,checklist,,,,,,4B44.01-150,,,,,
Communications - Copper,checklist,,,,,,4B44.01-151,,,,,
Communications - Copper,checklist,,,,,,4B44.01-152,,,,,
Communications - Copper,checklist,,,,,,4B44.01-153,,,,,
Communications - Copper,checklist,,,,,,4B44.01-154,,,,,
Communications - Copper,checklist,,,,,,4B44.01-155,,,,,
Communications - Copper,checklist,,,,,,4B44.01-156,,,,,
Communications - Copper,checklist,,,,,,4B44.01-157,,,,,
Communications - Copper,checklist,,,,,,4B44.01-158,,,,,
Communications - Copper,checklist,,,,,,4B44.01-159,,,,,
Communications - Copper,checklist,,,,,,4B44.01-160,,,,,
Communications - Copper,checklist,,,,,,4B44.01-161,,,,,
Communications - Copper,checklist,,,,,,4B44.01-162,,,,,
Communications - Copper,checklist,,,,,,4B44.01-163,,,,,
Communications - Copper,checklist,,,,,,4B44.01-164,,,,,
Communications - Copper,checklist,,,,,,4B44.01-165,,,,,
Communications - Copper,checklist,,,,,,4B44.01-166,,,,,
Communications - Copper,checklist,,,,,,4B44.01-167,,,,,
Communications - Copper,checklist,,,,,,4B44.01-168,,,,,
,step,,,,,Patch Panel: 4B44.01-PPT-00008,,,,,,
Communications - Copper,checklist,,,,,,4B44.01-169,,,,,
Communications - Copper,checklist,,,,,,4B44.01-170,,,,,
Communications - Copper,checklist,,,,,,4B44.01-171,,,,,
Communications - Copper,checklist,,,,,,4B44.01-172,,,,,
Communications - Copper,checklist,,,,,,4B44.01-173,,,,,
Communications - Copper,checklist,,,,,,4B44.01-174,,,,,
Communications - Copper,checklist,,,,,,4B44.01-175,,,,,
Communications - Copper,checklist,,,,,,4B44.01-176,,,,,
Communications - Copper,checklist,,,,,,4B44.01-177,,,,,
Communications - Copper,checklist,,,,,,4B44.01-178,,,,,
Communications - Copper,checklist,,,,,,4B44.01-179,,,,,
Communications - Copper,checklist,,,,,,4B44.01-180,,,,,
Communications - Copper,checklist,,,,,,4B44.01-181,,,,,
Communications - Copper,checklist,,,,,,4B44.01-182,,,,,
Communications - Copper,checklist,,,,,,4B44.01-183,,,,,
Communications - Copper,checklist,,,,,,4B44.01-184,,,,,
Communications - Copper,checklist,,,,,,SPARE 1,,,,,
Communications - Copper,checklist,,,,,,SPARE 2,,,,,
Communications - Copper,checklist,,,,,,SPARE 3,,,,,
Communications - Copper,checklist,,,,,,SPARE 4,,,,,
Communications - Copper,checklist,,,,,,SPARE 5,,,,,
Communications - Copper,checklist,,,,,,SPARE 6,,,,,
Communications - Copper,checklist,,,,,,SPARE 7,,,,,
Communications - Copper,checklist,,,,,,SPARE 8,,,,,
,step,,,,Rack: 4B44.02-PPC-00001,,,,,,,
Communications - Cabinet,checklist,,,,,Cabinet ITC,,,,,,
,step,,,,,Patch Panel: 4B44.02-PPT-00001,,,,,,
Communications - Copper,checklist,,,,,,4B44.02-001,,,,,
Communications - Copper,checklist,,,,,,4B44.02-002,,,,,
Communications - Copper,checklist,,,,,,4B44.02-003,,,,,
Communications - Copper,checklist,,,,,,4B44.02-004,,,,,
Communications - Copper,checklist,,,,,,4B44.02-005,,,,,
Communications - Copper,checklist,,,,,,4B44.02-006,,,,,
Communications - Copper,checklist,,,,,,4B44.02-007,,,,,
Communications - Copper,checklist,,,,,,4B44.02-008,,,,,
Communications - Copper,checklist,,,,,,4B44.02-009,,,,,
Communications - Copper,checklist,,,,,,4B44.02-010,,,,,
Communications - Copper,checklist,,,,,,4B44.02-011,,,,,
Communications - Copper,checklist,,,,,,4B44.02-012,,,,,
Communications - Copper,checklist,,,,,,4B44.02-013,,,,,
Communications - Copper,checklist,,,,,,4B44.02-014,,,,,
Communications - Copper,checklist,,,,,,4B44.02-015,,,,,
Communications - Copper,checklist,,,,,,4B44.02-016,,,,,
Communications - Copper,checklist,,,,,,4B44.02-017,,,,,
Communications - Copper,checklist,,,,,,4B44.02-018,,,,,
Communications - Copper,checklist,,,,,,4B44.02-019,,,,,
Communications - Copper,checklist,,,,,,4B44.02-020,,,,,
Communications - Copper,checklist,,,,,,4B44.02-021,,,,,
Communications - Copper,checklist,,,,,,4B44.02-022,,,,,
Communications - Copper,checklist,,,,,,4B44.02-023,,,,,
Communications - Copper,checklist,,,,,,4B44.02-024,,,,,
,step,,,,,Patch Panel: 4B44.02-PPT-00002,,,,,,
Communications - Copper,checklist,,,,,,4B44.02-025,,,,,
Communications - Copper,checklist,,,,,,4B44.02-026,,,,,
Communications - Copper,checklist,,,,,,4B44.02-027,,,,,
Communications - Copper,checklist,,,,,,4B44.02-028,,,,,
Communications - Copper,checklist,,,,,,4B44.02-029,,,,,
Communications - Copper,checklist,,,,,,4B44.02-030,,,,,
Communications - Copper,checklist,,,,,,4B44.02-031,,,,,
Communications - Copper,checklist,,,,,,4B44.02-032,,,,,
Communications - Copper,checklist,,,,,,4B44.02-033,,,,,
Communications - Copper,checklist,,,,,,4B44.02-034,,,,,
Communications - Copper,checklist,,,,,,4B44.02-035,,,,,
Communications - Copper,checklist,,,,,,4B44.02-036,,,,,
Communications - Copper,checklist,,,,,,4B44.02-037,,,,,
Communications - Copper,checklist,,,,,,4B44.02-038,,,,,
Communications - Copper,checklist,,,,,,4B44.02-039,,,,,
Communications - Copper,checklist,,,,,,4B44.02-040,,,,,
Communications - Copper,checklist,,,,,,4B44.02-041,,,,,
Communications - Copper,checklist,,,,,,4B44.02-042,,,,,
Communications - Copper,checklist,,,,,,4B44.02-043,,,,,
Communications - Copper,checklist,,,,,,4B44.02-044,,,,,
Communications - Copper,checklist,,,,,,4B44.02-045,,,,,
Communications - Copper,checklist,,,,,,4B44.02-046,,,,,
Communications - Copper,checklist,,,,,,4B44.02-047,,,,,
Communications - Copper,checklist,,,,,,4B44.02-048,,,,,
,step,,,,,Patch Panel: 4B44.02-PPT-00003,,,,,,
Communications - Copper,checklist,,,,,,4B44.02-049,,,,,
Communications - Copper,checklist,,,,,,4B44.02-050,,,,,
Communications - Copper,checklist,,,,,,4B44.02-051,,,,,
Communications - Copper,checklist,,,,,,4B44.02-052,,,,,
Communications - Copper,checklist,,,,,,4B44.02-053,,,,,
Communications - Copper,checklist,,,,,,SPARE 1,,,,,
Communications - Copper,checklist,,,,,,SPARE 2,,,,,
Communications - Copper,checklist,,,,,,SPARE 3,,,,,
Communications - Copper,checklist,,,,,,SPARE 4,,,,,
Communications - Copper,checklist,,,,,,SPARE 5,,,,,
Communications - Copper,checklist,,,,,,SPARE 6,,,,,
Communications - Copper,checklist,,,,,,SPARE 7,,,,,
Communications - Copper,checklist,,,,,,SPARE 8,,,,,
Communications - Copper,checklist,,,,,,SPARE 9,,,,,
Communications - Copper,checklist,,,,,,SPARE 10,,,,,
Communications - Copper,checklist,,,,,,SPARE 11,,,,,
Communications - Copper,checklist,,,,,,SPARE 12,,,,,
Communications - Copper,checklist,,,,,,SPARE 13,,,,,
Communications - Copper,checklist,,,,,,SPARE 14,,,,,
Communications - Copper,checklist,,,,,,SPARE 15,,,,,
Communications - Copper,checklist,,,,,,SPARE 16,,,,,
Communications - Copper,checklist,,,,,,SPARE 17,,,,,
Communications - Copper,checklist,,,,,,SPARE 18,,,,,
Communications - Copper,checklist,,,,,,SPARE 19,,,,,
,step,,,,Rack: 4B44.03-PPC-00001,,,,,,,
Communications - Cabinet,checklist,,,,,Cabinet ITC,,,,,,
,step,,,,,Patch Panel: 4B44.03-PPT-00001,,,,,,
Communications - Copper,checklist,,,,,,4B44.03-001,,,,,
Communications - Copper,checklist,,,,,,4B44.03-002,,,,,
Communications - Copper,checklist,,,,,,4B44.03-003,,,,,
Communications - Copper,checklist,,,,,,4B44.03-004,,,,,
Communications - Copper,checklist,,,,,,4B44.03-005,,,,,
Communications - Copper,checklist,,,,,,4B44.03-006,,,,,
Communications - Copper,checklist,,,,,,4B44.03-007,,,,,
Communications - Copper,checklist,,,,,,4B44.03-008,,,,,
Communications - Copper,checklist,,,,,,4B44.03-009,,,,,
Communications - Copper,checklist,,,,,,4B44.03-010,,,,,
Communications - Copper,checklist,,,,,,4B44.03-011,,,,,
Communications - Copper,checklist,,,,,,4B44.03-012,,,,,
Communications - Copper,checklist,,,,,,4B44.03-013,,,,,
Communications - Copper,checklist,,,,,,4B44.03-014,,,,,
Communications - Copper,checklist,,,,,,4B44.03-015,,,,,
Communications - Copper,checklist,,,,,,4B44.03-016,,,,,
Communications - Copper,checklist,,,,,,4B44.03-017,,,,,
Communications - Copper,checklist,,,,,,4B44.03-018,,,,,
Communications - Copper,checklist,,,,,,4B44.03-019,,,,,
Communications - Copper,checklist,,,,,,4B44.03-020,,,,,
Communications - Copper,checklist,,,,,,4B44.03-021,,,,,
Communications - Copper,checklist,,,,,,4B44.03-022,,,,,
Communications - Copper,checklist,,,,,,4B44.03-023,,,,,
Communications - Copper,checklist,,,,,,4B44.03-024,,,,,
,step,,,,,Patch Panel: 4B44.03-PPT-00002,,,,,,
Communications - Copper,checklist,,,,,,4B44.03-025,,,,,
Communications - Copper,checklist,,,,,,4B44.03-026,,,,,
Communications - Copper,checklist,,,,,,4B44.03-027,,,,,
Communications - Copper,checklist,,,,,,4B44.03-028,,,,,
Communications - Copper,checklist,,,,,,4B44.03-029,,,,,
Communications - Copper,checklist,,,,,,4B44.03-030,,,,,
Communications - Copper,checklist,,,,,,4B44.03-031,,,,,
Communications - Copper,checklist,,,,,,4B44.03-032,,,,,
Communications - Copper,checklist,,,,,,4B44.03-033,,,,,
Communications - Copper,checklist,,,,,,4B44.03-034,,,,,
Communications - Copper,checklist,,,,,,4B44.03-035,,,,,
Communications - Copper,checklist,,,,,,4B44.03-036,,,,,
Communications - Copper,checklist,,,,,,4B44.03-037,,,,,
Communications - Copper,checklist,,,,,,4B44.03-038,,,,,
Communications - Copper,checklist,,,,,,4B44.03-039,,,,,
Communications - Copper,checklist,,,,,,4B44.03-040,,,,,
Communications - Copper,checklist,,,,,,4B44.03-041,,,,,
Communications - Copper,checklist,,,,,,4B44.03-042,,,,,
Communications - Copper,checklist,,,,,,4B44.03-043,,,,,
Communications - Copper,checklist,,,,,,4B44.03-044,,,,,
Communications - Copper,checklist,,,,,,4B44.03-045,,,,,
Communications - Copper,checklist,,,,,,4B44.03-046,,,,,
Communications - Copper,checklist,,,,,,4B44.03-047,,,,,
Communications - Copper,checklist,,,,,,4B44.03-048,,,,,
,step,,,,,Patch Panel: 4B44.03-PPT-00003,,,,,,
Communications - Copper,checklist,,,,,,4B44.03-049,,,,,
Communications - Copper,checklist,,,,,,4B44.03-050,,,,,
Communications - Copper,checklist,,,,,,4B44.03-051,,,,,
Communications - Copper,checklist,,,,,,4B44.03-052,,,,,
Communications - Copper,checklist,,,,,,4B44.03-053,,,,,
Communications - Copper,checklist,,,,,,4B44.03-054,,,,,
Communications - Copper,checklist,,,,,,4B44.03-055,,,,,
Communications - Copper,checklist,,,,,,4B44.03-056,,,,,
Communications - Copper,checklist,,,,,,4B44.03-057,,,,,
Communications - Copper,checklist,,,,,,4B44.03-058,,,,,
Communications - Copper,checklist,,,,,,4B44.03-059,,,,,
Communications - Copper,checklist,,,,,,4B44.03-060,,,,,
Communications - Copper,checklist,,,,,,4B44.03-061,,,,,
Communications - Copper,checklist,,,,,,4B44.03-062,,,,,
Communications - Copper,checklist,,,,,,4B44.03-063,,,,,
Communications - Copper,checklist,,,,,,4B44.03-064,,,,,
Communications - Copper,checklist,,,,,,4B44.03-065,,,,,
Communications - Copper,checklist,,,,,,4B44.03-066,,,,,
Communications - Copper,checklist,,,,,,4B44.03-067,,,,,
Communications - Copper,checklist,,,,,,4B44.03-068,,,,,
Communications - Copper,checklist,,,,,,4B44.03-069,,,,,
Communications - Copper,checklist,,,,,,4B44.03-070,,,,,
Communications - Copper,checklist,,,,,,4B44.03-071,,,,,
Communications - Copper,checklist,,,,,,4B44.03-072,,,,,
,step,,,,,Patch Panel: 4B44.03-PPT-00004,,,,,,
Communications - Copper,checklist,,,,,,4B44.03-073,,,,,
Communications - Copper,checklist,,,,,,4B44.03-074,,,,,
Communications - Copper,checklist,,,,,,4B44.03-075,,,,,
Communications - Copper,checklist,,,,,,4B44.03-076,,,,,
Communications - Copper,checklist,,,,,,4B44.03-077,,,,,
Communications - Copper,checklist,,,,,,4B44.03-078,,,,,
Communications - Copper,checklist,,,,,,4B44.03-079,,,,,
Communications - Copper,checklist,,,,,,4B44.03-080,,,,,
Communications - Copper,checklist,,,,,,4B44.03-081,,,,,
Communications - Copper,checklist,,,,,,4B44.03-082,,,,,
Communications - Copper,checklist,,,,,,4B44.03-083,,,,,
Communications - Copper,checklist,,,,,,4B44.03-084,,,,,
Communications - Copper,checklist,,,,,,4B44.03-085,,,,,
Communications - Copper,checklist,,,,,,4B44.03-086,,,,,
Communications - Copper,checklist,,,,,,4B44.03-087,,,,,
Communications - Copper,checklist,,,,,,4B44.03-088,,,,,
Communications - Copper,checklist,,,,,,4B44.03-089,,,,,
Communications - Copper,checklist,,,,,,4B44.03-090,,,,,
Communications - Copper,checklist,,,,,,SPARE 1,,,,,
Communications - Copper,checklist,,,,,,SPARE 2,,,,,
Communications - Copper,checklist,,,,,,SPARE 3,,,,,
Communications - Copper,checklist,,,,,,SPARE 4,,,,,
Communications - Copper,checklist,,,,,,SPARE 5,,,,,
Communications - Copper,checklist,,,,,,SPARE 6,,,,,
,step,,,,Rack: 4B44.04-PPC-00001,,,,,,,
Communications - Cabinet,checklist,,,,,Cabinet ITC,,,,,,
,step,,,,,Patch Panel: 4B44.04-PPT-00001,,,,,,
Communications - Copper,checklist,,,,,,4B44.04-001,,,,,
Communications - Copper,checklist,,,,,,4B44.04-002,,,,,
Communications - Copper,checklist,,,,,,4B44.04-003,,,,,
Communications - Copper,checklist,,,,,,4B44.04-004,,,,,
Communications - Copper,checklist,,,,,,4B44.04-005,,,,,
Communications - Copper,checklist,,,,,,4B44.04-006,,,,,
Communications - Copper,checklist,,,,,,4B44.04-007,,,,,
Communications - Copper,checklist,,,,,,4B44.04-008,,,,,
Communications - Copper,checklist,,,,,,4B44.04-009,,,,,
Communications - Copper,checklist,,,,,,4B44.04-010,,,,,
Communications - Copper,checklist,,,,,,4B44.04-011,,,,,
Communications - Copper,checklist,,,,,,4B44.04-012,,,,,
Communications - Copper,checklist,,,,,,4B44.04-013,,,,,
Communications - Copper,checklist,,,,,,4B44.04-014,,,,,
Communications - Copper,checklist,,,,,,4B44.04-015,,,,,
Communications - Copper,checklist,,,,,,4B44.04-016,,,,,
Communications - Copper,checklist,,,,,,4B44.04-017,,,,,
Communications - Copper,checklist,,,,,,4B44.04-018,,,,,
Communications - Copper,checklist,,,,,,4B44.04-019,,,,,
Communications - Copper,checklist,,,,,,4B44.04-020,,,,,
Communications - Copper,checklist,,,,,,4B44.04-021,,,,,
Communications - Copper,checklist,,,,,,4B44.04-022,,,,,
Communications - Copper,checklist,,,,,,4B44.04-023,,,,,
Communications - Copper,checklist,,,,,,4B44.04-024,,,,,
,step,,,,,Patch Panel: 4B44.04-PPT-00002,,,,,,
Communications - Copper,checklist,,,,,,4B44.04-025,,,,,
Communications - Copper,checklist,,,,,,4B44.04-026,,,,,
Communications - Copper,checklist,,,,,,4B44.04-027,,,,,
Communications - Copper,checklist,,,,,,4B44.04-028,,,,,
Communications - Copper,checklist,,,,,,4B44.04-029,,,,,
Communications - Copper,checklist,,,,,,4B44.04-030,,,,,
Communications - Copper,checklist,,,,,,4B44.04-031,,,,,
Communications - Copper,checklist,,,,,,4B44.04-032,,,,,
Communications - Copper,checklist,,,,,,4B44.04-033,,,,,
Communications - Copper,checklist,,,,,,4B44.04-034,,,,,
Communications - Copper,checklist,,,,,,4B44.04-035,,,,,
Communications - Copper,checklist,,,,,,4B44.04-036,,,,,
Communications - Copper,checklist,,,,,,4B44.04-037,,,,,
Communications - Copper,checklist,,,,,,4B44.04-038,,,,,
Communications - Copper,checklist,,,,,,4B44.04-039,,,,,
Communications - Copper,checklist,,,,,,4B44.04-040,,,,,
Communications - Copper,checklist,,,,,,4B44.04-041,,,,,
Communications - Copper,checklist,,,,,,4B44.04-042,,,,,
Communications - Copper,checklist,,,,,,4B44.04-043,,,,,
Communications - Copper,checklist,,,,,,4B44.04-044,,,,,
Communications - Copper,checklist,,,,,,4B44.04-045,,,,,
Communications - Copper,checklist,,,,,,4B44.04-046,,,,,
Communications - Copper,checklist,,,,,,4B44.04-047,,,,,
Communications - Copper,checklist,,,,,,4B44.04-048,,,,,
,step,,,,,Patch Panel: 4B44.04-PPT-00003,,,,,,
Communications - Copper,checklist,,,,,,4B44.04-049,,,,,
Communications - Copper,checklist,,,,,,4B44.04-050,,,,,
Communications - Copper,checklist,,,,,,4B44.04-051,,,,,
Communications - Copper,checklist,,,,,,4B44.04-052,,,,,
Communications - Copper,checklist,,,,,,4B44.04-053,,,,,
Communications - Copper,checklist,,,,,,4B44.04-054,,,,,
Communications - Copper,checklist,,,,,,4B44.04-055,,,,,
Communications - Copper,checklist,,,,,,4B44.04-056,,,,,
Communications - Copper,checklist,,,,,,4B44.04-057,,,,,
Communications - Copper,checklist,,,,,,4B44.04-058,,,,,
Communications - Copper,checklist,,,,,,4B44.04-059,,,,,
Communications - Copper,checklist,,,,,,4B44.04-060,,,,,
Communications - Copper,checklist,,,,,,4B44.04-061,,,,,
Communications - Copper,checklist,,,,,,4B44.04-062,,,,,
Communications - Copper,checklist,,,,,,4B44.04-063,,,,,
Communications - Copper,checklist,,,,,,4B44.04-064,,,,,
Communications - Copper,checklist,,,,,,4B44.04-065,,,,,
Communications - Copper,checklist,,,,,,4B44.04-066,,,,,
Communications - Copper,checklist,,,,,,4B44.04-067,,,,,
Communications - Copper,checklist,,,,,,4B44.04-068,,,,,
Communications - Copper,checklist,,,,,,4B44.04-069,,,,,
Communications - Copper,checklist,,,,,,4B44.04-070,,,,,
Communications - Copper,checklist,,,,,,4B44.04-071,,,,,
Communications - Copper,checklist,,,,,,4B44.04-072,,,,,
,step,,,,,Patch Panel: 4B44.04-PPT-00004,,,,,,
Communications - Copper,checklist,,,,,,4B44.04-073,,,,,
Communications - Copper,checklist,,,,,,4B44.04-074,,,,,
Communications - Copper,checklist,,,,,,4B44.04-075,,,,,
Communications - Copper,checklist,,,,,,4B44.04-076,,,,,
Communications - Copper,checklist,,,,,,4B44.04-077,,,,,
Communications - Copper,checklist,,,,,,4B44.04-078,,,,,
Communications - Copper,checklist,,,,,,4B44.04-079,,,,,
Communications - Copper,checklist,,,,,,4B44.04-080,,,,,
Communications - Copper,checklist,,,,,,4B44.04-081,,,,,
Communications - Copper,checklist,,,,,,4B44.04-082,,,,,
Communications - Copper,checklist,,,,,,4B44.04-083,,,,,
Communications - Copper,checklist,,,,,,4B44.04-084,,,,,
Communications - Copper,checklist,,,,,,4B44.04-085,,,,,
Communications - Copper,checklist,,,,,,4B44.04-086,,,,,
Communications - Copper,checklist,,,,,,4B44.04-087,,,,,
Communications - Copper,checklist,,,,,,4B44.04-088,,,,,
Communications - Copper,checklist,,,,,,4B44.04-089,,,,,
Communications - Copper,checklist,,,,,,4B44.04-090,,,,,
Communications - Copper,checklist,,,,,,4B44.04-091,,,,,
Communications - Copper,checklist,,,,,,4B44.04-092,,,,,
Communications - Copper,checklist,,,,,,4B44.04-093,,,,,
Communications - Copper,checklist,,,,,,4B44.04-094,,,,,
Communications - Copper,checklist,,,,,,4B44.04-095,,,,,
Communications - Copper,checklist,,,,,,4B44.04-096,,,,,
,step,,,,,Patch Panel: 4B44.04-PPT-00005,,,,,,
Communications - Copper,checklist,,,,,,4B44.04-097,,,,,
Communications - Copper,checklist,,,,,,4B44.04-098,,,,,
Communications - Copper,checklist,,,,,,4B44.04-099,,,,,
Communications - Copper,checklist,,,,,,4B44.04-100,,,,,
Communications - Copper,checklist,,,,,,4B44.04-101,,,,,
Communications - Copper,checklist,,,,,,4B44.04-102,,,,,
Communications - Copper,checklist,,,,,,4B44.04-103,,,,,
Communications - Copper,checklist,,,,,,4B44.04-104,,,,,
Communications - Copper,checklist,,,,,,4B44.04-105,,,,,
Communications - Copper,checklist,,,,,,4B44.04-106,,,,,
Communications - Copper,checklist,,,,,,4B44.04-107,,,,,
Communications - Copper,checklist,,,,,,4B44.04-108,,,,,
Communications - Copper,checklist,,,,,,4B44.04-109,,,,,
Communications - Copper,checklist,,,,,,4B44.04-110,,,,,
Communications - Copper,checklist,,,,,,4B44.04-111,,,,,
Communications - Copper,checklist,,,,,,4B44.04-112,,,,,
Communications - Copper,checklist,,,,,,4B44.04-113,,,,,
Communications - Copper,checklist,,,,,,4B44.04-114,,,,,
Communications - Copper,checklist,,,,,,4B44.04-115,,,,,
Communications - Copper,checklist,,,,,,4B44.04-116,,,,,
Communications - Copper,checklist,,,,,,4B44.04-117,,,,,
Communications - Copper,checklist,,,,,,4B44.04-118,,,,,
Communications - Copper,checklist,,,,,,4B44.04-119,,,,,
Communications - Copper,checklist,,,,,,4B44.04-120,,,,,
,step,,,,,Patch Panel: 4B44.04-PPT-00006,,,,,,
Communications - Copper,checklist,,,,,,4B44.04-121,,,,,
Communications - Copper,checklist,,,,,,4B44.04-122,,,,,
Communications - Copper,checklist,,,,,,4B44.04-123,,,,,
Communications - Copper,checklist,,,,,,4B44.04-124,,,,,
Communications - Copper,checklist,,,,,,4B44.04-125,,,,,
Communications - Copper,checklist,,,,,,4B44.04-126,,,,,
Communications - Copper,checklist,,,,,,4B44.04-127,,,,,
Communications - Copper,checklist,,,,,,4B44.04-128,,,,,
Communications - Copper,checklist,,,,,,4B44.04-129,,,,,
Communications - Copper,checklist,,,,,,4B44.04-130,,,,,
Communications - Copper,checklist,,,,,,4B44.04-131,,,,,
Communications - Copper,checklist,,,,,,4B44.04-132,,,,,
Communications - Copper,checklist,,,,,,4B44.04-133,,,,,
Communications - Copper,checklist,,,,,,4B44.04-134,,,,,
Communications - Copper,checklist,,,,,,4B44.04-135,,,,,
Communications - Copper,checklist,,,,,,4B44.04-136,,,,,
Communications - Copper,checklist,,,,,,4B44.04-137,,,,,
Communications - Copper,checklist,,,,,,4B44.04-138,,,,,
Communications - Copper,checklist,,,,,,4B44.04-139,,,,,
Communications - Copper,checklist,,,,,,4B44.04-140,,,,,
Communications - Copper,checklist,,,,,,4B44.04-141,,,,,
Communications - Copper,checklist,,,,,,4B44.04-142,,,,,
Communications - Copper,checklist,,,,,,4B44.04-143,,,,,
Communications - Copper,checklist,,,,,,4B44.04-144,,,,,
,step,,,,,Patch Panel: 4B44.04-PPT-00007,,,,,,
Communications - Copper,checklist,,,,,,4B44.04-145,,,,,
Communications - Copper,checklist,,,,,,4B44.04-146,,,,,
Communications - Copper,checklist,,,,,,4B44.04-147,,,,,
Communications - Copper,checklist,,,,,,4B44.04-148,,,,,
Communications - Copper,checklist,,,,,,4B44.04-149,,,,,
Communications - Copper,checklist,,,,,,4B44.04-150,,,,,
Communications - Copper,checklist,,,,,,4B44.04-151,,,,,
Communications - Copper,checklist,,,,,,4B44.04-152,,,,,
Communications - Copper,checklist,,,,,,4B44.04-153,,,,,
Communications - Copper,checklist,,,,,,4B44.04-154,,,,,
Communications - Copper,checklist,,,,,,4B44.04-155,,,,,
Communications - Copper,checklist,,,,,,4B44.04-156,,,,,
Communications - Copper,checklist,,,,,,SPARE 1,,,,,
Communications - Copper,checklist,,,,,,SPARE 2,,,,,
Communications - Copper,checklist,,,,,,SPARE 3,,,,,
Communications - Copper,checklist,,,,,,SPARE 4,,,,,
Communications - Copper,checklist,,,,,,SPARE 5,,,,,
Communications - Copper,checklist,,,,,,SPARE 6,,,,,
Communications - Copper,checklist,,,,,,SPARE 7,,,,,
Communications - Copper,checklist,,,,,,SPARE 8,,,,,
Communications - Copper,checklist,,,,,,SPARE 9,,,,,
Communications - Copper,checklist,,,,,,SPARE 10,,,,,
Communications - Copper,checklist,,,,,,SPARE 11,,,,,
Communications - Copper,checklist,,,,,,SPARE 12,,,,,
,step,,,,Rack: 4B44.05-PPC-00001,,,,,,,
Communications - Cabinet,checklist,,,,,Cabinet ITC,,,,,,
,step,,,,,Patch Panel: 4B44.05-PPT-00001,,,,,,
Communications - Copper,checklist,,,,,,4B44.05-001,,,,,
Communications - Copper,checklist,,,,,,4B44.05-002,,,,,
Communications - Copper,checklist,,,,,,4B44.05-003,,,,,
Communications - Copper,checklist,,,,,,4B44.05-004,,,,,
Communications - Copper,checklist,,,,,,4B44.05-005,,,,,
Communications - Copper,checklist,,,,,,4B44.05-006,,,,,
Communications - Copper,checklist,,,,,,4B44.05-007,,,,,
Communications - Copper,checklist,,,,,,4B44.05-008,,,,,
Communications - Copper,checklist,,,,,,4B44.05-009,,,,,
Communications - Copper,checklist,,,,,,4B44.05-010,,,,,
Communications - Copper,checklist,,,,,,4B44.05-011,,,,,
Communications - Copper,checklist,,,,,,4B44.05-012,,,,,
Communications - Copper,checklist,,,,,,4B44.05-013,,,,,
Communications - Copper,checklist,,,,,,4B44.05-014,,,,,
Communications - Copper,checklist,,,,,,4B44.05-015,,,,,
Communications - Copper,checklist,,,,,,4B44.05-016,,,,,
Communications - Copper,checklist,,,,,,4B44.05-017,,,,,
Communications - Copper,checklist,,,,,,4B44.05-018,,,,,
Communications - Copper,checklist,,,,,,4B44.05-019,,,,,
Communications - Copper,checklist,,,,,,4B44.05-020,,,,,
Communications - Copper,checklist,,,,,,4B44.05-021,,,,,
Communications - Copper,checklist,,,,,,4B44.05-022,,,,,
Communications - Copper,checklist,,,,,,4B44.05-023,,,,,
Communications - Copper,checklist,,,,,,4B44.05-024,,,,,
,step,,,,,Patch Panel: 4B44.05-PPT-00002,,,,,,
Communications - Copper,checklist,,,,,,4B44.05-025,,,,,
Communications - Copper,checklist,,,,,,4B44.05-026,,,,,
Communications - Copper,checklist,,,,,,4B44.05-027,,,,,
Communications - Copper,checklist,,,,,,4B44.05-028,,,,,
Communications - Copper,checklist,,,,,,4B44.05-029,,,,,
Communications - Copper,checklist,,,,,,4B44.05-030,,,,,
Communications - Copper,checklist,,,,,,4B44.05-031,,,,,
Communications - Copper,checklist,,,,,,4B44.05-032,,,,,
Communications - Copper,checklist,,,,,,4B44.05-033,,,,,
Communications - Copper,checklist,,,,,,4B44.05-034,,,,,
Communications - Copper,checklist,,,,,,4B44.05-035,,,,,
Communications - Copper,checklist,,,,,,4B44.05-036,,,,,
Communications - Copper,checklist,,,,,,4B44.05-037,,,,,
Communications - Copper,checklist,,,,,,4B44.05-038,,,,,
Communications - Copper,checklist,,,,,,4B44.05-039,,,,,
Communications - Copper,checklist,,,,,,4B44.05-040,,,,,
Communications - Copper,checklist,,,,,,4B44.05-041,,,,,
Communications - Copper,checklist,,,,,,4B44.05-042,,,,,
Communications - Copper,checklist,,,,,,4B44.05-043,,,,,
Communications - Copper,checklist,,,,,,4B44.05-044,,,,,
Communications - Copper,checklist,,,,,,4B44.05-045,,,,,
Communications - Copper,checklist,,,,,,4B44.05-046,,,,,
Communications - Copper,checklist,,,,,,4B44.05-047,,,,,
Communications - Copper,checklist,,,,,,4B44.05-048,,,,,
,step,,,,,Patch Panel: 4B44.05-PPT-00003,,,,,,
Communications - Copper,checklist,,,,,,4B44.05-049,,,,,
Communications - Copper,checklist,,,,,,4B44.05-050,,,,,
Communications - Copper,checklist,,,,,,4B44.05-051,,,,,
Communications - Copper,checklist,,,,,,4B44.05-052,,,,,
Communications - Copper,checklist,,,,,,4B44.05-053,,,,,
Communications - Copper,checklist,,,,,,4B44.05-054,,,,,
Communications - Copper,checklist,,,,,,4B44.05-055,,,,,
Communications - Copper,checklist,,,,,,4B44.05-056,,,,,
Communications - Copper,checklist,,,,,,4B44.05-057,,,,,
Communications - Copper,checklist,,,,,,4B44.05-058,,,,,
Communications - Copper,checklist,,,,,,4B44.05-059,,,,,
Communications - Copper,checklist,,,,,,4B44.05-060,,,,,
Communications - Copper,checklist,,,,,,4B44.05-061,,,,,
Communications - Copper,checklist,,,,,,4B44.05-062,,,,,
Communications - Copper,checklist,,,,,,4B44.05-063,,,,,
Communications - Copper,checklist,,,,,,4B44.05-064,,,,,
Communications - Copper,checklist,,,,,,4B44.05-065,,,,,
Communications - Copper,checklist,,,,,,4B44.05-066,,,,,
Communications - Copper,checklist,,,,,,4B44.05-067,,,,,
Communications - Copper,checklist,,,,,,4B44.05-068,,,,,
Communications - Copper,checklist,,,,,,4B44.05-069,,,,,
Communications - Copper,checklist,,,,,,4B44.05-070,,,,,
Communications - Copper,checklist,,,,,,4B44.05-071,,,,,
Communications - Copper,checklist,,,,,,4B44.05-072,,,,,
,step,,,,,Patch Panel: 4B44.05-PPT-00004,,,,,,
Communications - Copper,checklist,,,,,,4B44.05-073,,,,,
Communications - Copper,checklist,,,,,,4B44.05-074,,,,,
Communications - Copper,checklist,,,,,,4B44.05-075,,,,,
Communications - Copper,checklist,,,,,,4B44.05-076,,,,,
Communications - Copper,checklist,,,,,,4B44.05-077,,,,,
Communications - Copper,checklist,,,,,,4B44.05-078,,,,,
Communications - Copper,checklist,,,,,,4B44.05-079,,,,,
Communications - Copper,checklist,,,,,,4B44.05-080,,,,,
Communications - Copper,checklist,,,,,,4B44.05-081,,,,,
Communications - Copper,checklist,,,,,,4B44.05-082,,,,,
Communications - Copper,checklist,,,,,,4B44.05-083,,,,,
Communications - Copper,checklist,,,,,,4B44.05-084,,,,,
Communications - Copper,checklist,,,,,,4B44.05-085,,,,,
Communications - Copper,checklist,,,,,,4B44.05-086,,,,,
Communications - Copper,checklist,,,,,,4B44.05-087,,,,,
Communications - Copper,checklist,,,,,,4B44.05-088,,,,,
Communications - Copper,checklist,,,,,,4B44.05-089,,,,,
Communications - Copper,checklist,,,,,,4B44.05-090,,,,,
Communications - Copper,checklist,,,,,,4B44.05-091,,,,,
Communications - Copper,checklist,,,,,,4B44.05-092,,,,,
Communications - Copper,checklist,,,,,,4B44.05-093,,,,,
Communications - Copper,checklist,,,,,,4B44.05-094,,,,,
Communications - Copper,checklist,,,,,,4B44.05-095,,,,,
Communications - Copper,checklist,,,,,,4B44.05-096,,,,,
,step,,,,,Patch Panel: 4B44.05-PPT-00005,,,,,,
Communications - Copper,checklist,,,,,,4B44.05-097,,,,,
Communications - Copper,checklist,,,,,,4B44.05-098,,,,,
Communications - Copper,checklist,,,,,,4B44.05-099,,,,,
Communications - Copper,checklist,,,,,,4B44.05-100,,,,,
Communications - Copper,checklist,,,,,,4B44.05-101,,,,,
Communications - Copper,checklist,,,,,,4B44.05-102,,,,,
Communications - Copper,checklist,,,,,,4B44.05-103,,,,,
Communications - Copper,checklist,,,,,,4B44.05-104,,,,,
Communications - Copper,checklist,,,,,,4B44.05-105,,,,,
Communications - Copper,checklist,,,,,,4B44.05-106,,,,,
Communications - Copper,checklist,,,,,,4B44.05-107,,,,,
Communications - Copper,checklist,,,,,,4B44.05-108,,,,,
Communications - Copper,checklist,,,,,,4B44.05-109,,,,,
Communications - Copper,checklist,,,,,,4B44.05-110,,,,,
Communications - Copper,checklist,,,,,,4B44.05-111,,,,,
Communications - Copper,checklist,,,,,,4B44.05-112,,,,,
Communications - Copper,checklist,,,,,,4B44.05-113,,,,,
Communications - Copper,checklist,,,,,,4B44.05-114,,,,,
Communications - Copper,checklist,,,,,,4B44.05-115,,,,,
Communications - Copper,checklist,,,,,,4B44.05-116,,,,,
Communications - Copper,checklist,,,,,,4B44.05-117,,,,,
Communications - Copper,checklist,,,,,,4B44.05-118,,,,,
Communications - Copper,checklist,,,,,,4B44.05-119,,,,,
Communications - Copper,checklist,,,,,,4B44.05-120,,,,,
,step,,,,,Patch Panel: 4B44.05-PPT-00006,,,,,,
Communications - Copper,checklist,,,,,,4B44.05-121,,,,,
Communications - Copper,checklist,,,,,,4B44.05-122,,,,,
Communications - Copper,checklist,,,,,,4B44.05-123,,,,,
Communications - Copper,checklist,,,,,,4B44.05-124,,,,,
Communications - Copper,checklist,,,,,,4B44.05-125,,,,,
Communications - Copper,checklist,,,,,,4B44.05-126,,,,,
Communications - Copper,checklist,,,,,,4B44.05-127,,,,,
Communications - Copper,checklist,,,,,,4B44.05-128,,,,,
Communications - Copper,checklist,,,,,,4B44.05-129,,,,,
Communications - Copper,checklist,,,,,,4B44.05-130,,,,,
Communications - Copper,checklist,,,,,,4B44.05-131,,,,,
Communications - Copper,checklist,,,,,,4B44.05-132,,,,,
Communications - Copper,checklist,,,,,,4B44.05-133,,,,,
Communications - Copper,checklist,,,,,,4B44.05-134,,,,,
Communications - Copper,checklist,,,,,,4B44.05-135,,,,,
Communications - Copper,checklist,,,,,,4B44.05-136,,,,,
Communications - Copper,checklist,,,,,,4B44.05-137,,,,,
Communications - Copper,checklist,,,,,,4B44.05-138,,,,,
Communications - Copper,checklist,,,,,,SPARE 1,,,,,
Communications - Copper,checklist,,,,,,SPARE 2,,,,,
Communications - Copper,checklist,,,,,,SPARE 3,,,,,
Communications - Copper,checklist,,,,,,SPARE 4,,,,,
Communications - Copper,checklist,,,,,,SPARE 5,,,,,
Communications - Copper,checklist,,,,,,SPARE 6,,,,,
,step,,,,,Patch Panel: 4B44.05-PPT-00007,,,,,,
Communications - Copper,checklist,,,,,,SPARE 1,,,,,
Communications - Copper,checklist,,,,,,SPARE 2,,,,,
Communications - Copper,checklist,,,,,,SPARE 3,,,,,
Communications - Copper,checklist,,,,,,SPARE 4,,,,,
Communications - Copper,checklist,,,,,,SPARE 5,,,,,
Communications - Copper,checklist,,,,,,SPARE 6,,,,,
Communications - Copper,checklist,,,,,,SPARE 7,,,,,
Communications - Copper,checklist,,,,,,SPARE 8,,,,,
Communications - Copper,checklist,,,,,,SPARE 9,,,,,
Communications - Copper,checklist,,,,,,SPARE 10,,,,,
Communications - Copper,checklist,,,,,,SPARE 11,,,,,
Communications - Copper,checklist,,,,,,SPARE 12,,,,,
Communications - Copper,checklist,,,,,,SPARE 13,,,,,
Communications - Copper,checklist,,,,,,SPARE 14,,,,,
Communications - Copper,checklist,,,,,,SPARE 15,,,,,
Communications - Copper,checklist,,,,,,SPARE 16,,,,,
Communications - Copper,checklist,,,,,,SPARE 17,,,,,
Communications - Copper,checklist,,,,,,SPARE 18,,,,,
Communications - Copper,checklist,,,,,,SPARE 19,,,,,
Communications - Copper,checklist,,,,,,SPARE 20,,,,,
Communications - Copper,checklist,,,,,,SPARE 21,,,,,
Communications - Copper,checklist,,,,,,SPARE 22,,,,,
Communications - Copper,checklist,,,,,,SPARE 23,,,,,
Communications - Copper,checklist,,,,,,SPARE 24,,,,,
,step,,,L0-Ground,,,,,,,,
,step,,,,Rack: 4044.04-PPC-00001,,,,,,,
Communications - Cabinet,checklist,,,,,Cabinet ITC,,,,,,
,step,,,,,Patch Panel: 4044.04-PPT-00001,,,,,,
Communications - Copper,checklist,,,,,,4044.04-001,,,,,
Communications - Copper,checklist,,,,,,4044.04-002,,,,,
Communications - Copper,checklist,,,,,,4044.04-003,,,,,
Communications - Copper,checklist,,,,,,4044.04-004,,,,,
Communications - Copper,checklist,,,,,,4044.04-005,,,,,
Communications - Copper,checklist,,,,,,4044.04-006,,,,,
Communications - Copper,checklist,,,,,,4044.04-007,,,,,
Communications - Copper,checklist,,,,,,4044.04-008,,,,,
Communications - Copper,checklist,,,,,,4044.04-009,,,,,
Communications - Copper,checklist,,,,,,4044.04-010,,,,,
Communications - Copper,checklist,,,,,,4044.04-011,,,,,
Communications - Copper,checklist,,,,,,4044.04-012,,,,,
Communications - Copper,checklist,,,,,,4044.04-013,,,,,
Communications - Copper,checklist,,,,,,4044.04-014,,,,,
Communications - Copper,checklist,,,,,,4044.04-015,,,,,
Communications - Copper,checklist,,,,,,4044.04-016,,,,,
Communications - Copper,checklist,,,,,,4044.04-017,,,,,
Communications - Copper,checklist,,,,,,4044.04-018,,,,,
Communications - Copper,checklist,,,,,,4044.04-019,,,,,
Communications - Copper,checklist,,,,,,4044.04-020,,,,,
Communications - Copper,checklist,,,,,,4044.04-021,,,,,
Communications - Copper,checklist,,,,,,4044.04-022,,,,,
Communications - Copper,checklist,,,,,,4044.04-023,,,,,
Communications - Copper,checklist,,,,,,4044.04-024,,,,,
Communications - Copper,checklist,,,,,,4044.04-025,,,,,
Communications - Copper,checklist,,,,,,4044.04-026,,,,,
Communications - Copper,checklist,,,,,,4044.04-027,,,,,
Communications - Copper,checklist,,,,,,4044.04-028,,,,,
Communications - Copper,checklist,,,,,,4044.04-029,,,,,
Communications - Copper,checklist,,,,,,4044.04-030,,,,,
Communications - Copper,checklist,,,,,,4044.04-031,,,,,
Communications - Copper,checklist,,,,,,4044.04-032,,,,,
Communications - Copper,checklist,,,,,,4044.04-033,,,,,
Communications - Copper,checklist,,,,,,4044.04-034,,,,,
Communications - Copper,checklist,,,,,,4044.04-035,,,,,
Communications - Copper,checklist,,,,,,4044.04-036,,,,,
Communications - Copper,checklist,,,,,,4044.04-037,,,,,
Communications - Copper,checklist,,,,,,4044.04-038,,,,,
Communications - Copper,checklist,,,,,,4044.04-039,,,,,
Communications - Copper,checklist,,,,,,4044.04-040,,,,,
Communications - Copper,checklist,,,,,,4044.04-041,,,,,
Communications - Copper,checklist,,,,,,4044.04-042,,,,,
Communications - Copper,checklist,,,,,,4044.04-043,,,,,
Communications - Copper,checklist,,,,,,4044.04-044,,,,,
Communications - Copper,checklist,,,,,,4044.04-045,,,,,
Communications - Copper,checklist,,,,,,4044.04-046,,,,,
Communications - Copper,checklist,,,,,,4044.04-047,,,,,
Communications - Copper,checklist,,,,,,4044.04-048,,,,,
,step,,,,,Patch Panel: 4044.04-PPT-00002,,,,,,
Communications - Copper,checklist,,,,,,4044.04-049,,,,,
Communications - Copper,checklist,,,,,,4044.04-050,,,,,
Communications - Copper,checklist,,,,,,4044.04-051,,,,,
Communications - Copper,checklist,,,,,,4044.04-052,,,,,
Communications - Copper,checklist,,,,,,4044.04-053,,,,,
Communications - Copper,checklist,,,,,,4044.04-054,,,,,
Communications - Copper,checklist,,,,,,4044.04-055,,,,,
Communications - Copper,checklist,,,,,,4044.04-056,,,,,
Communications - Copper,checklist,,,,,,4044.04-057,,,,,
Communications - Copper,checklist,,,,,,4044.04-058,,,,,
Communications - Copper,checklist,,,,,,4044.04-059,,,,,
Communications - Copper,checklist,,,,,,4044.04-060,,,,,
Communications - Copper,checklist,,,,,,4044.04-061,,,,,
Communications - Copper,checklist,,,,,,4044.04-062,,,,,
Communications - Copper,checklist,,,,,,4044.04-063,,,,,
Communications - Copper,checklist,,,,,,4044.04-064,,,,,
Communications - Copper,checklist,,,,,,4044.04-065,,,,,
Communications - Copper,checklist,,,,,,4044.04-066,,,,,
Communications - Copper,checklist,,,,,,4044.04-067,,,,,
Communications - Copper,checklist,,,,,,4044.04-068,,,,,
Communications - Copper,checklist,,,,,,4044.04-069,,,,,
Communications - Copper,checklist,,,,,,4044.04-070,,,,,
Communications - Copper,checklist,,,,,,4044.04-071,,,,,
Communications - Copper,checklist,,,,,,4044.04-072,,,,,
Communications - Copper,checklist,,,,,,4044.04-073,,,,,
Communications - Copper,checklist,,,,,,4044.04-074,,,,,
Communications - Copper,checklist,,,,,,4044.04-075,,,,,
Communications - Copper,checklist,,,,,,4044.04-076,,,,,
Communications - Copper,checklist,,,,,,4044.04-077,,,,,
Communications - Copper,checklist,,,,,,4044.04-078,,,,,
Communications - Copper,checklist,,,,,,4044.04-079,,,,,
Communications - Copper,checklist,,,,,,4044.04-080,,,,,
Communications - Copper,checklist,,,,,,4044.04-081,,,,,
Communications - Copper,checklist,,,,,,4044.04-082,,,,,
Communications - Copper,checklist,,,,,,4044.04-083,,,,,
Communications - Copper,checklist,,,,,,4044.04-084,,,,,
Communications - Copper,checklist,,,,,,4044.04-085,,,,,
Communications - Copper,checklist,,,,,,4044.04-086,,,,,
Communications - Copper,checklist,,,,,,4044.04-087,,,,,
Communications - Copper,checklist,,,,,,4044.04-088,,,,,
Communications - Copper,checklist,,,,,,4044.04-089,,,,,
Communications - Copper,checklist,,,,,,4044.04-090,,,,,
Communications - Copper,checklist,,,,,,4044.04-091,,,,,
Communications - Copper,checklist,,,,,,4044.04-092,,,,,
Communications - Copper,checklist,,,,,,4044.04-093,,,,,
Communications - Copper,checklist,,,,,,4044.04-094,,,,,
Communications - Copper,checklist,,,,,,4044.04-095,,,,,
Communications - Copper,checklist,,,,,,4044.04-096,,,,,
,step,,,,,Patch Panel: 4044.04-PPT-00003,,,,,,
Communications - Copper,checklist,,,,,,4044.04-097,,,,,
Communications - Copper,checklist,,,,,,4044.04-098,,,,,
Communications - Copper,checklist,,,,,,4044.04-099,,,,,
Communications - Copper,checklist,,,,,,4044.04-100,,,,,
Communications - Copper,checklist,,,,,,4044.04-101,,,,,
Communications - Copper,checklist,,,,,,4044.04-102,,,,,
Communications - Copper,checklist,,,,,,4044.04-103,,,,,
Communications - Copper,checklist,,,,,,4044.04-104,,,,,
Communications - Copper,checklist,,,,,,4044.04-105,,,,,
Communications - Copper,checklist,,,,,,4044.04-106,,,,,
Communications - Copper,checklist,,,,,,4044.04-107,,,,,
Communications - Copper,checklist,,,,,,4044.04-108,,,,,
Communications - Copper,checklist,,,,,,4044.04-109,,,,,
Communications - Copper,checklist,,,,,,4044.04-110,,,,,
Communications - Copper,checklist,,,,,,4044.04-111,,,,,
Communications - Copper,checklist,,,,,,4044.04-112,,,,,
Communications - Copper,checklist,,,,,,4044.04-113,,,,,
Communications - Copper,checklist,,,,,,4044.04-114,,,,,
Communications - Copper,checklist,,,,,,4044.04-115,,,,,
Communications - Copper,checklist,,,,,,4044.04-116,,,,,
Communications - Copper,checklist,,,,,,4044.04-117,,,,,
Communications - Copper,checklist,,,,,,4044.04-118,,,,,
Communications - Copper,checklist,,,,,,4044.04-119,,,,,
Communications - Copper,checklist,,,,,,4044.04-120,,,,,
Communications - Copper,checklist,,,,,,4044.04-121,,,,,
Communications - Copper,checklist,,,,,,4044.04-122,,,,,
Communications - Copper,checklist,,,,,,4044.04-123,,,,,
Communications - Copper,checklist,,,,,,4044.04-124,,,,,
Communications - Copper,checklist,,,,,,4044.04-125,,,,,
Communications - Copper,checklist,,,,,,4044.04-126,,,,,
Communications - Copper,checklist,,,,,,4044.04-127,,,,,
Communications - Copper,checklist,,,,,,4044.04-128,,,,,
Communications - Copper,checklist,,,,,,4044.04-129,,,,,
Communications - Copper,checklist,,,,,,4044.04-130,,,,,
Communications - Copper,checklist,,,,,,4044.04-131,,,,,
Communications - Copper,checklist,,,,,,4044.04-132,,,,,
Communications - Copper,checklist,,,,,,4044.04-133,,,,,
Communications - Copper,checklist,,,,,,4044.04-134,,,,,
Communications - Copper,checklist,,,,,,4044.04-135,,,,,
Communications - Copper,checklist,,,,,,4044.04-136,,,,,
Communications - Copper,checklist,,,,,,4044.04-137,,,,,
Communications - Copper,checklist,,,,,,4044.04-138,,,,,
Communications - Copper,checklist,,,,,,4044.04-139,,,,,
Communications - Copper,checklist,,,,,,4044.04-140,,,,,
Communications - Copper,checklist,,,,,,4044.04-141,,,,,
Communications - Copper,checklist,,,,,,4044.04-142,,,,,
Communications - Copper,checklist,,,,,,4044.04-143,,,,,
Communications - Copper,checklist,,,,,,4044.04-144,,,,,
,step,,,,,Patch Panel: 4044.04-PPT-00004,,,,,,
Communications - Copper,checklist,,,,,,4044.04-145,,,,,
Communications - Copper,checklist,,,,,,4044.04-146,,,,,
Communications - Copper,checklist,,,,,,4044.04-147,,,,,
Communications - Copper,checklist,,,,,,4044.04-148,,,,,
Communications - Copper,checklist,,,,,,4044.04-149,,,,,
Communications - Copper,checklist,,,,,,4044.04-150,,,,,
Communications - Copper,checklist,,,,,,4044.04-151,,,,,
Communications - Copper,checklist,,,,,,4044.04-152,,,,,
Communications - Copper,checklist,,,,,,4044.04-153,,,,,
Communications - Copper,checklist,,,,,,4044.04-154,,,,,
Communications - Copper,checklist,,,,,,4044.04-155,,,,,
Communications - Copper,checklist,,,,,,4044.04-156,,,,,
Communications - Copper,checklist,,,,,,4044.04-157,,,,,
Communications - Copper,checklist,,,,,,4044.04-158,,,,,
Communications - Copper,checklist,,,,,,4044.04-159,,,,,
Communications - Copper,checklist,,,,,,4044.04-160,,,,,
Communications - Copper,checklist,,,,,,4044.04-161,,,,,
Communications - Copper,checklist,,,,,,4044.04-162,,,,,
Communications - Copper,checklist,,,,,,4044.04-163,,,,,
Communications - Copper,checklist,,,,,,4044.04-164,,,,,
Communications - Copper,checklist,,,,,,4044.04-165,,,,,
Communications - Copper,checklist,,,,,,4044.04-166,,,,,
Communications - Copper,checklist,,,,,,4044.04-167,,,,,
Communications - Copper,checklist,,,,,,4044.04-168,,,,,
Communications - Copper,checklist,,,,,,4044.04-169,,,,,
Communications - Copper,checklist,,,,,,4044.04-170,,,,,
Communications - Copper,checklist,,,,,,4044.04-171,,,,,
Communications - Copper,checklist,,,,,,4044.04-172,,,,,
Communications - Copper,checklist,,,,,,4044.04-173,,,,,
Communications - Copper,checklist,,,,,,4044.04-174,,,,,
Communications - Copper,checklist,,,,,,4044.04-175,,,,,
Communications - Copper,checklist,,,,,,4044.04-176,,,,,
Communications - Copper,checklist,,,,,,4044.04-177,,,,,
Communications - Copper,checklist,,,,,,4044.04-178,,,,,
Communications - Copper,checklist,,,,,,4044.04-179,,,,,
Communications - Copper,checklist,,,,,,4044.04-180,,,,,
Communications - Copper,checklist,,,,,,4044.04-181,,,,,
Communications - Copper,checklist,,,,,,4044.04-182,,,,,
Communications - Copper,checklist,,,,,,4044.04-183,,,,,
Communications - Copper,checklist,,,,,,4044.04-184,,,,,
Communications - Copper,checklist,,,,,,4044.04-185,,,,,
Communications - Copper,checklist,,,,,,4044.04-186,,,,,
Communications - Copper,checklist,,,,,,4044.04-187,,,,,
Communications - Copper,checklist,,,,,,4044.04-188,,,,,
Communications - Copper,checklist,,,,,,4044.04-189,,,,,
Communications - Copper,checklist,,,,,,4044.04-190,,,,,
Communications - Copper,checklist,,,,,,4044.04-191,,,,,
Communications - Copper,checklist,,,,,,4044.04-192,,,,,
,step,,,,,Patch Panel: 4044.04-PPT-00005,,,,,,
Communications - Copper,checklist,,,,,,4044.04-193,,,,,
Communications - Copper,checklist,,,,,,SPARE 1,,,,,
Communications - Copper,checklist,,,,,,SPARE 2,,,,,
Communications - Copper,checklist,,,,,,SPARE 3,,,,,
Communications - Copper,checklist,,,,,,SPARE 4,,,,,
Communications - Copper,checklist,,,,,,SPARE 5,,,,,
Communications - Copper,checklist,,,,,,SPARE 6,,,,,
Communications - Copper,checklist,,,,,,SPARE 7,,,,,
Communications - Copper,checklist,,,,,,SPARE 8,,,,,
Communications - Copper,checklist,,,,,,SPARE 9,,,,,
Communications - Copper,checklist,,,,,,SPARE 10,,,,,
Communications - Copper,checklist,,,,,,SPARE 11,,,,,
Communications - Copper,checklist,,,,,,SPARE 12,,,,,
Communications - Copper,checklist,,,,,,SPARE 13,,,,,
Communications - Copper,checklist,,,,,,SPARE 14,,,,,
Communications - Copper,checklist,,,,,,SPARE 15,,,,,
Communications - Copper,checklist,,,,,,SPARE 16,,,,,
Communications - Copper,checklist,,,,,,SPARE 17,,,,,
Communications - Copper,checklist,,,,,,SPARE 18,,,,,
Communications - Copper,checklist,,,,,,SPARE 19,,,,,
Communications - Copper,checklist,,,,,,SPARE 20,,,,,
Communications - Copper,checklist,,,,,,SPARE 21,,,,,
Communications - Copper,checklist,,,,,,SPARE 22,,,,,
Communications - Copper,checklist,,,,,,SPARE 23,,,,,
Communications - Copper,checklist,,,,,,SPARE 24,,,,,
Communications - Copper,checklist,,,,,,SPARE 25,,,,,
Communications - Copper,checklist,,,,,,SPARE 26,,,,,
Communications - Copper,checklist,,,,,,SPARE 27,,,,,
Communications - Copper,checklist,,,,,,SPARE 28,,,,,
Communications - Copper,checklist,,,,,,SPARE 29,,,,,
Communications - Copper,checklist,,,,,,SPARE 30,,,,,
Communications - Copper,checklist,,,,,,SPARE 31,,,,,
Communications - Copper,checklist,,,,,,SPARE 32,,,,,
Communications - Copper,checklist,,,,,,SPARE 33,,,,,
Communications - Copper,checklist,,,,,,SPARE 34,,,,,
Communications - Copper,checklist,,,,,,SPARE 35,,,,,
Communications - Copper,checklist,,,,,,SPARE 36,,,,,
Communications - Copper,checklist,,,,,,SPARE 37,,,,,
Communications - Copper,checklist,,,,,,SPARE 38,,,,,
Communications - Copper,checklist,,,,,,SPARE 39,,,,,
Communications - Copper,checklist,,,,,,SPARE 40,,,,,
Communications - Copper,checklist,,,,,,SPARE 41,,,,,
Communications - Copper,checklist,,,,,,SPARE 42,,,,,
Communications - Copper,checklist,,,,,,SPARE 43,,,,,
Communications - Copper,checklist,,,,,,SPARE 44,,,,,
Communications - Copper,checklist,,,,,,SPARE 45,,,,,
Communications - Copper,checklist,,,,,,SPARE 46,,,,,
Communications - Copper,checklist,,,,,,SPARE 47,,,,,
,step,,,,Rack: 4044.04-2-PPC-00002,,,,,,,
Communications - Cabinet,checklist,,,,,Cabinet ITC,,,,,,
,step,,,,,Patch Panel: 4044.04-2-PPT-00001,,,,,,
Communications - Copper,checklist,,,,,,4044.04-2-001,,,,,
Communications - Copper,checklist,,,,,,4044.04-2-002,,,,,
Communications - Copper,checklist,,,,,,4044.04-2-003,,,,,
Communications - Copper,checklist,,,,,,4044.04-2-004,,,,,
Communications - Copper,checklist,,,,,,4044.04-2-005,,,,,
Communications - Copper,checklist,,,,,,4044.04-2-006,,,,,
Communications - Copper,checklist,,,,,,4044.04-2-007,,,,,
Communications - Copper,checklist,,,,,,4044.04-2-008,,,,,
Communications - Copper,checklist,,,,,,4044.04-2-009,,,,,
Communications - Copper,checklist,,,,,,4044.04-2-010,,,,,
Communications - Copper,checklist,,,,,,4044.04-2-011,,,,,
Communications - Copper,checklist,,,,,,4044.04-2-012,,,,,
Communications - Copper,checklist,,,,,,4044.04-2-013,,,,,
Communications - Copper,checklist,,,,,,4044.04-2-014,,,,,
Communications - Copper,checklist,,,,,,4044.04-2-015,,,,,
Communications - Copper,checklist,,,,,,4044.04-2-016,,,,,
Communications - Copper,checklist,,,,,,4044.04-2-017,,,,,
Communications - Copper,checklist,,,,,,4044.04-2-018,,,,,
Communications - Copper,checklist,,,,,,4044.04-2-019,,,,,
Communications - Copper,checklist,,,,,,4044.04-2-020,,,,,
Communications - Copper,checklist,,,,,,4044.04-2-021,,,,,
Communications - Copper,checklist,,,,,,4044.04-2-022,,,,,
Communications - Copper,checklist,,,,,,4044.04-2-023,,,,,
Communications - Copper,checklist,,,,,,4044.04-2-024,,,,,
Communications - Copper,checklist,,,,,,4044.04-2-025,,,,,
Communications - Copper,checklist,,,,,,4044.04-2-026,,,,,
Communications - Copper,checklist,,,,,,4044.04-2-027,,,,,
Communications - Copper,checklist,,,,,,4044.04-2-028,,,,,
Communications - Copper,checklist,,,,,,4044.04-2-029,,,,,
Communications - Copper,checklist,,,,,,4044.04-2-030,,,,,
Communications - Copper,checklist,,,,,,4044.04-2-031,,,,,
Communications - Copper,checklist,,,,,,4044.04-2-032,,,,,
Communications - Copper,checklist,,,,,,4044.04-2-033,,,,,
Communications - Copper,checklist,,,,,,4044.04-2-034,,,,,
Communications - Copper,checklist,,,,,,4044.04-2-035,,,,,
Communications - Copper,checklist,,,,,,4044.04-2-036,,,,,
Communications - Copper,checklist,,,,,,4044.04-2-037,,,,,
Communications - Copper,checklist,,,,,,4044.04-2-038,,,,,
Communications - Copper,checklist,,,,,,4044.04-2-039,,,,,
Communications - Copper,checklist,,,,,,4044.04-2-040,,,,,
Communications - Copper,checklist,,,,,,4044.04-2-041,,,,,
Communications - Copper,checklist,,,,,,4044.04-2-042,,,,,
Communications - Copper,checklist,,,,,,4044.04-2-043,,,,,
Communications - Copper,checklist,,,,,,4044.04-2-044,,,,,
Communications - Copper,checklist,,,,,,4044.04-2-045,,,,,
Communications - Copper,checklist,,,,,,4044.04-2-046,,,,,
Communications - Copper,checklist,,,,,,4044.04-2-047,,,,,
Communications - Copper,checklist,,,,,,4044.04-2-048,,,,,
Communications - Copper,checklist,,,,,,4044.04-2-049,,,,,
Communications - Copper,checklist,,,,,,4044.04-2-050,,,,,
Communications - Copper,checklist,,,,,,4044.04-2-051,,,,,
Communications - Copper,checklist,,,,,,4044.04-2-052,,,,,
Communications - Copper,checklist,,,,,,4044.04-2-053,,,,,
Communications - Copper,checklist,,,,,,4044.04-2-054,,,,,
Communications - Copper,checklist,,,,,,4044.04-2-055,,,,,
Communications - Copper,checklist,,,,,,4044.04-2-056,,,,,
Communications - Copper,checklist,,,,,,4044.04-2-057,,,,,
Communications - Copper,checklist,,,,,,4044.04-2-058,,,,,
Communications - Copper,checklist,,,,,,4044.04-2-059,,,,,
Communications - Copper,checklist,,,,,,4044.04-2-060,,,,,
Communications - Copper,checklist,,,,,,4044.04-2-061,,,,,
Communications - Copper,checklist,,,,,,4044.04-2-062,,,,,
Communications - Copper,checklist,,,,,,4044.04-2-063,,,,,
Communications - Copper,checklist,,,,,,4044.04-2-064,,,,,
Communications - Copper,checklist,,,,,,4044.04-2-065,,,,,
Communications - Copper,checklist,,,,,,SPARE 1,,,,,
Communications - Copper,checklist,,,,,,SPARE 2,,,,,
Communications - Copper,checklist,,,,,,SPARE 3,,,,,
Communications - Copper,checklist,,,,,,SPARE 4,,,,,
Communications - Copper,checklist,,,,,,SPARE 5,,,,,
Communications - Copper,checklist,,,,,,SPARE 6,,,,,
Communications - Copper,checklist,,,,,,SPARE 7,,,,,
Communications - Copper,checklist,,,,,,SPARE 8,,,,,
Communications - Copper,checklist,,,,,,SPARE 9,,,,,
Communications - Copper,checklist,,,,,,SPARE 10,,,,,
Communications - Copper,checklist,,,,,,SPARE 11,,,,,
Communications - Copper,checklist,,,,,,SPARE 12,,,,,
Communications - Copper,checklist,,,,,,SPARE 13,,,,,
Communications - Copper,checklist,,,,,,SPARE 14,,,,,
Communications - Copper,checklist,,,,,,SPARE 15,,,,,
Communications - Copper,checklist,,,,,,SPARE 16,,,,,
Communications - Copper,checklist,,,,,,SPARE 17,,,,,
Communications - Copper,checklist,,,,,,SPARE 18,,,,,
Communications - Copper,checklist,,,,,,SPARE 19,,,,,
Communications - Copper,checklist,,,,,,SPARE 20,,,,,
Communications - Copper,checklist,,,,,,SPARE 21,,,,,
Communications - Copper,checklist,,,,,,SPARE 22,,,,,
Communications - Copper,checklist,,,,,,SPARE 23,,,,,
Communications - Copper,checklist,,,,,,SPARE 24,,,,,
Communications - Copper,checklist,,,,,,SPARE 25,,,,,
Communications - Copper,checklist,,,,,,SPARE 26,,,,,
Communications - Copper,checklist,,,,,,SPARE 27,,,,,
Communications - Copper,checklist,,,,,,SPARE 28,,,,,
Communications - Copper,checklist,,,,,,SPARE 29,,,,,
Communications - Copper,checklist,,,,,,SPARE 30,,,,,
Communications - Copper,checklist,,,,,,SPARE 31,,,,,
,step,,,,Rack: 4044.05-PPC-00001,,,,,,,
Communications - Cabinet,checklist,,,,,Cabinet ITC,,,,,,
,step,,,,,Patch Panel: 4044.05-PPT-00001,,,,,,
Communications - Copper,checklist,,,,,,4044.05-001,,,,,
Communications - Copper,checklist,,,,,,4044.05-002,,,,,
Communications - Copper,checklist,,,,,,4044.05-003,,,,,
Communications - Copper,checklist,,,,,,4044.05-004,,,,,
Communications - Copper,checklist,,,,,,4044.05-005,,,,,
Communications - Copper,checklist,,,,,,4044.05-006,,,,,
Communications - Copper,checklist,,,,,,4044.05-007,,,,,
Communications - Copper,checklist,,,,,,4044.05-008,,,,,
Communications - Copper,checklist,,,,,,4044.05-009,,,,,
Communications - Copper,checklist,,,,,,4044.05-010,,,,,
Communications - Copper,checklist,,,,,,4044.05-011,,,,,
Communications - Copper,checklist,,,,,,4044.05-012,,,,,
Communications - Copper,checklist,,,,,,4044.05-013,,,,,
Communications - Copper,checklist,,,,,,4044.05-014,,,,,
Communications - Copper,checklist,,,,,,4044.05-015,,,,,
Communications - Copper,checklist,,,,,,4044.05-016,,,,,
Communications - Copper,checklist,,,,,,4044.05-017,,,,,
Communications - Copper,checklist,,,,,,4044.05-018,,,,,
Communications - Copper,checklist,,,,,,4044.05-019,,,,,
Communications - Copper,checklist,,,,,,4044.05-020,,,,,
Communications - Copper,checklist,,,,,,4044.05-021,,,,,
Communications - Copper,checklist,,,,,,4044.05-022,,,,,
Communications - Copper,checklist,,,,,,4044.05-023,,,,,
Communications - Copper,checklist,,,,,,4044.05-024,,,,,
Communications - Copper,checklist,,,,,,4044.05-025,,,,,
Communications - Copper,checklist,,,,,,4044.05-026,,,,,
Communications - Copper,checklist,,,,,,4044.05-027,,,,,
Communications - Copper,checklist,,,,,,4044.05-028,,,,,
Communications - Copper,checklist,,,,,,4044.05-029,,,,,
Communications - Copper,checklist,,,,,,4044.05-030,,,,,
Communications - Copper,checklist,,,,,,4044.05-031,,,,,
Communications - Copper,checklist,,,,,,4044.05-032,,,,,
Communications - Copper,checklist,,,,,,4044.05-033,,,,,
Communications - Copper,checklist,,,,,,4044.05-034,,,,,
Communications - Copper,checklist,,,,,,4044.05-035,,,,,
Communications - Copper,checklist,,,,,,4044.05-036,,,,,
Communications - Copper,checklist,,,,,,4044.05-037,,,,,
Communications - Copper,checklist,,,,,,4044.05-038,,,,,
Communications - Copper,checklist,,,,,,4044.05-039,,,,,
Communications - Copper,checklist,,,,,,4044.05-040,,,,,
Communications - Copper,checklist,,,,,,4044.05-041,,,,,
Communications - Copper,checklist,,,,,,4044.05-042,,,,,
Communications - Copper,checklist,,,,,,4044.05-043,,,,,
Communications - Copper,checklist,,,,,,4044.05-044,,,,,
Communications - Copper,checklist,,,,,,4044.05-045,,,,,
Communications - Copper,checklist,,,,,,4044.05-046,,,,,
Communications - Copper,checklist,,,,,,4044.05-047,,,,,
Communications - Copper,checklist,,,,,,4044.05-048,,,,,
,step,,,,,Patch Panel: 4044.05-PPT-00002,,,,,,
Communications - Copper,checklist,,,,,,4044.05-049,,,,,
Communications - Copper,checklist,,,,,,4044.05-050,,,,,
Communications - Copper,checklist,,,,,,4044.05-051,,,,,
Communications - Copper,checklist,,,,,,4044.05-052,,,,,
Communications - Copper,checklist,,,,,,4044.05-053,,,,,
Communications - Copper,checklist,,,,,,4044.05-054,,,,,
Communications - Copper,checklist,,,,,,4044.05-055,,,,,
Communications - Copper,checklist,,,,,,4044.05-056,,,,,
Communications - Copper,checklist,,,,,,4044.05-057,,,,,
Communications - Copper,checklist,,,,,,4044.05-058,,,,,
Communications - Copper,checklist,,,,,,4044.05-059,,,,,
Communications - Copper,checklist,,,,,,4044.05-060,,,,,
Communications - Copper,checklist,,,,,,4044.05-061,,,,,
Communications - Copper,checklist,,,,,,4044.05-062,,,,,
Communications - Copper,checklist,,,,,,4044.05-063,,,,,
Communications - Copper,checklist,,,,,,4044.05-064,,,,,
Communications - Copper,checklist,,,,,,4044.05-065,,,,,
Communications - Copper,checklist,,,,,,4044.05-066,,,,,
Communications - Copper,checklist,,,,,,4044.05-067,,,,,
Communications - Copper,checklist,,,,,,4044.05-068,,,,,
Communications - Copper,checklist,,,,,,4044.05-069,,,,,
Communications - Copper,checklist,,,,,,4044.05-070,,,,,
Communications - Copper,checklist,,,,,,4044.05-071,,,,,
Communications - Copper,checklist,,,,,,4044.05-072,,,,,
Communications - Copper,checklist,,,,,,4044.05-073,,,,,
Communications - Copper,checklist,,,,,,4044.05-074,,,,,
Communications - Copper,checklist,,,,,,4044.05-075,,,,,
Communications - Copper,checklist,,,,,,4044.05-076,,,,,
Communications - Copper,checklist,,,,,,4044.05-077,,,,,
Communications - Copper,checklist,,,,,,4044.05-078,,,,,
Communications - Copper,checklist,,,,,,4044.05-079,,,,,
Communications - Copper,checklist,,,,,,4044.05-080,,,,,
Communications - Copper,checklist,,,,,,4044.05-081,,,,,
Communications - Copper,checklist,,,,,,4044.05-082,,,,,
Communications - Copper,checklist,,,,,,4044.05-083,,,,,
Communications - Copper,checklist,,,,,,4044.05-084,,,,,
Communications - Copper,checklist,,,,,,4044.05-085,,,,,
Communications - Copper,checklist,,,,,,4044.05-086,,,,,
Communications - Copper,checklist,,,,,,4044.05-087,,,,,
Communications - Copper,checklist,,,,,,4044.05-088,,,,,
Communications - Copper,checklist,,,,,,4044.05-089,,,,,
Communications - Copper,checklist,,,,,,4044.05-090,,,,,
Communications - Copper,checklist,,,,,,4044.05-091,,,,,
Communications - Copper,checklist,,,,,,4044.05-092,,,,,
Communications - Copper,checklist,,,,,,4044.05-093,,,,,
Communications - Copper,checklist,,,,,,4044.05-094,,,,,
Communications - Copper,checklist,,,,,,4044.05-095,,,,,
Communications - Copper,checklist,,,,,,4044.05-096,,,,,
,step,,,,,Patch Panel: 4044.05-PPT-00003,,,,,,
Communications - Copper,checklist,,,,,,4044.05-097,,,,,
Communications - Copper,checklist,,,,,,4044.05-098,,,,,
Communications - Copper,checklist,,,,,,4044.05-099,,,,,
Communications - Copper,checklist,,,,,,4044.05-100,,,,,
Communications - Copper,checklist,,,,,,4044.05-101,,,,,
Communications - Copper,checklist,,,,,,4044.05-102,,,,,
Communications - Copper,checklist,,,,,,4044.05-103,,,,,
Communications - Copper,checklist,,,,,,4044.05-104,,,,,
Communications - Copper,checklist,,,,,,4044.05-105,,,,,
Communications - Copper,checklist,,,,,,4044.05-106,,,,,
Communications - Copper,checklist,,,,,,4044.05-107,,,,,
Communications - Copper,checklist,,,,,,4044.05-108,,,,,
Communications - Copper,checklist,,,,,,4044.05-109,,,,,
Communications - Copper,checklist,,,,,,4044.05-110,,,,,
Communications - Copper,checklist,,,,,,4044.05-111,,,,,
Communications - Copper,checklist,,,,,,4044.05-112,,,,,
Communications - Copper,checklist,,,,,,4044.05-113,,,,,
Communications - Copper,checklist,,,,,,4044.05-114,,,,,
Communications - Copper,checklist,,,,,,4044.05-115,,,,,
Communications - Copper,checklist,,,,,,4044.05-116,,,,,
Communications - Copper,checklist,,,,,,4044.05-117,,,,,
Communications - Copper,checklist,,,,,,4044.05-118,,,,,
Communications - Copper,checklist,,,,,,4044.05-119,,,,,
Communications - Copper,checklist,,,,,,4044.05-120,,,,,
Communications - Copper,checklist,,,,,,4044.05-121,,,,,
Communications - Copper,checklist,,,,,,4044.05-122,,,,,
Communications - Copper,checklist,,,,,,4044.05-123,,,,,
Communications - Copper,checklist,,,,,,4044.05-124,,,,,
Communications - Copper,checklist,,,,,,4044.05-125,,,,,
Communications - Copper,checklist,,,,,,4044.05-126,,,,,
Communications - Copper,checklist,,,,,,4044.05-127,,,,,
Communications - Copper,checklist,,,,,,4044.05-128,,,,,
Communications - Copper,checklist,,,,,,4044.05-129,,,,,
Communications - Copper,checklist,,,,,,4044.05-130,,,,,
Communications - Copper,checklist,,,,,,4044.05-131,,,,,
Communications - Copper,checklist,,,,,,4044.05-132,,,,,
Communications - Copper,checklist,,,,,,4044.05-133,,,,,
Communications - Copper,checklist,,,,,,4044.05-134,,,,,
Communications - Copper,checklist,,,,,,4044.05-135,,,,,
Communications - Copper,checklist,,,,,,4044.05-136,,,,,
Communications - Copper,checklist,,,,,,4044.05-137,,,,,
Communications - Copper,checklist,,,,,,4044.05-138,,,,,
Communications - Copper,checklist,,,,,,4044.05-139,,,,,
Communications - Copper,checklist,,,,,,4044.05-140,,,,,
Communications - Copper,checklist,,,,,,4044.05-141,,,,,
Communications - Copper,checklist,,,,,,4044.05-142,,,,,
Communications - Copper,checklist,,,,,,4044.05-143,,,,,
Communications - Copper,checklist,,,,,,4044.05-144,,,,,
,step,,,,,Patch Panel: 4044.05-PPT-00004,,,,,,
Communications - Copper,checklist,,,,,,4044.05-145,,,,,
Communications - Copper,checklist,,,,,,4044.05-146,,,,,
Communications - Copper,checklist,,,,,,4044.05-147,,,,,
Communications - Copper,checklist,,,,,,4044.05-148,,,,,
Communications - Copper,checklist,,,,,,4044.05-149,,,,,
Communications - Copper,checklist,,,,,,4044.05-150,,,,,
Communications - Copper,checklist,,,,,,4044.05-151,,,,,
Communications - Copper,checklist,,,,,,4044.05-152,,,,,
Communications - Copper,checklist,,,,,,4044.05-153,,,,,
Communications - Copper,checklist,,,,,,4044.05-154,,,,,
Communications - Copper,checklist,,,,,,4044.05-155,,,,,
Communications - Copper,checklist,,,,,,4044.05-156,,,,,
Communications - Copper,checklist,,,,,,4044.05-157,,,,,
Communications - Copper,checklist,,,,,,4044.05-158,,,,,
Communications - Copper,checklist,,,,,,4044.05-159,,,,,
Communications - Copper,checklist,,,,,,4044.05-160,,,,,
Communications - Copper,checklist,,,,,,4044.05-161,,,,,
Communications - Copper,checklist,,,,,,4044.05-162,,,,,
Communications - Copper,checklist,,,,,,4044.05-163,,,,,
Communications - Copper,checklist,,,,,,4044.05-164,,,,,
Communications - Copper,checklist,,,,,,4044.05-165,,,,,
Communications - Copper,checklist,,,,,,4044.05-166,,,,,
Communications - Copper,checklist,,,,,,4044.05-167,,,,,
Communications - Copper,checklist,,,,,,4044.05-168,,,,,
Communications - Copper,checklist,,,,,,4044.05-169,,,,,
Communications - Copper,checklist,,,,,,4044.05-170,,,,,
Communications - Copper,checklist,,,,,,4044.05-171,,,,,
Communications - Copper,checklist,,,,,,4044.05-172,,,,,
Communications - Copper,checklist,,,,,,4044.05-173,,,,,
Communications - Copper,checklist,,,,,,4044.05-174,,,,,
Communications - Copper,checklist,,,,,,4044.05-175,,,,,
Communications - Copper,checklist,,,,,,4044.05-176,,,,,
Communications - Copper,checklist,,,,,,4044.05-177,,,,,
Communications - Copper,checklist,,,,,,4044.05-178,,,,,
Communications - Copper,checklist,,,,,,4044.05-179,,,,,
Communications - Copper,checklist,,,,,,4044.05-180,,,,,
Communications - Copper,checklist,,,,,,4044.05-181,,,,,
Communications - Copper,checklist,,,,,,4044.05-182,,,,,
Communications - Copper,checklist,,,,,,4044.05-183,,,,,
Communications - Copper,checklist,,,,,,4044.05-184,,,,,
Communications - Copper,checklist,,,,,,4044.05-185,,,,,
Communications - Copper,checklist,,,,,,4044.05-186,,,,,
Communications - Copper,checklist,,,,,,4044.05-187,,,,,
Communications - Copper,checklist,,,,,,4044.05-188,,,,,
Communications - Copper,checklist,,,,,,4044.05-189,,,,,
Communications - Copper,checklist,,,,,,4044.05-190,,,,,
Communications - Copper,checklist,,,,,,4044.05-191,,,,,
Communications - Copper,checklist,,,,,,4044.05-192,,,,,
,step,,,,,Patch Panel: 4044.05-PPT-00005,,,,,,
Communications - Copper,checklist,,,,,,4044.05-193,,,,,
Communications - Copper,checklist,,,,,,4044.05-194,,,,,
Communications - Copper,checklist,,,,,,4044.05-195,,,,,
Communications - Copper,checklist,,,,,,4044.05-196,,,,,
Communications - Copper,checklist,,,,,,4044.05-197,,,,,
Communications - Copper,checklist,,,,,,4044.05-198,,,,,
Communications - Copper,checklist,,,,,,4044.05-199,,,,,
Communications - Copper,checklist,,,,,,4044.05-200,,,,,
Communications - Copper,checklist,,,,,,4044.05-201,,,,,
Communications - Copper,checklist,,,,,,4044.05-202,,,,,
Communications - Copper,checklist,,,,,,4044.05-203,,,,,
Communications - Copper,checklist,,,,,,4044.05-204,,,,,
Communications - Copper,checklist,,,,,,4044.05-205,,,,,
Communications - Copper,checklist,,,,,,4044.05-206,,,,,
Communications - Copper,checklist,,,,,,4044.05-207,,,,,
Communications - Copper,checklist,,,,,,4044.05-208,,,,,
Communications - Copper,checklist,,,,,,4044.05-209,,,,,
Communications - Copper,checklist,,,,,,4044.05-210,,,,,
Communications - Copper,checklist,,,,,,4044.05-211,,,,,
Communications - Copper,checklist,,,,,,4044.05-212,,,,,
Communications - Copper,checklist,,,,,,4044.05-213,,,,,
Communications - Copper,checklist,,,,,,4044.05-214,,,,,
Communications - Copper,checklist,,,,,,4044.05-215,,,,,
Communications - Copper,checklist,,,,,,4044.05-216,,,,,
Communications - Copper,checklist,,,,,,4044.05-217,,,,,
Communications - Copper,checklist,,,,,,4044.05-218,,,,,
Communications - Copper,checklist,,,,,,SPARE 1,,,,,
Communications - Copper,checklist,,,,,,SPARE 2,,,,,
Communications - Copper,checklist,,,,,,SPARE 3,,,,,
Communications - Copper,checklist,,,,,,SPARE 4,,,,,
Communications - Copper,checklist,,,,,,SPARE 5,,,,,
Communications - Copper,checklist,,,,,,SPARE 6,,,,,
Communications - Copper,checklist,,,,,,SPARE 7,,,,,
Communications - Copper,checklist,,,,,,SPARE 8,,,,,
Communications - Copper,checklist,,,,,,SPARE 9,,,,,
Communications - Copper,checklist,,,,,,SPARE 10,,,,,
Communications - Copper,checklist,,,,,,SPARE 11,,,,,
Communications - Copper,checklist,,,,,,SPARE 12,,,,,
Communications - Copper,checklist,,,,,,SPARE 13,,,,,
Communications - Copper,checklist,,,,,,SPARE 14,,,,,
Communications - Copper,checklist,,,,,,SPARE 15,,,,,
Communications - Copper,checklist,,,,,,SPARE 16,,,,,
Communications - Copper,checklist,,,,,,SPARE 17,,,,,
Communications - Copper,checklist,,,,,,SPARE 18,,,,,
Communications - Copper,checklist,,,,,,SPARE 19,,,,,
Communications - Copper,checklist,,,,,,SPARE 20,,,,,
Communications - Copper,checklist,,,,,,SPARE 21,,,,,
Communications - Copper,checklist,,,,,,SPARE 22,,,,,
,step,,,,Rack: 4044.05-2-PPC-00002,,,,,,,
Communications - Cabinet,checklist,,,,,Cabinet ITC,,,,,,
,step,,,,,Patch Panel: 4044.05-PPT-00001,,,,,,
Communications - Copper,checklist,,,,,,4044.05-2-001,,,,,
Communications - Copper,checklist,,,,,,4044.05-2-002,,,,,
Communications - Copper,checklist,,,,,,4044.05-2-003,,,,,
Communications - Copper,checklist,,,,,,4044.05-2-004,,,,,
Communications - Copper,checklist,,,,,,4044.05-2-005,,,,,
Communications - Copper,checklist,,,,,,4044.05-2-006,,,,,
Communications - Copper,checklist,,,,,,4044.05-2-007,,,,,
Communications - Copper,checklist,,,,,,4044.05-2-008,,,,,
Communications - Copper,checklist,,,,,,4044.05-2-009,,,,,
Communications - Copper,checklist,,,,,,4044.05-2-010,,,,,
Communications - Copper,checklist,,,,,,4044.05-2-011,,,,,
Communications - Copper,checklist,,,,,,4044.05-2-012,,,,,
Communications - Copper,checklist,,,,,,4044.05-2-013,,,,,
Communications - Copper,checklist,,,,,,4044.05-2-014,,,,,
Communications - Copper,checklist,,,,,,4044.05-2-015,,,,,
Communications - Copper,checklist,,,,,,4044.05-2-016,,,,,
Communications - Copper,checklist,,,,,,4044.05-2-017,,,,,
Communications - Copper,checklist,,,,,,4044.05-2-018,,,,,
Communications - Copper,checklist,,,,,,4044.05-2-019,,,,,
Communications - Copper,checklist,,,,,,4044.05-2-020,,,,,
Communications - Copper,checklist,,,,,,4044.05-2-021,,,,,
Communications - Copper,checklist,,,,,,4044.05-2-022,,,,,
Communications - Copper,checklist,,,,,,4044.05-2-023,,,,,
Communications - Copper,checklist,,,,,,4044.05-2-024,,,,,
Communications - Copper,checklist,,,,,,4044.05-2-025,,,,,
Communications - Copper,checklist,,,,,,4044.05-2-026,,,,,
Communications - Copper,checklist,,,,,,4044.05-2-027,,,,,
Communications - Copper,checklist,,,,,,4044.05-2-028,,,,,
Communications - Copper,checklist,,,,,,4044.05-2-029,,,,,
Communications - Copper,checklist,,,,,,4044.05-2-030,,,,,
Communications - Copper,checklist,,,,,,4044.05-2-031,,,,,
Communications - Copper,checklist,,,,,,4044.05-2-032,,,,,
Communications - Copper,checklist,,,,,,4044.05-2-033,,,,,
Communications - Copper,checklist,,,,,,4044.05-2-034,,,,,
Communications - Copper,checklist,,,,,,4044.05-2-035,,,,,
Communications - Copper,checklist,,,,,,4044.05-2-036,,,,,
Communications - Copper,checklist,,,,,,4044.05-2-037,,,,,
Communications - Copper,checklist,,,,,,4044.05-2-038,,,,,
Communications - Copper,checklist,,,,,,4044.05-2-039,,,,,
Communications - Copper,checklist,,,,,,4044.05-2-040,,,,,
Communications - Copper,checklist,,,,,,4044.05-2-041,,,,,
Communications - Copper,checklist,,,,,,4044.05-2-042,,,,,
Communications - Copper,checklist,,,,,,4044.05-2-043,,,,,
Communications - Copper,checklist,,,,,,4044.05-2-044,,,,,
Communications - Copper,checklist,,,,,,4044.05-2-045,,,,,
Communications - Copper,checklist,,,,,,4044.05-2-046,,,,,
Communications - Copper,checklist,,,,,,4044.05-2-047,,,,,
Communications - Copper,checklist,,,,,,4044.05-2-048,,,,,
,step,,,,,Patch Panel: 4044.05-PPT-00002,,,,,,
Communications - Copper,checklist,,,,,,4044.05-2-049,,,,,
Communications - Copper,checklist,,,,,,4044.05-2-050,,,,,
Communications - Copper,checklist,,,,,,4044.05-2-051,,,,,
Communications - Copper,checklist,,,,,,4044.05-2-052,,,,,
Communications - Copper,checklist,,,,,,4044.05-2-053,,,,,
Communications - Copper,checklist,,,,,,4044.05-2-054,,,,,
Communications - Copper,checklist,,,,,,4044.05-2-055,,,,,
Communications - Copper,checklist,,,,,,4044.05-2-056,,,,,
Communications - Copper,checklist,,,,,,4044.05-2-057,,,,,
Communications - Copper,checklist,,,,,,4044.05-2-058,,,,,
Communications - Copper,checklist,,,,,,4044.05-2-059,,,,,
Communications - Copper,checklist,,,,,,4044.05-2-060,,,,,
Communications - Copper,checklist,,,,,,4044.05-2-061,,,,,
Communications - Copper,checklist,,,,,,4044.05-2-062,,,,,
Communications - Copper,checklist,,,,,,4044.05-2-063,,,,,
Communications - Copper,checklist,,,,,,4044.05-2-064,,,,,
Communications - Copper,checklist,,,,,,4044.05-2-065,,,,,
Communications - Copper,checklist,,,,,,4044.05-2-066,,,,,
Communications - Copper,checklist,,,,,,4044.05-2-067,,,,,
Communications - Copper,checklist,,,,,,4044.05-2-068,,,,,
Communications - Copper,checklist,,,,,,4044.05-2-069,,,,,
Communications - Copper,checklist,,,,,,4044.05-2-070,,,,,
Communications - Copper,checklist,,,,,,4044.05-2-071,,,,,
Communications - Copper,checklist,,,,,,4044.05-2-072,,,,,
Communications - Copper,checklist,,,,,,4044.05-2-073,,,,,
Communications - Copper,checklist,,,,,,4044.05-2-074,,,,,
Communications - Copper,checklist,,,,,,4044.05-2-075,,,,,
Communications - Copper,checklist,,,,,,4044.05-2-076,,,,,
Communications - Copper,checklist,,,,,,4044.05-2-077,,,,,
Communications - Copper,checklist,,,,,,4044.05-2-078,,,,,
Communications - Copper,checklist,,,,,,4044.05-2-079,,,,,
Communications - Copper,checklist,,,,,,4044.05-2-080,,,,,
Communications - Copper,checklist,,,,,,4044.05-2-081,,,,,
Communications - Copper,checklist,,,,,,4044.05-2-082,,,,,
Communications - Copper,checklist,,,,,,4044.05-2-083,,,,,
Communications - Copper,checklist,,,,,,4044.05-2-084,,,,,
Communications - Copper,checklist,,,,,,4044.05-2-085,,,,,
Communications - Copper,checklist,,,,,,4044.05-2-086,,,,,
Communications - Copper,checklist,,,,,,4044.05-2-087,,,,,
Communications - Copper,checklist,,,,,,4044.05-2-088,,,,,
Communications - Copper,checklist,,,,,,4044.05-2-089,,,,,
Communications - Copper,checklist,,,,,,4044.05-2-090,,,,,
Communications - Copper,checklist,,,,,,4044.05-2-091,,,,,
Communications - Copper,checklist,,,,,,4044.05-2-092,,,,,
Communications - Copper,checklist,,,,,,4044.05-2-093,,,,,
Communications - Copper,checklist,,,,,,4044.05-2-094,,,,,
Communications - Copper,checklist,,,,,,4044.05-2-095,,,,,
Communications - Copper,checklist,,,,,,4044.05-2-096,,,,,
,step,,,,,Patch Panel: 4044.05-PPT-00003,,,,,,
Communications - Copper,checklist,,,,,,4044.05-2-097,,,,,
Communications - Copper,checklist,,,,,,4044.05-2-098,,,,,
Communications - Copper,checklist,,,,,,4044.05-2-099,,,,,
Communications - Copper,checklist,,,,,,4044.05-2-100,,,,,
Communications - Copper,checklist,,,,,,4044.05-2-101,,,,,
Communications - Copper,checklist,,,,,,4044.05-2-102,,,,,
Communications - Copper,checklist,,,,,,4044.05-2-103,,,,,
Communications - Copper,checklist,,,,,,4044.05-2-104,,,,,
Communications - Copper,checklist,,,,,,4044.05-2-105,,,,,
Communications - Copper,checklist,,,,,,4044.05-2-106,,,,,
Communications - Copper,checklist,,,,,,4044.05-2-107,,,,,
Communications - Copper,checklist,,,,,,4044.05-2-108,,,,,
Communications - Copper,checklist,,,,,,4044.05-2-109,,,,,
Communications - Copper,checklist,,,,,,4044.05-2-110,,,,,
Communications - Copper,checklist,,,,,,4044.05-2-111,,,,,
Communications - Copper,checklist,,,,,,4044.05-2-112,,,,,
Communications - Copper,checklist,,,,,,4044.05-2-113,,,,,
Communications - Copper,checklist,,,,,,4044.05-2-114,,,,,
Communications - Copper,checklist,,,,,,SPARE 1,,,,,
Communications - Copper,checklist,,,,,,SPARE 2,,,,,
Communications - Copper,checklist,,,,,,SPARE 3,,,,,
Communications - Copper,checklist,,,,,,SPARE 4,,,,,
Communications - Copper,checklist,,,,,,SPARE 5,,,,,
Communications - Copper,checklist,,,,,,SPARE 6,,,,,
Communications - Copper,checklist,,,,,,SPARE 7,,,,,
Communications - Copper,checklist,,,,,,SPARE 8,,,,,
Communications - Copper,checklist,,,,,,SPARE 9,,,,,
Communications - Copper,checklist,,,,,,SPARE 10,,,,,
Communications - Copper,checklist,,,,,,SPARE 11,,,,,
Communications - Copper,checklist,,,,,,SPARE 12,,,,,
Communications - Copper,checklist,,,,,,SPARE 13,,,,,
Communications - Copper,checklist,,,,,,SPARE 14,,,,,
Communications - Copper,checklist,,,,,,SPARE 15,,,,,
Communications - Copper,checklist,,,,,,SPARE 16,,,,,
Communications - Copper,checklist,,,,,,SPARE 17,,,,,
Communications - Copper,checklist,,,,,,SPARE 18,,,,,
Communications - Copper,checklist,,,,,,SPARE 19,,,,,
Communications - Copper,checklist,,,,,,SPARE 20,,,,,
Communications - Copper,checklist,,,,,,SPARE 21,,,,,
Communications - Copper,checklist,,,,,,SPARE 22,,,,,
Communications - Copper,checklist,,,,,,SPARE 23,,,,,
Communications - Copper,checklist,,,,,,SPARE 24,,,,,
Communications - Copper,checklist,,,,,,SPARE 25,,,,,
Communications - Copper,checklist,,,,,,SPARE 26,,,,,
Communications - Copper,checklist,,,,,,SPARE 27,,,,,
Communications - Copper,checklist,,,,,,SPARE 28,,,,,
Communications - Copper,checklist,,,,,,SPARE 29,,,,,
Communications - Copper,checklist,,,,,,SPARE 30,,,,,
,step,,,,Rack: 4044.07-PPC-00001,,,,,,,
Communications - Cabinet,checklist,,,,,Cabinet ITC,,,,,,
,step,,,,,Patch Panel: 4044.07-PPT-00001,,,,,,
Communications - Copper,checklist,,,,,,4044.07-001,,,,,
Communications - Copper,checklist,,,,,,4044.07-002,,,,,
Communications - Copper,checklist,,,,,,4044.07-003,,,,,
Communications - Copper,checklist,,,,,,4044.07-004,,,,,
Communications - Copper,checklist,,,,,,4044.07-005,,,,,
Communications - Copper,checklist,,,,,,4044.07-006,,,,,
Communications - Copper,checklist,,,,,,4044.07-007,,,,,
Communications - Copper,checklist,,,,,,4044.07-008,,,,,
Communications - Copper,checklist,,,,,,4044.07-009,,,,,
Communications - Copper,checklist,,,,,,4044.07-010,,,,,
Communications - Copper,checklist,,,,,,4044.07-011,,,,,
Communications - Copper,checklist,,,,,,4044.07-012,,,,,
Communications - Copper,checklist,,,,,,4044.07-013,,,,,
Communications - Copper,checklist,,,,,,4044.07-014,,,,,
Communications - Copper,checklist,,,,,,4044.07-015,,,,,
Communications - Copper,checklist,,,,,,4044.07-016,,,,,
Communications - Copper,checklist,,,,,,4044.07-017,,,,,
Communications - Copper,checklist,,,,,,4044.07-018,,,,,
Communications - Copper,checklist,,,,,,4044.07-019,,,,,
Communications - Copper,checklist,,,,,,4044.07-020,,,,,
Communications - Copper,checklist,,,,,,4044.07-021,,,,,
Communications - Copper,checklist,,,,,,4044.07-022,,,,,
Communications - Copper,checklist,,,,,,4044.07-023,,,,,
Communications - Copper,checklist,,,,,,4044.07-024,,,,,
,step,,,,,Patch Panel: 4044.07-PPT-00002,,,,,,
Communications - Copper,checklist,,,,,,4044.07-025,,,,,
Communications - Copper,checklist,,,,,,4044.07-026,,,,,
Communications - Copper,checklist,,,,,,4044.07-027,,,,,
Communications - Copper,checklist,,,,,,4044.07-028,,,,,
Communications - Copper,checklist,,,,,,4044.07-029,,,,,
Communications - Copper,checklist,,,,,,4044.07-030,,,,,
Communications - Copper,checklist,,,,,,4044.07-031,,,,,
Communications - Copper,checklist,,,,,,4044.07-032,,,,,
Communications - Copper,checklist,,,,,,4044.07-033,,,,,
Communications - Copper,checklist,,,,,,4044.07-034,,,,,
Communications - Copper,checklist,,,,,,4044.07-035,,,,,
Communications - Copper,checklist,,,,,,4044.07-036,,,,,
Communications - Copper,checklist,,,,,,4044.07-037,,,,,
Communications - Copper,checklist,,,,,,4044.07-038,,,,,
Communications - Copper,checklist,,,,,,4044.07-039,,,,,
Communications - Copper,checklist,,,,,,4044.07-040,,,,,
Communications - Copper,checklist,,,,,,4044.07-041,,,,,
Communications - Copper,checklist,,,,,,4044.07-042,,,,,
Communications - Copper,checklist,,,,,,4044.07-043,,,,,
Communications - Copper,checklist,,,,,,4044.07-044,,,,,
Communications - Copper,checklist,,,,,,4044.07-045,,,,,
Communications - Copper,checklist,,,,,,4044.07-046,,,,,
Communications - Copper,checklist,,,,,,4044.07-047,,,,,
Communications - Copper,checklist,,,,,,4044.07-048,,,,,
,step,,,,,Patch Panel: 4044.07-PPT-00003,,,,,,
Communications - Copper,checklist,,,,,,4044.07-049,,,,,
Communications - Copper,checklist,,,,,,4044.07-050,,,,,
Communications - Copper,checklist,,,,,,4044.07-051,,,,,
Communications - Copper,checklist,,,,,,4044.07-052,,,,,
Communications - Copper,checklist,,,,,,4044.07-053,,,,,
Communications - Copper,checklist,,,,,,4044.07-054,,,,,
Communications - Copper,checklist,,,,,,4044.07-055,,,,,
Communications - Copper,checklist,,,,,,4044.07-056,,,,,
Communications - Copper,checklist,,,,,,4044.07-057,,,,,
Communications - Copper,checklist,,,,,,4044.07-058,,,,,
Communications - Copper,checklist,,,,,,4044.07-059,,,,,
Communications - Copper,checklist,,,,,,4044.07-060,,,,,
Communications - Copper,checklist,,,,,,4044.07-061,,,,,
Communications - Copper,checklist,,,,,,4044.07-062,,,,,
Communications - Copper,checklist,,,,,,4044.07-063,,,,,
Communications - Copper,checklist,,,,,,4044.07-064,,,,,
Communications - Copper,checklist,,,,,,4044.07-065,,,,,
Communications - Copper,checklist,,,,,,4044.07-066,,,,,
Communications - Copper,checklist,,,,,,4044.07-067,,,,,
Communications - Copper,checklist,,,,,,4044.07-068,,,,,
Communications - Copper,checklist,,,,,,4044.07-069,,,,,
Communications - Copper,checklist,,,,,,4044.07-070,,,,,
Communications - Copper,checklist,,,,,,4044.07-071,,,,,
Communications - Copper,checklist,,,,,,4044.07-072,,,,,
,step,,,,,Patch Panel: 4044.07-PPT-00004,,,,,,
Communications - Copper,checklist,,,,,,4044.07-073,,,,,
Communications - Copper,checklist,,,,,,4044.07-074,,,,,
Communications - Copper,checklist,,,,,,4044.07-075,,,,,
Communications - Copper,checklist,,,,,,4044.07-076,,,,,
Communications - Copper,checklist,,,,,,4044.07-077,,,,,
Communications - Copper,checklist,,,,,,4044.07-078,,,,,
Communications - Copper,checklist,,,,,,4044.07-079,,,,,
Communications - Copper,checklist,,,,,,4044.07-080,,,,,
Communications - Copper,checklist,,,,,,4044.07-081,,,,,
Communications - Copper,checklist,,,,,,4044.07-082,,,,,
Communications - Copper,checklist,,,,,,4044.07-083,,,,,
Communications - Copper,checklist,,,,,,4044.07-084,,,,,
Communications - Copper,checklist,,,,,,4044.07-085,,,,,
Communications - Copper,checklist,,,,,,4044.07-086,,,,,
Communications - Copper,checklist,,,,,,4044.07-087,,,,,
Communications - Copper,checklist,,,,,,4044.07-088,,,,,
Communications - Copper,checklist,,,,,,4044.07-089,,,,,
Communications - Copper,checklist,,,,,,4044.07-090,,,,,
Communications - Copper,checklist,,,,,,4044.07-091,,,,,
Communications - Copper,checklist,,,,,,4044.07-092,,,,,
Communications - Copper,checklist,,,,,,4044.07-093,,,,,
Communications - Copper,checklist,,,,,,4044.07-094,,,,,
Communications - Copper,checklist,,,,,,4044.07-095,,,,,
Communications - Copper,checklist,,,,,,4044.07-096,,,,,
,step,,,,,Patch Panel: 4044.07-PPT-00005,,,,,,
Communications - Copper,checklist,,,,,,4044.07-097,,,,,
Communications - Copper,checklist,,,,,,4044.07-098,,,,,
Communications - Copper,checklist,,,,,,4044.07-099,,,,,
Communications - Copper,checklist,,,,,,4044.07-100,,,,,
Communications - Copper,checklist,,,,,,4044.07-101,,,,,
Communications - Copper,checklist,,,,,,4044.07-102,,,,,
Communications - Copper,checklist,,,,,,4044.07-103,,,,,
Communications - Copper,checklist,,,,,,4044.07-104,,,,,
Communications - Copper,checklist,,,,,,4044.07-105,,,,,
Communications - Copper,checklist,,,,,,4044.07-106,,,,,
Communications - Copper,checklist,,,,,,4044.07-107,,,,,
Communications - Copper,checklist,,,,,,4044.07-108,,,,,
Communications - Copper,checklist,,,,,,4044.07-109,,,,,
Communications - Copper,checklist,,,,,,4044.07-110,,,,,
Communications - Copper,checklist,,,,,,4044.07-111,,,,,
Communications - Copper,checklist,,,,,,4044.07-112,,,,,
Communications - Copper,checklist,,,,,,4044.07-113,,,,,
Communications - Copper,checklist,,,,,,4044.07-114,,,,,
Communications - Copper,checklist,,,,,,4044.07-115,,,,,
Communications - Copper,checklist,,,,,,4044.07-116,,,,,
Communications - Copper,checklist,,,,,,4044.07-117,,,,,
Communications - Copper,checklist,,,,,,4044.07-118,,,,,
Communications - Copper,checklist,,,,,,4044.07-119,,,,,
Communications - Copper,checklist,,,,,,4044.07-120,,,,,
,step,,,,,Patch Panel: 4044.07-PPT-00006,,,,,,
Communications - Copper,checklist,,,,,,4044.07-121,,,,,
Communications - Copper,checklist,,,,,,4044.07-122,,,,,
Communications - Copper,checklist,,,,,,4044.07-123,,,,,
Communications - Copper,checklist,,,,,,4044.07-124,,,,,
Communications - Copper,checklist,,,,,,4044.07-125,,,,,
Communications - Copper,checklist,,,,,,4044.07-126,,,,,
Communications - Copper,checklist,,,,,,4044.07-127,,,,,
Communications - Copper,checklist,,,,,,4044.07-128,,,,,
Communications - Copper,checklist,,,,,,4044.07-129,,,,,
Communications - Copper,checklist,,,,,,4044.07-130,,,,,
Communications - Copper,checklist,,,,,,4044.07-131,,,,,
Communications - Copper,checklist,,,,,,4044.07-132,,,,,
Communications - Copper,checklist,,,,,,4044.07-133,,,,,
Communications - Copper,checklist,,,,,,4044.07-134,,,,,
Communications - Copper,checklist,,,,,,4044.07-135,,,,,
Communications - Copper,checklist,,,,,,4044.07-136,,,,,
Communications - Copper,checklist,,,,,,4044.07-137,,,,,
Communications - Copper,checklist,,,,,,4044.07-138,,,,,
Communications - Copper,checklist,,,,,,4044.07-139,,,,,
Communications - Copper,checklist,,,,,,4044.07-140,,,,,
Communications - Copper,checklist,,,,,,4044.07-141,,,,,
Communications - Copper,checklist,,,,,,4044.07-142,,,,,
Communications - Copper,checklist,,,,,,4044.07-143,,,,,
Communications - Copper,checklist,,,,,,4044.07-144,,,,,
,step,,,,,Patch Panel: 4044.07-PPT-00007,,,,,,
Communications - Copper,checklist,,,,,,4044.07-145,,,,,
Communications - Copper,checklist,,,,,,4044.07-146,,,,,
Communications - Copper,checklist,,,,,,4044.07-147,,,,,
Communications - Copper,checklist,,,,,,4044.07-148,,,,,
Communications - Copper,checklist,,,,,,4044.07-149,,,,,
Communications - Copper,checklist,,,,,,4044.07-150,,,,,
Communications - Copper,checklist,,,,,,4044.07-151,,,,,
Communications - Copper,checklist,,,,,,4044.07-152,,,,,
Communications - Copper,checklist,,,,,,4044.07-153,,,,,
Communications - Copper,checklist,,,,,,4044.07-154,,,,,
Communications - Copper,checklist,,,,,,4044.07-155,,,,,
Communications - Copper,checklist,,,,,,4044.07-156,,,,,
Communications - Copper,checklist,,,,,,4044.07-157,,,,,
Communications - Copper,checklist,,,,,,4044.07-158,,,,,
Communications - Copper,checklist,,,,,,4044.07-159,,,,,
Communications - Copper,checklist,,,,,,4044.07-160,,,,,
Communications - Copper,checklist,,,,,,4044.07-161,,,,,
Communications - Copper,checklist,,,,,,4044.07-162,,,,,
Communications - Copper,checklist,,,,,,4044.07-163,,,,,
Communications - Copper,checklist,,,,,,4044.07-164,,,,,
Communications - Copper,checklist,,,,,,4044.07-165,,,,,
Communications - Copper,checklist,,,,,,4044.07-166,,,,,
Communications - Copper,checklist,,,,,,4044.07-167,,,,,
Communications - Copper,checklist,,,,,,4044.07-168,,,,,
,step,,,,,Patch Panel: 4044.07-PPT-00008,,,,,,
Communications - Copper,checklist,,,,,,4044.07-169,,,,,
Communications - Copper,checklist,,,,,,4044.07-170,,,,,
Communications - Copper,checklist,,,,,,4044.07-171,,,,,
Communications - Copper,checklist,,,,,,4044.07-172,,,,,
Communications - Copper,checklist,,,,,,4044.07-173,,,,,
Communications - Copper,checklist,,,,,,4044.07-174,,,,,
Communications - Copper,checklist,,,,,,4044.07-175,,,,,
Communications - Copper,checklist,,,,,,4044.07-176,,,,,
Communications - Copper,checklist,,,,,,4044.07-177,,,,,
Communications - Copper,checklist,,,,,,4044.07-178,,,,,
Communications - Copper,checklist,,,,,,4044.07-179,,,,,
Communications - Copper,checklist,,,,,,4044.07-180,,,,,
Communications - Copper,checklist,,,,,,4044.07-181,,,,,
Communications - Copper,checklist,,,,,,4044.07-182,,,,,
Communications - Copper,checklist,,,,,,4044.07-183,,,,,
Communications - Copper,checklist,,,,,,4044.07-184,,,,,
Communications - Copper,checklist,,,,,,4044.07-185,,,,,
Communications - Copper,checklist,,,,,,4044.07-186,,,,,
Communications - Copper,checklist,,,,,,4044.07-187,,,,,
Communications - Copper,checklist,,,,,,4044.07-188,,,,,
Communications - Copper,checklist,,,,,,4044.07-189,,,,,
Communications - Copper,checklist,,,,,,4044.07-190,,,,,
Communications - Copper,checklist,,,,,,4044.07-191,,,,,
Communications - Copper,checklist,,,,,,4044.07-192,,,,,
,step,,,,,Patch Panel: 4044.07-PPT-00009,,,,,,
Communications - Copper,checklist,,,,,,SPARE 1,,,,,
Communications - Copper,checklist,,,,,,SPARE 2,,,,,
Communications - Copper,checklist,,,,,,SPARE 3,,,,,
Communications - Copper,checklist,,,,,,SPARE 4,,,,,
Communications - Copper,checklist,,,,,,SPARE 5,,,,,
Communications - Copper,checklist,,,,,,SPARE 6,,,,,
Communications - Copper,checklist,,,,,,SPARE 7,,,,,
Communications - Copper,checklist,,,,,,SPARE 8,,,,,
Communications - Copper,checklist,,,,,,SPARE 9,,,,,
Communications - Copper,checklist,,,,,,SPARE 10,,,,,
Communications - Copper,checklist,,,,,,SPARE 11,,,,,
Communications - Copper,checklist,,,,,,SPARE 12,,,,,
Communications - Copper,checklist,,,,,,SPARE 13,,,,,
Communications - Copper,checklist,,,,,,SPARE 14,,,,,
Communications - Copper,checklist,,,,,,SPARE 15,,,,,
Communications - Copper,checklist,,,,,,SPARE 16,,,,,
Communications - Copper,checklist,,,,,,SPARE 17,,,,,
Communications - Copper,checklist,,,,,,SPARE 18,,,,,
Communications - Copper,checklist,,,,,,SPARE 19,,,,,
Communications - Copper,checklist,,,,,,SPARE 20,,,,,
Communications - Copper,checklist,,,,,,SPARE 21,,,,,
Communications - Copper,checklist,,,,,,SPARE 22,,,,,
Communications - Copper,checklist,,,,,,SPARE 23,,,,,
Communications - Copper,checklist,,,,,,SPARE 24,,,,,
,step,,,,Rack: 4044.08-PPC-00001,,,,,,,
Communications - Cabinet,checklist,,,,,Cabinet ITC,,,,,,
,step,,,,,Patch Panel: 4044.08-PPT-00001,,,,,,
Communications - Copper,checklist,,,,,,4044.08-001,,,,,
Communications - Copper,checklist,,,,,,4044.08-002,,,,,
Communications - Copper,checklist,,,,,,4044.08-003,,,,,
Communications - Copper,checklist,,,,,,4044.08-004,,,,,
Communications - Copper,checklist,,,,,,4044.08-005,,,,,
Communications - Copper,checklist,,,,,,4044.08-006,,,,,
Communications - Copper,checklist,,,,,,4044.08-007,,,,,
Communications - Copper,checklist,,,,,,4044.08-008,,,,,
Communications - Copper,checklist,,,,,,4044.08-009,,,,,
Communications - Copper,checklist,,,,,,4044.08-010,,,,,
Communications - Copper,checklist,,,,,,4044.08-011,,,,,
Communications - Copper,checklist,,,,,,4044.08-012,,,,,
Communications - Copper,checklist,,,,,,4044.08-013,,,,,
Communications - Copper,checklist,,,,,,4044.08-014,,,,,
Communications - Copper,checklist,,,,,,4044.08-015,,,,,
Communications - Copper,checklist,,,,,,4044.08-016,,,,,
Communications - Copper,checklist,,,,,,4044.08-017,,,,,
Communications - Copper,checklist,,,,,,4044.08-018,,,,,
Communications - Copper,checklist,,,,,,4044.08-019,,,,,
Communications - Copper,checklist,,,,,,4044.08-020,,,,,
Communications - Copper,checklist,,,,,,4044.08-021,,,,,
Communications - Copper,checklist,,,,,,4044.08-022,,,,,
Communications - Copper,checklist,,,,,,4044.08-023,,,,,
Communications - Copper,checklist,,,,,,4044.08-024,,,,,
,step,,,,,Patch Panel: 4044.08-PPT-00002,,,,,,
Communications - Copper,checklist,,,,,,4044.08-025,,,,,
Communications - Copper,checklist,,,,,,4044.08-026,,,,,
Communications - Copper,checklist,,,,,,4044.08-027,,,,,
Communications - Copper,checklist,,,,,,4044.08-028,,,,,
Communications - Copper,checklist,,,,,,4044.08-029,,,,,
Communications - Copper,checklist,,,,,,4044.08-030,,,,,
Communications - Copper,checklist,,,,,,4044.08-031,,,,,
Communications - Copper,checklist,,,,,,4044.08-032,,,,,
Communications - Copper,checklist,,,,,,4044.08-033,,,,,
Communications - Copper,checklist,,,,,,4044.08-034,,,,,
Communications - Copper,checklist,,,,,,4044.08-035,,,,,
Communications - Copper,checklist,,,,,,4044.08-036,,,,,
Communications - Copper,checklist,,,,,,SPARE 1,,,,,
Communications - Copper,checklist,,,,,,SPARE 2,,,,,
Communications - Copper,checklist,,,,,,SPARE 3,,,,,
Communications - Copper,checklist,,,,,,SPARE 4,,,,,
Communications - Copper,checklist,,,,,,SPARE 5,,,,,
Communications - Copper,checklist,,,,,,SPARE 6,,,,,
Communications - Copper,checklist,,,,,,SPARE 7,,,,,
Communications - Copper,checklist,,,,,,SPARE 8,,,,,
Communications - Copper,checklist,,,,,,SPARE 9,,,,,
Communications - Copper,checklist,,,,,,SPARE 10,,,,,
Communications - Copper,checklist,,,,,,SPARE 11,,,,,
Communications - Copper,checklist,,,,,,SPARE 12,,,,,
,step,,,,Rack: 4044.09-PPC-00001,,,,,,,
Communications - Cabinet,checklist,,,,,Cabinet ITC,,,,,,
,step,,,,,Patch Panel: 4044.09-PPT-00001,,,,,,
Communications - Copper,checklist,,,,,,4044.09-001,,,,,
Communications - Copper,checklist,,,,,,4044.09-002,,,,,
Communications - Copper,checklist,,,,,,4044.09-003,,,,,
Communications - Copper,checklist,,,,,,4044.09-004,,,,,
Communications - Copper,checklist,,,,,,4044.09-005,,,,,
Communications - Copper,checklist,,,,,,4044.09-006,,,,,
Communications - Copper,checklist,,,,,,4044.09-007,,,,,
Communications - Copper,checklist,,,,,,4044.09-008,,,,,
Communications - Copper,checklist,,,,,,4044.09-009,,,,,
Communications - Copper,checklist,,,,,,4044.09-010,,,,,
Communications - Copper,checklist,,,,,,4044.09-011,,,,,
Communications - Copper,checklist,,,,,,4044.09-012,,,,,
Communications - Copper,checklist,,,,,,4044.09-013,,,,,
Communications - Copper,checklist,,,,,,4044.09-014,,,,,
Communications - Copper,checklist,,,,,,4044.09-015,,,,,
Communications - Copper,checklist,,,,,,4044.09-016,,,,,
Communications - Copper,checklist,,,,,,4044.09-017,,,,,
Communications - Copper,checklist,,,,,,4044.09-018,,,,,
Communications - Copper,checklist,,,,,,4044.09-019,,,,,
Communications - Copper,checklist,,,,,,4044.09-020,,,,,
Communications - Copper,checklist,,,,,,4044.09-021,,,,,
Communications - Copper,checklist,,,,,,4044.09-022,,,,,
Communications - Copper,checklist,,,,,,4044.09-023,,,,,
Communications - Copper,checklist,,,,,,4044.09-024,,,,,
,step,,,,,Patch Panel: 4044.09-PPT-00002,,,,,,
Communications - Copper,checklist,,,,,,4044.09-025,,,,,
Communications - Copper,checklist,,,,,,4044.09-026,,,,,
Communications - Copper,checklist,,,,,,4044.09-027,,,,,
Communications - Copper,checklist,,,,,,4044.09-028,,,,,
Communications - Copper,checklist,,,,,,4044.09-029,,,,,
Communications - Copper,checklist,,,,,,4044.09-030,,,,,
Communications - Copper,checklist,,,,,,4044.09-031,,,,,
Communications - Copper,checklist,,,,,,4044.09-032,,,,,
Communications - Copper,checklist,,,,,,4044.09-033,,,,,
Communications - Copper,checklist,,,,,,4044.09-034,,,,,
Communications - Copper,checklist,,,,,,4044.09-035,,,,,
Communications - Copper,checklist,,,,,,4044.09-036,,,,,
Communications - Copper,checklist,,,,,,4044.09-037,,,,,
Communications - Copper,checklist,,,,,,4044.09-038,,,,,
Communications - Copper,checklist,,,,,,4044.09-039,,,,,
Communications - Copper,checklist,,,,,,4044.09-040,,,,,
Communications - Copper,checklist,,,,,,4044.09-041,,,,,
Communications - Copper,checklist,,,,,,4044.09-042,,,,,
Communications - Copper,checklist,,,,,,4044.09-043,,,,,
Communications - Copper,checklist,,,,,,4044.09-044,,,,,
Communications - Copper,checklist,,,,,,4044.09-045,,,,,
Communications - Copper,checklist,,,,,,4044.09-046,,,,,
Communications - Copper,checklist,,,,,,4044.09-047,,,,,
Communications - Copper,checklist,,,,,,4044.09-048,,,,,
,step,,,,,Patch Panel: 4044.09-PPT-00003,,,,,,
Communications - Copper,checklist,,,,,,4044.09-049,,,,,
Communications - Copper,checklist,,,,,,4044.09-050,,,,,
Communications - Copper,checklist,,,,,,4044.09-051,,,,,
Communications - Copper,checklist,,,,,,4044.09-052,,,,,
Communications - Copper,checklist,,,,,,4044.09-053,,,,,
Communications - Copper,checklist,,,,,,4044.09-054,,,,,
Communications - Copper,checklist,,,,,,4044.09-055,,,,,
Communications - Copper,checklist,,,,,,4044.09-056,,,,,
Communications - Copper,checklist,,,,,,4044.09-057,,,,,
Communications - Copper,checklist,,,,,,4044.09-058,,,,,
Communications - Copper,checklist,,,,,,4044.09-059,,,,,
Communications - Copper,checklist,,,,,,4044.09-060,,,,,
Communications - Copper,checklist,,,,,,4044.09-061,,,,,
Communications - Copper,checklist,,,,,,4044.09-062,,,,,
Communications - Copper,checklist,,,,,,4044.09-063,,,,,
Communications - Copper,checklist,,,,,,4044.09-064,,,,,
Communications - Copper,checklist,,,,,,4044.09-065,,,,,
Communications - Copper,checklist,,,,,,4044.09-066,,,,,
Communications - Copper,checklist,,,,,,4044.09-067,,,,,
Communications - Copper,checklist,,,,,,4044.09-068,,,,,
Communications - Copper,checklist,,,,,,4044.09-069,,,,,
Communications - Copper,checklist,,,,,,4044.09-070,,,,,
Communications - Copper,checklist,,,,,,4044.09-071,,,,,
Communications - Copper,checklist,,,,,,4044.09-072,,,,,
,step,,,,,Patch Panel: 4044.09-PPT-00004,,,,,,
Communications - Copper,checklist,,,,,,4044.09-073,,,,,
Communications - Copper,checklist,,,,,,4044.09-074,,,,,
Communications - Copper,checklist,,,,,,4044.09-075,,,,,
Communications - Copper,checklist,,,,,,4044.09-076,,,,,
Communications - Copper,checklist,,,,,,4044.09-077,,,,,
Communications - Copper,checklist,,,,,,4044.09-078,,,,,
Communications - Copper,checklist,,,,,,SPARE 1,,,,,
Communications - Copper,checklist,,,,,,SPARE 2,,,,,
Communications - Copper,checklist,,,,,,SPARE 3,,,,,
Communications - Copper,checklist,,,,,,SPARE 4,,,,,
Communications - Copper,checklist,,,,,,SPARE 5,,,,,
Communications - Copper,checklist,,,,,,SPARE 6,,,,,
Communications - Copper,checklist,,,,,,SPARE 7,,,,,
Communications - Copper,checklist,,,,,,SPARE 8,,,,,
Communications - Copper,checklist,,,,,,SPARE 9,,,,,
Communications - Copper,checklist,,,,,,SPARE 10,,,,,
Communications - Copper,checklist,,,,,,SPARE 11,,,,,
Communications - Copper,checklist,,,,,,SPARE 12,,,,,
Communications - Copper,checklist,,,,,,SPARE 13,,,,,
Communications - Copper,checklist,,,,,,SPARE 14,,,,,
Communications - Copper,checklist,,,,,,SPARE 15,,,,,
Communications - Copper,checklist,,,,,,SPARE 16,,,,,
Communications - Copper,checklist,,,,,,SPARE 17,,,,,
Communications - Copper,checklist,,,,,,SPARE 18,,,,,
,step,,,,Rack: 4044.14-PPC-00001,,,,,,,
Communications - Cabinet,checklist,,,,,Cabinet ITC,,,,,,
,step,,,,,Patch Panel: 4044.14-PPT-00001,,,,,,
Communications - Copper,checklist,,,,,,4044.14-001,,,,,
Communications - Copper,checklist,,,,,,4044.14-002,,,,,
Communications - Copper,checklist,,,,,,4044.14-003,,,,,
Communications - Copper,checklist,,,,,,4044.14-004,,,,,
Communications - Copper,checklist,,,,,,4044.14-005,,,,,
Communications - Copper,checklist,,,,,,4044.14-006,,,,,
Communications - Copper,checklist,,,,,,4044.14-007,,,,,
Communications - Copper,checklist,,,,,,4044.14-008,,,,,
Communications - Copper,checklist,,,,,,4044.14-009,,,,,
Communications - Copper,checklist,,,,,,4044.14-010,,,,,
Communications - Copper,checklist,,,,,,4044.14-011,,,,,
Communications - Copper,checklist,,,,,,4044.14-012,,,,,
Communications - Copper,checklist,,,,,,4044.14-013,,,,,
Communications - Copper,checklist,,,,,,4044.14-014,,,,,
Communications - Copper,checklist,,,,,,4044.14-015,,,,,
Communications - Copper,checklist,,,,,,4044.14-016,,,,,
Communications - Copper,checklist,,,,,,4044.14-017,,,,,
Communications - Copper,checklist,,,,,,4044.14-018,,,,,
Communications - Copper,checklist,,,,,,4044.14-019,,,,,
Communications - Copper,checklist,,,,,,4044.14-020,,,,,
Communications - Copper,checklist,,,,,,4044.14-021,,,,,
Communications - Copper,checklist,,,,,,4044.14-022,,,,,
Communications - Copper,checklist,,,,,,4044.14-023,,,,,
Communications - Copper,checklist,,,,,,4044.14-024,,,,,
,step,,,,,Patch Panel: 4044.14-PPT-00002,,,,,,
Communications - Copper,checklist,,,,,,4044.14-025,,,,,
Communications - Copper,checklist,,,,,,4044.14-026,,,,,
Communications - Copper,checklist,,,,,,4044.14-027,,,,,
Communications - Copper,checklist,,,,,,4044.14-028,,,,,
Communications - Copper,checklist,,,,,,4044.14-029,,,,,
Communications - Copper,checklist,,,,,,4044.14-030,,,,,
Communications - Copper,checklist,,,,,,4044.14-031,,,,,
Communications - Copper,checklist,,,,,,4044.14-032,,,,,
Communications - Copper,checklist,,,,,,4044.14-033,,,,,
Communications - Copper,checklist,,,,,,4044.14-034,,,,,
Communications - Copper,checklist,,,,,,4044.14-035,,,,,
Communications - Copper,checklist,,,,,,4044.14-036,,,,,
Communications - Copper,checklist,,,,,,4044.14-037,,,,,
Communications - Copper,checklist,,,,,,4044.14-038,,,,,
Communications - Copper,checklist,,,,,,4044.14-039,,,,,
Communications - Copper,checklist,,,,,,4044.14-040,,,,,
Communications - Copper,checklist,,,,,,4044.14-041,,,,,
Communications - Copper,checklist,,,,,,4044.14-042,,,,,
Communications - Copper,checklist,,,,,,4044.14-043,,,,,
Communications - Copper,checklist,,,,,,4044.14-044,,,,,
Communications - Copper,checklist,,,,,,4044.14-045,,,,,
Communications - Copper,checklist,,,,,,4044.14-046,,,,,
Communications - Copper,checklist,,,,,,4044.14-047,,,,,
Communications - Copper,checklist,,,,,,4044.14-048,,,,,
,step,,,,,Patch Panel: 4044.14-PPT-00003,,,,,,
Communications - Copper,checklist,,,,,,4044.14-049,,,,,
Communications - Copper,checklist,,,,,,4044.14-050,,,,,
Communications - Copper,checklist,,,,,,4044.14-051,,,,,
Communications - Copper,checklist,,,,,,4044.14-052,,,,,
Communications - Copper,checklist,,,,,,4044.14-053,,,,,
Communications - Copper,checklist,,,,,,4044.14-054,,,,,
Communications - Copper,checklist,,,,,,4044.14-055,,,,,
Communications - Copper,checklist,,,,,,4044.14-056,,,,,
Communications - Copper,checklist,,,,,,4044.14-057,,,,,
Communications - Copper,checklist,,,,,,SPARE 1,,,,,
Communications - Copper,checklist,,,,,,SPARE 2,,,,,
Communications - Copper,checklist,,,,,,SPARE 3,,,,,
Communications - Copper,checklist,,,,,,SPARE 4,,,,,
Communications - Copper,checklist,,,,,,SPARE 5,,,,,
Communications - Copper,checklist,,,,,,SPARE 6,,,,,
Communications - Copper,checklist,,,,,,SPARE 7,,,,,
Communications - Copper,checklist,,,,,,SPARE 8,,,,,
Communications - Copper,checklist,,,,,,SPARE 9,,,,,
Communications - Copper,checklist,,,,,,SPARE 10,,,,,
Communications - Copper,checklist,,,,,,SPARE 11,,,,,
Communications - Copper,checklist,,,,,,SPARE 12,,,,,
Communications - Copper,checklist,,,,,,SPARE 13,,,,,
Communications - Copper,checklist,,,,,,SPARE 14,,,,,
Communications - Copper,checklist,,,,,,SPARE 15,,,,,
,step,,,,Rack: 4044.15-PPC-00001,,,,,,,
Communications - Cabinet,checklist,,,,,Cabinet ITC,,,,,,
,step,,,,,Patch Panel: 4044.15-PPT-00001,,,,,,
Communications - Copper,checklist,,,,,,4044.15-001,,,,,
Communications - Copper,checklist,,,,,,4044.15-002,,,,,
Communications - Copper,checklist,,,,,,4044.15-003,,,,,
Communications - Copper,checklist,,,,,,4044.15-004,,,,,
Communications - Copper,checklist,,,,,,4044.15-005,,,,,
Communications - Copper,checklist,,,,,,4044.15-006,,,,,
Communications - Copper,checklist,,,,,,4044.15-007,,,,,
Communications - Copper,checklist,,,,,,4044.15-008,,,,,
Communications - Copper,checklist,,,,,,4044.15-009,,,,,
Communications - Copper,checklist,,,,,,4044.15-010,,,,,
Communications - Copper,checklist,,,,,,4044.15-011,,,,,
Communications - Copper,checklist,,,,,,4044.15-012,,,,,
Communications - Copper,checklist,,,,,,4044.15-013,,,,,
Communications - Copper,checklist,,,,,,4044.15-014,,,,,
Communications - Copper,checklist,,,,,,4044.15-015,,,,,
Communications - Copper,checklist,,,,,,4044.15-016,,,,,
Communications - Copper,checklist,,,,,,4044.15-017,,,,,
Communications - Copper,checklist,,,,,,4044.15-018,,,,,
Communications - Copper,checklist,,,,,,4044.15-019,,,,,
Communications - Copper,checklist,,,,,,4044.15-020,,,,,
Communications - Copper,checklist,,,,,,4044.15-021,,,,,
Communications - Copper,checklist,,,,,,4044.15-022,,,,,
Communications - Copper,checklist,,,,,,4044.15-023,,,,,
Communications - Copper,checklist,,,,,,4044.15-024,,,,,
,step,,,,,Patch Panel: 4044.15-PPT-00002,,,,,,
Communications - Copper,checklist,,,,,,4044.15-025,,,,,
Communications - Copper,checklist,,,,,,4044.15-026,,,,,
Communications - Copper,checklist,,,,,,4044.15-027,,,,,
Communications - Copper,checklist,,,,,,4044.15-028,,,,,
Communications - Copper,checklist,,,,,,4044.15-029,,,,,
Communications - Copper,checklist,,,,,,4044.15-030,,,,,
Communications - Copper,checklist,,,,,,4044.15-031,,,,,
Communications - Copper,checklist,,,,,,4044.15-032,,,,,
Communications - Copper,checklist,,,,,,4044.15-033,,,,,
Communications - Copper,checklist,,,,,,4044.15-034,,,,,
Communications - Copper,checklist,,,,,,4044.15-035,,,,,
Communications - Copper,checklist,,,,,,4044.15-036,,,,,
Communications - Copper,checklist,,,,,,4044.15-037,,,,,
Communications - Copper,checklist,,,,,,4044.15-038,,,,,
Communications - Copper,checklist,,,,,,4044.15-039,,,,,
Communications - Copper,checklist,,,,,,4044.15-040,,,,,
Communications - Copper,checklist,,,,,,4044.15-041,,,,,
Communications - Copper,checklist,,,,,,4044.15-042,,,,,
Communications - Copper,checklist,,,,,,4044.15-043,,,,,
Communications - Copper,checklist,,,,,,4044.15-044,,,,,
Communications - Copper,checklist,,,,,,4044.15-045,,,,,
Communications - Copper,checklist,,,,,,4044.15-046,,,,,
Communications - Copper,checklist,,,,,,4044.15-047,,,,,
Communications - Copper,checklist,,,,,,4044.15-048,,,,,
,step,,,,,Patch Panel: 4044.15-PPT-00003,,,,,,
Communications - Copper,checklist,,,,,,4044.15-049,,,,,
Communications - Copper,checklist,,,,,,4044.15-050,,,,,
Communications - Copper,checklist,,,,,,4044.15-051,,,,,
Communications - Copper,checklist,,,,,,4044.15-052,,,,,
Communications - Copper,checklist,,,,,,4044.15-053,,,,,
Communications - Copper,checklist,,,,,,4044.15-054,,,,,
Communications - Copper,checklist,,,,,,4044.15-055,,,,,
Communications - Copper,checklist,,,,,,4044.15-056,,,,,
Communications - Copper,checklist,,,,,,SPARE 1,,,,,
Communications - Copper,checklist,,,,,,SPARE 2,,,,,
Communications - Copper,checklist,,,,,,SPARE 3,,,,,
Communications - Copper,checklist,,,,,,SPARE 4,,,,,
Communications - Copper,checklist,,,,,,SPARE 5,,,,,
Communications - Copper,checklist,,,,,,SPARE 6,,,,,
Communications - Copper,checklist,,,,,,SPARE 7,,,,,
Communications - Copper,checklist,,,,,,SPARE 8,,,,,
Communications - Copper,checklist,,,,,,SPARE 9,,,,,
Communications - Copper,checklist,,,,,,SPARE 10,,,,,
Communications - Copper,checklist,,,,,,SPARE 11,,,,,
Communications - Copper,checklist,,,,,,SPARE 12,,,,,
Communications - Copper,checklist,,,,,,SPARE 13,,,,,
Communications - Copper,checklist,,,,,,SPARE 14,,,,,
Communications - Copper,checklist,,,,,,SPARE 15,,,,,
Communications - Copper,checklist,,,,,,SPARE 16,,,,,
,step,,,,Rack: 4044.16-PPC-00001,,,,,,,
Communications - Cabinet,checklist,,,,,Cabinet ITC,,,,,,
,step,,,,,Patch Panel: 4044.16-PPT-00001,,,,,,
Communications - Copper,checklist,,,,,,4044.16-001,,,,,
Communications - Copper,checklist,,,,,,4044.16-002,,,,,
Communications - Copper,checklist,,,,,,4044.16-003,,,,,
Communications - Copper,checklist,,,,,,4044.16-004,,,,,
Communications - Copper,checklist,,,,,,4044.16-005,,,,,
Communications - Copper,checklist,,,,,,4044.16-006,,,,,
Communications - Copper,checklist,,,,,,4044.16-007,,,,,
Communications - Copper,checklist,,,,,,4044.16-008,,,,,
Communications - Copper,checklist,,,,,,4044.16-009,,,,,
Communications - Copper,checklist,,,,,,4044.16-010,,,,,
Communications - Copper,checklist,,,,,,4044.16-011,,,,,
Communications - Copper,checklist,,,,,,4044.16-012,,,,,
Communications - Copper,checklist,,,,,,4044.16-013,,,,,
Communications - Copper,checklist,,,,,,4044.16-014,,,,,
Communications - Copper,checklist,,,,,,4044.16-015,,,,,
Communications - Copper,checklist,,,,,,4044.16-016,,,,,
Communications - Copper,checklist,,,,,,4044.16-017,,,,,
Communications - Copper,checklist,,,,,,4044.16-018,,,,,
Communications - Copper,checklist,,,,,,4044.16-019,,,,,
Communications - Copper,checklist,,,,,,4044.16-020,,,,,
Communications - Copper,checklist,,,,,,4044.16-021,,,,,
Communications - Copper,checklist,,,,,,4044.16-022,,,,,
Communications - Copper,checklist,,,,,,4044.16-023,,,,,
Communications - Copper,checklist,,,,,,4044.16-024,,,,,
,step,,,,,Patch Panel: 4044.16-PPT-00002,,,,,,
Communications - Copper,checklist,,,,,,4044.16-025,,,,,
Communications - Copper,checklist,,,,,,4044.16-026,,,,,
Communications - Copper,checklist,,,,,,4044.16-027,,,,,
Communications - Copper,checklist,,,,,,4044.16-028,,,,,
Communications - Copper,checklist,,,,,,4044.16-029,,,,,
Communications - Copper,checklist,,,,,,4044.16-030,,,,,
Communications - Copper,checklist,,,,,,4044.16-031,,,,,
Communications - Copper,checklist,,,,,,4044.16-032,,,,,
Communications - Copper,checklist,,,,,,4044.16-033,,,,,
Communications - Copper,checklist,,,,,,4044.16-034,,,,,
Communications - Copper,checklist,,,,,,4044.16-035,,,,,
Communications - Copper,checklist,,,,,,4044.16-036,,,,,
Communications - Copper,checklist,,,,,,4044.16-037,,,,,
Communications - Copper,checklist,,,,,,4044.16-038,,,,,
Communications - Copper,checklist,,,,,,4044.16-039,,,,,
Communications - Copper,checklist,,,,,,4044.16-040,,,,,
Communications - Copper,checklist,,,,,,4044.16-041,,,,,
Communications - Copper,checklist,,,,,,4044.16-042,,,,,
Communications - Copper,checklist,,,,,,4044.16-043,,,,,
Communications - Copper,checklist,,,,,,4044.16-044,,,,,
Communications - Copper,checklist,,,,,,SPARE 1,,,,,
Communications - Copper,checklist,,,,,,SPARE 2,,,,,
Communications - Copper,checklist,,,,,,SPARE 3,,,,,
Communications - Copper,checklist,,,,,,SPARE 4,,,,,
,step,,,,Rack: 4044.17-PPC-00001,,,,,,,
Communications - Cabinet,checklist,,,,,Cabinet ITC,,,,,,
,step,,,,,Patch Panel: 4044.17-PPT-00001,,,,,,
Communications - Copper,checklist,,,,,,4044.17-001,,,,,
Communications - Copper,checklist,,,,,,4044.17-002,,,,,
Communications - Copper,checklist,,,,,,4044.17-003,,,,,
Communications - Copper,checklist,,,,,,4044.17-004,,,,,
Communications - Copper,checklist,,,,,,4044.17-005,,,,,
Communications - Copper,checklist,,,,,,4044.17-006,,,,,
Communications - Copper,checklist,,,,,,4044.17-007,,,,,
Communications - Copper,checklist,,,,,,4044.17-008,,,,,
Communications - Copper,checklist,,,,,,4044.17-009,,,,,
Communications - Copper,checklist,,,,,,4044.17-010,,,,,
Communications - Copper,checklist,,,,,,4044.17-011,,,,,
Communications - Copper,checklist,,,,,,4044.17-012,,,,,
Communications - Copper,checklist,,,,,,4044.17-013,,,,,
Communications - Copper,checklist,,,,,,4044.17-014,,,,,
Communications - Copper,checklist,,,,,,4044.17-015,,,,,
Communications - Copper,checklist,,,,,,4044.17-016,,,,,
Communications - Copper,checklist,,,,,,4044.17-017,,,,,
Communications - Copper,checklist,,,,,,4044.17-018,,,,,
Communications - Copper,checklist,,,,,,4044.17-019,,,,,
Communications - Copper,checklist,,,,,,4044.17-020,,,,,
Communications - Copper,checklist,,,,,,4044.17-021,,,,,
Communications - Copper,checklist,,,,,,4044.17-022,,,,,
Communications - Copper,checklist,,,,,,4044.17-023,,,,,
Communications - Copper,checklist,,,,,,4044.17-024,,,,,
,step,,,,,Patch Panel: 4044.17-PPT-00002,,,,,,
Communications - Copper,checklist,,,,,,4044.17-025,,,,,
Communications - Copper,checklist,,,,,,4044.17-026,,,,,
Communications - Copper,checklist,,,,,,4044.17-027,,,,,
Communications - Copper,checklist,,,,,,4044.17-028,,,,,
Communications - Copper,checklist,,,,,,4044.17-029,,,,,
Communications - Copper,checklist,,,,,,4044.17-030,,,,,
Communications - Copper,checklist,,,,,,4044.17-031,,,,,
Communications - Copper,checklist,,,,,,4044.17-032,,,,,
Communications - Copper,checklist,,,,,,4044.17-033,,,,,
Communications - Copper,checklist,,,,,,4044.17-034,,,,,
Communications - Copper,checklist,,,,,,4044.17-035,,,,,
Communications - Copper,checklist,,,,,,4044.17-036,,,,,
Communications - Copper,checklist,,,,,,4044.17-037,,,,,
Communications - Copper,checklist,,,,,,4044.17-038,,,,,
Communications - Copper,checklist,,,,,,4044.17-039,,,,,
Communications - Copper,checklist,,,,,,4044.17-040,,,,,
Communications - Copper,checklist,,,,,,4044.17-041,,,,,
Communications - Copper,checklist,,,,,,4044.17-042,,,,,
Communications - Copper,checklist,,,,,,4044.17-043,,,,,
Communications - Copper,checklist,,,,,,4044.17-044,,,,,
Communications - Copper,checklist,,,,,,4044.17-045,,,,,
Communications - Copper,checklist,,,,,,4044.17-046,,,,,
Communications - Copper,checklist,,,,,,4044.17-047,,,,,
Communications - Copper,checklist,,,,,,4044.17-048,,,,,
,step,,,,,Patch Panel: 4044.17-PPT-00003,,,,,,
Communications - Copper,checklist,,,,,,4044.17-049,,,,,
Communications - Copper,checklist,,,,,,4044.17-050,,,,,
Communications - Copper,checklist,,,,,,4044.17-051,,,,,
Communications - Copper,checklist,,,,,,4044.17-052,,,,,
Communications - Copper,checklist,,,,,,4044.17-053,,,,,
Communications - Copper,checklist,,,,,,4044.17-054,,,,,
Communications - Copper,checklist,,,,,,4044.17-055,,,,,
Communications - Copper,checklist,,,,,,4044.17-056,,,,,
Communications - Copper,checklist,,,,,,4044.17-057,,,,,
Communications - Copper,checklist,,,,,,4044.17-058,,,,,
Communications - Copper,checklist,,,,,,4044.17-059,,,,,
Communications - Copper,checklist,,,,,,4044.17-060,,,,,
Communications - Copper,checklist,,,,,,4044.17-061,,,,,
Communications - Copper,checklist,,,,,,4044.17-062,,,,,
Communications - Copper,checklist,,,,,,4044.17-063,,,,,
Communications - Copper,checklist,,,,,,4044.17-064,,,,,
Communications - Copper,checklist,,,,,,4044.17-065,,,,,
Communications - Copper,checklist,,,,,,4044.17-066,,,,,
Communications - Copper,checklist,,,,,,4044.17-067,,,,,
Communications - Copper,checklist,,,,,,4044.17-068,,,,,
Communications - Copper,checklist,,,,,,4044.17-069,,,,,
Communications - Copper,checklist,,,,,,4044.17-070,,,,,
Communications - Copper,checklist,,,,,,4044.17-071,,,,,
Communications - Copper,checklist,,,,,,4044.17-072,,,,,
,step,,,,,Patch Panel: 4044.17-PPT-00004,,,,,,
Communications - Copper,checklist,,,,,,4044.17-073,,,,,
Communications - Copper,checklist,,,,,,4044.17-074,,,,,
Communications - Copper,checklist,,,,,,4044.17-075,,,,,
Communications - Copper,checklist,,,,,,4044.17-076,,,,,
Communications - Copper,checklist,,,,,,4044.17-077,,,,,
Communications - Copper,checklist,,,,,,4044.17-078,,,,,
Communications - Copper,checklist,,,,,,4044.17-079,,,,,
Communications - Copper,checklist,,,,,,4044.17-080,,,,,
Communications - Copper,checklist,,,,,,4044.17-081,,,,,
Communications - Copper,checklist,,,,,,4044.17-082,,,,,
Communications - Copper,checklist,,,,,,4044.17-083,,,,,
Communications - Copper,checklist,,,,,,4044.17-084,,,,,
Communications - Copper,checklist,,,,,,4044.17-085,,,,,
Communications - Copper,checklist,,,,,,4044.17-086,,,,,
Communications - Copper,checklist,,,,,,4044.17-087,,,,,
Communications - Copper,checklist,,,,,,4044.17-088,,,,,
Communications - Copper,checklist,,,,,,4044.17-089,,,,,
Communications - Copper,checklist,,,,,,4044.17-090,,,,,
Communications - Copper,checklist,,,,,,4044.17-091,,,,,
Communications - Copper,checklist,,,,,,4044.17-092,,,,,
Communications - Copper,checklist,,,,,,4044.17-093,,,,,
Communications - Copper,checklist,,,,,,4044.17-094,,,,,
Communications - Copper,checklist,,,,,,SPARE 1,,,,,
Communications - Copper,checklist,,,,,,SPARE 2,,,,,
,step,,,,Rack: 4044.18-PPC-00001,,,,,,,
Communications - Cabinet,checklist,,,,,Cabinet ITC,,,,,,
,step,,,,,Patch Panel: 4044.18-PPT-00001,,,,,,
Communications - Copper,checklist,,,,,,4044.18-001,,,,,
Communications - Copper,checklist,,,,,,4044.18-002,,,,,
Communications - Copper,checklist,,,,,,4044.18-003,,,,,
Communications - Copper,checklist,,,,,,4044.18-004,,,,,
Communications - Copper,checklist,,,,,,4044.18-005,,,,,
Communications - Copper,checklist,,,,,,4044.18-006,,,,,
Communications - Copper,checklist,,,,,,4044.18-007,,,,,
Communications - Copper,checklist,,,,,,4044.18-008,,,,,
Communications - Copper,checklist,,,,,,4044.18-009,,,,,
Communications - Copper,checklist,,,,,,4044.18-010,,,,,
Communications - Copper,checklist,,,,,,4044.18-011,,,,,
Communications - Copper,checklist,,,,,,4044.18-012,,,,,
Communications - Copper,checklist,,,,,,4044.18-013,,,,,
Communications - Copper,checklist,,,,,,4044.18-014,,,,,
Communications - Copper,checklist,,,,,,4044.18-015,,,,,
Communications - Copper,checklist,,,,,,4044.18-016,,,,,
Communications - Copper,checklist,,,,,,4044.18-017,,,,,
Communications - Copper,checklist,,,,,,4044.18-018,,,,,
Communications - Copper,checklist,,,,,,4044.18-019,,,,,
Communications - Copper,checklist,,,,,,4044.18-020,,,,,
Communications - Copper,checklist,,,,,,4044.18-021,,,,,
Communications - Copper,checklist,,,,,,4044.18-022,,,,,
Communications - Copper,checklist,,,,,,4044.18-023,,,,,
Communications - Copper,checklist,,,,,,4044.18-024,,,,,
,step,,,,,Patch Panel: 4044.18-PPT-00002,,,,,,
Communications - Copper,checklist,,,,,,4044.18-025,,,,,
Communications - Copper,checklist,,,,,,4044.18-026,,,,,
Communications - Copper,checklist,,,,,,4044.18-027,,,,,
Communications - Copper,checklist,,,,,,4044.18-028,,,,,
Communications - Copper,checklist,,,,,,4044.18-029,,,,,
Communications - Copper,checklist,,,,,,4044.18-030,,,,,
Communications - Copper,checklist,,,,,,4044.18-031,,,,,
Communications - Copper,checklist,,,,,,4044.18-032,,,,,
Communications - Copper,checklist,,,,,,4044.18-033,,,,,
Communications - Copper,checklist,,,,,,4044.18-034,,,,,
Communications - Copper,checklist,,,,,,4044.18-035,,,,,
Communications - Copper,checklist,,,,,,4044.18-036,,,,,
Communications - Copper,checklist,,,,,,4044.18-037,,,,,
Communications - Copper,checklist,,,,,,4044.18-038,,,,,
Communications - Copper,checklist,,,,,,4044.18-039,,,,,
Communications - Copper,checklist,,,,,,4044.18-040,,,,,
Communications - Copper,checklist,,,,,,4044.18-041,,,,,
Communications - Copper,checklist,,,,,,4044.18-042,,,,,
Communications - Copper,checklist,,,,,,4044.18-043,,,,,
Communications - Copper,checklist,,,,,,SPARE 1,,,,,
Communications - Copper,checklist,,,,,,SPARE 2,,,,,
Communications - Copper,checklist,,,,,,SPARE 3,,,,,
Communications - Copper,checklist,,,,,,SPARE 4,,,,,
Communications - Copper,checklist,,,,,,SPARE 5,,,,,
,step,,,,Rack: 4044.19-PPC-00001,,,,,,,
Communications - Cabinet,checklist,,,,,Cabinet ITC,,,,,,
,step,,,,,Patch Panel: 4044.19-PPT-00001,,,,,,
Communications - Copper,checklist,,,,,,4044.19-001,,,,,
Communications - Copper,checklist,,,,,,4044.19-002,,,,,
Communications - Copper,checklist,,,,,,4044.19-003,,,,,
Communications - Copper,checklist,,,,,,4044.19-004,,,,,
Communications - Copper,checklist,,,,,,4044.19-005,,,,,
Communications - Copper,checklist,,,,,,4044.19-006,,,,,
Communications - Copper,checklist,,,,,,4044.19-007,,,,,
Communications - Copper,checklist,,,,,,4044.19-008,,,,,
Communications - Copper,checklist,,,,,,4044.19-009,,,,,
Communications - Copper,checklist,,,,,,4044.19-010,,,,,
Communications - Copper,checklist,,,,,,4044.19-011,,,,,
Communications - Copper,checklist,,,,,,4044.19-012,,,,,
Communications - Copper,checklist,,,,,,4044.19-013,,,,,
Communications - Copper,checklist,,,,,,4044.19-014,,,,,
Communications - Copper,checklist,,,,,,4044.19-015,,,,,
Communications - Copper,checklist,,,,,,4044.19-016,,,,,
Communications - Copper,checklist,,,,,,4044.19-017,,,,,
Communications - Copper,checklist,,,,,,4044.19-018,,,,,
Communications - Copper,checklist,,,,,,4044.19-019,,,,,
Communications - Copper,checklist,,,,,,4044.19-020,,,,,
Communications - Copper,checklist,,,,,,4044.19-021,,,,,
Communications - Copper,checklist,,,,,,4044.19-022,,,,,
Communications - Copper,checklist,,,,,,4044.19-023,,,,,
Communications - Copper,checklist,,,,,,4044.19-024,,,,,
,step,,,,,Patch Panel: 4044.19-PPT-00002,,,,,,
Communications - Copper,checklist,,,,,,4044.19-025,,,,,
Communications - Copper,checklist,,,,,,4044.19-026,,,,,
Communications - Copper,checklist,,,,,,4044.19-027,,,,,
Communications - Copper,checklist,,,,,,4044.19-028,,,,,
Communications - Copper,checklist,,,,,,4044.19-029,,,,,
Communications - Copper,checklist,,,,,,4044.19-030,,,,,
Communications - Copper,checklist,,,,,,4044.19-031,,,,,
Communications - Copper,checklist,,,,,,4044.19-032,,,,,
Communications - Copper,checklist,,,,,,4044.19-033,,,,,
Communications - Copper,checklist,,,,,,4044.19-034,,,,,
Communications - Copper,checklist,,,,,,4044.19-035,,,,,
Communications - Copper,checklist,,,,,,4044.19-036,,,,,
Communications - Copper,checklist,,,,,,4044.19-037,,,,,
Communications - Copper,checklist,,,,,,4044.19-038,,,,,
Communications - Copper,checklist,,,,,,4044.19-039,,,,,
Communications - Copper,checklist,,,,,,4044.19-040,,,,,
Communications - Copper,checklist,,,,,,4044.19-041,,,,,
Communications - Copper,checklist,,,,,,4044.19-042,,,,,
Communications - Copper,checklist,,,,,,4044.19-043,,,,,
Communications - Copper,checklist,,,,,,4044.19-044,,,,,
Communications - Copper,checklist,,,,,,4044.19-045,,,,,
Communications - Copper,checklist,,,,,,4044.19-046,,,,,
Communications - Copper,checklist,,,,,,4044.19-047,,,,,
Communications - Copper,checklist,,,,,,4044.19-048,,,,,
,step,,,,,Patch Panel: 4044.19-PPT-00003,,,,,,
Communications - Copper,checklist,,,,,,4044.19-049,,,,,
Communications - Copper,checklist,,,,,,4044.19-050,,,,,
Communications - Copper,checklist,,,,,,4044.19-051,,,,,
Communications - Copper,checklist,,,,,,4044.19-052,,,,,
Communications - Copper,checklist,,,,,,4044.19-053,,,,,
Communications - Copper,checklist,,,,,,4044.19-054,,,,,
Communications - Copper,checklist,,,,,,4044.19-055,,,,,
Communications - Copper,checklist,,,,,,4044.19-056,,,,,
Communications - Copper,checklist,,,,,,4044.19-057,,,,,
Communications - Copper,checklist,,,,,,4044.19-058,,,,,
Communications - Copper,checklist,,,,,,4044.19-059,,,,,
Communications - Copper,checklist,,,,,,4044.19-060,,,,,
Communications - Copper,checklist,,,,,,4044.19-061,,,,,
Communications - Copper,checklist,,,,,,4044.19-062,,,,,
Communications - Copper,checklist,,,,,,4044.19-063,,,,,
Communications - Copper,checklist,,,,,,4044.19-064,,,,,
Communications - Copper,checklist,,,,,,4044.19-065,,,,,
Communications - Copper,checklist,,,,,,4044.19-066,,,,,
Communications - Copper,checklist,,,,,,4044.19-067,,,,,
Communications - Copper,checklist,,,,,,4044.19-068,,,,,
Communications - Copper,checklist,,,,,,4044.19-069,,,,,
Communications - Copper,checklist,,,,,,4044.19-070,,,,,
Communications - Copper,checklist,,,,,,4044.19-071,,,,,
Communications - Copper,checklist,,,,,,4044.19-072,,,,,
Communications - Copper,checklist,,,,,,4044.19-073,,,,,
Communications - Copper,checklist,,,,,,4044.19-074,,,,,
Communications - Copper,checklist,,,,,,4044.19-075,,,,,
Communications - Copper,checklist,,,,,,4044.19-076,,,,,
Communications - Copper,checklist,,,,,,4044.19-077,,,,,
Communications - Copper,checklist,,,,,,4044.19-078,,,,,
Communications - Copper,checklist,,,,,,4044.19-079,,,,,
Communications - Copper,checklist,,,,,,4044.19-080,,,,,
Communications - Copper,checklist,,,,,,4044.19-081,,,,,
Communications - Copper,checklist,,,,,,4044.19-082,,,,,
Communications - Copper,checklist,,,,,,4044.19-083,,,,,
Communications - Copper,checklist,,,,,,SPARE 1,,,,,
Communications - Copper,checklist,,,,,,SPARE 2,,,,,
Communications - Copper,checklist,,,,,,SPARE 3,,,,,
Communications - Copper,checklist,,,,,,SPARE 4,,,,,
Communications - Copper,checklist,,,,,,SPARE 5,,,,,
Communications - Copper,checklist,,,,,,SPARE 6,,,,,
Communications - Copper,checklist,,,,,,SPARE 7,,,,,
Communications - Copper,checklist,,,,,,SPARE 8,,,,,
Communications - Copper,checklist,,,,,,SPARE 9,,,,,
Communications - Copper,checklist,,,,,,SPARE 10,,,,,
Communications - Copper,checklist,,,,,,SPARE 11,,,,,
Communications - Copper,checklist,,,,,,SPARE 12,,,,,
Communications - Copper,checklist,,,,,,SPARE 13,,,,,
,step,,,,Rack: 4044.20-PPC-00001,,,,,,,
Communications - Cabinet,checklist,,,,,Cabinet ITC,,,,,,
,step,,,,,Patch Panel: 4044.20-PPT-00001,,,,,,
Communications - Copper,checklist,,,,,,4044.20-001,,,,,
Communications - Copper,checklist,,,,,,4044.20-002,,,,,
Communications - Copper,checklist,,,,,,4044.20-003,,,,,
Communications - Copper,checklist,,,,,,4044.20-004,,,,,
Communications - Copper,checklist,,,,,,4044.20-005,,,,,
Communications - Copper,checklist,,,,,,4044.20-006,,,,,
Communications - Copper,checklist,,,,,,4044.20-007,,,,,
Communications - Copper,checklist,,,,,,4044.20-008,,,,,
Communications - Copper,checklist,,,,,,4044.20-009,,,,,
Communications - Copper,checklist,,,,,,4044.20-010,,,,,
Communications - Copper,checklist,,,,,,4044.20-011,,,,,
Communications - Copper,checklist,,,,,,4044.20-012,,,,,
Communications - Copper,checklist,,,,,,4044.20-013,,,,,
Communications - Copper,checklist,,,,,,4044.20-014,,,,,
Communications - Copper,checklist,,,,,,4044.20-015,,,,,
Communications - Copper,checklist,,,,,,4044.20-016,,,,,
Communications - Copper,checklist,,,,,,4044.20-017,,,,,
Communications - Copper,checklist,,,,,,4044.20-018,,,,,
Communications - Copper,checklist,,,,,,4044.20-019,,,,,
Communications - Copper,checklist,,,,,,4044.20-020,,,,,
Communications - Copper,checklist,,,,,,4044.20-021,,,,,
Communications - Copper,checklist,,,,,,4044.20-022,,,,,
Communications - Copper,checklist,,,,,,4044.20-023,,,,,
Communications - Copper,checklist,,,,,,4044.20-024,,,,,
,step,,,,,Patch Panel: 4044.20-PPT-00002,,,,,,
Communications - Copper,checklist,,,,,,4044.20-025,,,,,
Communications - Copper,checklist,,,,,,4044.20-026,,,,,
Communications - Copper,checklist,,,,,,4044.20-027,,,,,
Communications - Copper,checklist,,,,,,4044.20-028,,,,,
Communications - Copper,checklist,,,,,,4044.20-029,,,,,
Communications - Copper,checklist,,,,,,4044.20-030,,,,,
Communications - Copper,checklist,,,,,,4044.20-031,,,,,
Communications - Copper,checklist,,,,,,4044.20-032,,,,,
Communications - Copper,checklist,,,,,,4044.20-033,,,,,
Communications - Copper,checklist,,,,,,4044.20-034,,,,,
Communications - Copper,checklist,,,,,,4044.20-035,,,,,
Communications - Copper,checklist,,,,,,4044.20-036,,,,,
Communications - Copper,checklist,,,,,,4044.20-037,,,,,
Communications - Copper,checklist,,,,,,4044.20-038,,,,,
Communications - Copper,checklist,,,,,,4044.20-039,,,,,
Communications - Copper,checklist,,,,,,4044.20-040,,,,,
Communications - Copper,checklist,,,,,,4044.20-041,,,,,
Communications - Copper,checklist,,,,,,4044.20-042,,,,,
Communications - Copper,checklist,,,,,,4044.20-043,,,,,
Communications - Copper,checklist,,,,,,4044.20-044,,,,,
Communications - Copper,checklist,,,,,,4044.20-045,,,,,
Communications - Copper,checklist,,,,,,4044.20-046,,,,,
Communications - Copper,checklist,,,,,,4044.20-047,,,,,
Communications - Copper,checklist,,,,,,4044.20-048,,,,,
,step,,,,,Patch Panel: 4044.20-PPT-00003,,,,,,
Communications - Copper,checklist,,,,,,4044.20-049,,,,,
Communications - Copper,checklist,,,,,,4044.20-050,,,,,
Communications - Copper,checklist,,,,,,4044.20-051,,,,,
Communications - Copper,checklist,,,,,,4044.20-052,,,,,
Communications - Copper,checklist,,,,,,4044.20-053,,,,,
Communications - Copper,checklist,,,,,,4044.20-054,,,,,
Communications - Copper,checklist,,,,,,4044.20-055,,,,,
Communications - Copper,checklist,,,,,,4044.20-056,,,,,
Communications - Copper,checklist,,,,,,4044.20-057,,,,,
Communications - Copper,checklist,,,,,,4044.20-058,,,,,
Communications - Copper,checklist,,,,,,4044.20-059,,,,,
Communications - Copper,checklist,,,,,,4044.20-060,,,,,
Communications - Copper,checklist,,,,,,4044.20-061,,,,,
Communications - Copper,checklist,,,,,,4044.20-062,,,,,
Communications - Copper,checklist,,,,,,4044.20-063,,,,,
Communications - Copper,checklist,,,,,,4044.20-064,,,,,
Communications - Copper,checklist,,,,,,4044.20-065,,,,,
Communications - Copper,checklist,,,,,,4044.20-066,,,,,
Communications - Copper,checklist,,,,,,4044.20-067,,,,,
Communications - Copper,checklist,,,,,,4044.20-068,,,,,
Communications - Copper,checklist,,,,,,4044.20-069,,,,,
Communications - Copper,checklist,,,,,,4044.20-070,,,,,
Communications - Copper,checklist,,,,,,4044.20-071,,,,,
Communications - Copper,checklist,,,,,,SPARE 1,,,,,
,step,,,,,Patch Panel: 4044.20-PPT-00004,,,,,,
Communications - Copper,checklist,,,,,,SPARE 1,,,,,
Communications - Copper,checklist,,,,,,SPARE 2,,,,,
Communications - Copper,checklist,,,,,,SPARE 3,,,,,
Communications - Copper,checklist,,,,,,SPARE 4,,,,,
Communications - Copper,checklist,,,,,,SPARE 5,,,,,
Communications - Copper,checklist,,,,,,SPARE 6,,,,,
Communications - Copper,checklist,,,,,,SPARE 7,,,,,
Communications - Copper,checklist,,,,,,SPARE 8,,,,,
Communications - Copper,checklist,,,,,,SPARE 9,,,,,
Communications - Copper,checklist,,,,,,SPARE 10,,,,,
Communications - Copper,checklist,,,,,,SPARE 11,,,,,
Communications - Copper,checklist,,,,,,SPARE 12,,,,,
Communications - Copper,checklist,,,,,,SPARE 13,,,,,
Communications - Copper,checklist,,,,,,SPARE 14,,,,,
Communications - Copper,checklist,,,,,,SPARE 15,,,,,
Communications - Copper,checklist,,,,,,SPARE 16,,,,,
Communications - Copper,checklist,,,,,,SPARE 17,,,,,
Communications - Copper,checklist,,,,,,SPARE 18,,,,,
Communications - Copper,checklist,,,,,,SPARE 19,,,,,
Communications - Copper,checklist,,,,,,SPARE 20,,,,,
Communications - Copper,checklist,,,,,,SPARE 21,,,,,
Communications - Copper,checklist,,,,,,SPARE 22,,,,,
Communications - Copper,checklist,,,,,,SPARE 23,,,,,
Communications - Copper,checklist,,,,,,SPARE 24,,,,,
,step,,,,Rack: 4044.21-PPC-00001,,,,,,,
Communications - Cabinet,checklist,,,,,Cabinet ITC,,,,,,
,step,,,,,Patch Panel: 4044.21-PPT-00001,,,,,,
Communications - Copper,checklist,,,,,,4044.21-001,,,,,
Communications - Copper,checklist,,,,,,4044.21-002,,,,,
Communications - Copper,checklist,,,,,,4044.21-003,,,,,
Communications - Copper,checklist,,,,,,4044.21-004,,,,,
Communications - Copper,checklist,,,,,,4044.21-005,,,,,
Communications - Copper,checklist,,,,,,4044.21-006,,,,,
Communications - Copper,checklist,,,,,,4044.21-007,,,,,
Communications - Copper,checklist,,,,,,4044.21-008,,,,,
Communications - Copper,checklist,,,,,,4044.21-009,,,,,
Communications - Copper,checklist,,,,,,4044.21-010,,,,,
Communications - Copper,checklist,,,,,,4044.21-011,,,,,
Communications - Copper,checklist,,,,,,4044.21-012,,,,,
Communications - Copper,checklist,,,,,,4044.21-013,,,,,
Communications - Copper,checklist,,,,,,4044.21-014,,,,,
Communications - Copper,checklist,,,,,,4044.21-015,,,,,
Communications - Copper,checklist,,,,,,4044.21-016,,,,,
Communications - Copper,checklist,,,,,,4044.21-017,,,,,
Communications - Copper,checklist,,,,,,4044.21-018,,,,,
Communications - Copper,checklist,,,,,,4044.21-019,,,,,
Communications - Copper,checklist,,,,,,4044.21-020,,,,,
Communications - Copper,checklist,,,,,,4044.21-021,,,,,
Communications - Copper,checklist,,,,,,4044.21-022,,,,,
Communications - Copper,checklist,,,,,,4044.21-023,,,,,
Communications - Copper,checklist,,,,,,4044.21-024,,,,,
,step,,,,,Patch Panel: 4044.21-PPT-00002,,,,,,
Communications - Copper,checklist,,,,,,4044.21-025,,,,,
Communications - Copper,checklist,,,,,,4044.21-026,,,,,
Communications - Copper,checklist,,,,,,4044.21-027,,,,,
Communications - Copper,checklist,,,,,,4044.21-028,,,,,
Communications - Copper,checklist,,,,,,4044.21-029,,,,,
Communications - Copper,checklist,,,,,,4044.21-030,,,,,
Communications - Copper,checklist,,,,,,4044.21-031,,,,,
Communications - Copper,checklist,,,,,,4044.21-032,,,,,
Communications - Copper,checklist,,,,,,4044.21-033,,,,,
Communications - Copper,checklist,,,,,,4044.21-034,,,,,
Communications - Copper,checklist,,,,,,4044.21-035,,,,,
Communications - Copper,checklist,,,,,,4044.21-036,,,,,
Communications - Copper,checklist,,,,,,4044.21-037,,,,,
Communications - Copper,checklist,,,,,,4044.21-038,,,,,
Communications - Copper,checklist,,,,,,4044.21-039,,,,,
Communications - Copper,checklist,,,,,,4044.21-040,,,,,
Communications - Copper,checklist,,,,,,4044.21-041,,,,,
Communications - Copper,checklist,,,,,,4044.21-042,,,,,
Communications - Copper,checklist,,,,,,4044.21-043,,,,,
Communications - Copper,checklist,,,,,,4044.21-044,,,,,
Communications - Copper,checklist,,,,,,4044.21-045,,,,,
Communications - Copper,checklist,,,,,,4044.21-046,,,,,
Communications - Copper,checklist,,,,,,4044.21-047,,,,,
Communications - Copper,checklist,,,,,,4044.21-048,,,,,
,step,,,,,Patch Panel: 4044.21-PPT-00003,,,,,,
Communications - Copper,checklist,,,,,,4044.21-049,,,,,
Communications - Copper,checklist,,,,,,4044.21-050,,,,,
Communications - Copper,checklist,,,,,,4044.21-051,,,,,
Communications - Copper,checklist,,,,,,4044.21-052,,,,,
Communications - Copper,checklist,,,,,,4044.21-053,,,,,
Communications - Copper,checklist,,,,,,4044.21-054,,,,,
Communications - Copper,checklist,,,,,,4044.21-055,,,,,
Communications - Copper,checklist,,,,,,4044.21-056,,,,,
Communications - Copper,checklist,,,,,,4044.21-057,,,,,
Communications - Copper,checklist,,,,,,4044.21-058,,,,,
Communications - Copper,checklist,,,,,,4044.21-059,,,,,
Communications - Copper,checklist,,,,,,4044.21-060,,,,,
Communications - Copper,checklist,,,,,,4044.21-061,,,,,
Communications - Copper,checklist,,,,,,4044.21-062,,,,,
Communications - Copper,checklist,,,,,,4044.21-063,,,,,
Communications - Copper,checklist,,,,,,4044.21-064,,,,,
Communications - Copper,checklist,,,,,,4044.21-065,,,,,
Communications - Copper,checklist,,,,,,4044.21-066,,,,,
Communications - Copper,checklist,,,,,,4044.21-067,,,,,
Communications - Copper,checklist,,,,,,4044.21-068,,,,,
Communications - Copper,checklist,,,,,,4044.21-069,,,,,
Communications - Copper,checklist,,,,,,4044.21-070,,,,,
Communications - Copper,checklist,,,,,,4044.21-071,,,,,
Communications - Copper,checklist,,,,,,4044.21-072,,,,,
,step,,,,,Patch Panel: 4044.21-PPT-00004,,,,,,
Communications - Copper,checklist,,,,,,4044.21-073,,,,,
Communications - Copper,checklist,,,,,,4044.21-074,,,,,
Communications - Copper,checklist,,,,,,4044.21-075,,,,,
Communications - Copper,checklist,,,,,,4044.21-076,,,,,
Communications - Copper,checklist,,,,,,4044.21-077,,,,,
Communications - Copper,checklist,,,,,,4044.21-078,,,,,
Communications - Copper,checklist,,,,,,4044.21-079,,,,,
Communications - Copper,checklist,,,,,,4044.21-080,,,,,
Communications - Copper,checklist,,,,,,4044.21-081,,,,,
Communications - Copper,checklist,,,,,,4044.21-082,,,,,
Communications - Copper,checklist,,,,,,4044.21-083,,,,,
Communications - Copper,checklist,,,,,,4044.21-084,,,,,
Communications - Copper,checklist,,,,,,4044.21-085,,,,,
Communications - Copper,checklist,,,,,,4044.21-086,,,,,
Communications - Copper,checklist,,,,,,4044.21-087,,,,,
Communications - Copper,checklist,,,,,,4044.21-088,,,,,
Communications - Copper,checklist,,,,,,4044.21-089,,,,,
Communications - Copper,checklist,,,,,,4044.21-090,,,,,
Communications - Copper,checklist,,,,,,4044.21-091,,,,,
Communications - Copper,checklist,,,,,,4044.21-092,,,,,
Communications - Copper,checklist,,,,,,4044.21-093,,,,,
Communications - Copper,checklist,,,,,,4044.21-094,,,,,
Communications - Copper,checklist,,,,,,4044.21-095,,,,,
Communications - Copper,checklist,,,,,,4044.21-096,,,,,
,step,,,,,Patch Panel: 4044.21-PPT-00005,,,,,,
Communications - Copper,checklist,,,,,,4044.21-097,,,,,
Communications - Copper,checklist,,,,,,4044.21-098,,,,,
Communications - Copper,checklist,,,,,,4044.21-099,,,,,
Communications - Copper,checklist,,,,,,4044.21-100,,,,,
Communications - Copper,checklist,,,,,,4044.21-101,,,,,
Communications - Copper,checklist,,,,,,4044.21-102,,,,,
Communications - Copper,checklist,,,,,,4044.21-103,,,,,
Communications - Copper,checklist,,,,,,4044.21-104,,,,,
Communications - Copper,checklist,,,,,,4044.21-105,,,,,
Communications - Copper,checklist,,,,,,4044.21-106,,,,,
Communications - Copper,checklist,,,,,,4044.21-107,,,,,
Communications - Copper,checklist,,,,,,4044.21-108,,,,,
Communications - Copper,checklist,,,,,,4044.21-109,,,,,
Communications - Copper,checklist,,,,,,4044.21-110,,,,,
Communications - Copper,checklist,,,,,,4044.21-111,,,,,
Communications - Copper,checklist,,,,,,4044.21-112,,,,,
Communications - Copper,checklist,,,,,,4044.21-113,,,,,
Communications - Copper,checklist,,,,,,4044.21-114,,,,,
Communications - Copper,checklist,,,,,,4044.21-115,,,,,
Communications - Copper,checklist,,,,,,4044.21-116,,,,,
Communications - Copper,checklist,,,,,,4044.21-117,,,,,
Communications - Copper,checklist,,,,,,4044.21-118,,,,,
Communications - Copper,checklist,,,,,,4044.21-119,,,,,
Communications - Copper,checklist,,,,,,4044.21-120,,,,,
,step,,,,,Patch Panel: 4044.21-PPT-00006,,,,,,
Communications - Copper,checklist,,,,,,4044.21-121,,,,,
Communications - Copper,checklist,,,,,,4044.21-122,,,,,
Communications - Copper,checklist,,,,,,4044.21-123,,,,,
Communications - Copper,checklist,,,,,,4044.21-124,,,,,
Communications - Copper,checklist,,,,,,4044.21-125,,,,,
Communications - Copper,checklist,,,,,,4044.21-126,,,,,
Communications - Copper,checklist,,,,,,4044.21-127,,,,,
Communications - Copper,checklist,,,,,,4044.21-128,,,,,
Communications - Copper,checklist,,,,,,4044.21-129,,,,,
Communications - Copper,checklist,,,,,,4044.21-130,,,,,
Communications - Copper,checklist,,,,,,4044.21-131,,,,,
Communications - Copper,checklist,,,,,,4044.21-132,,,,,
Communications - Copper,checklist,,,,,,4044.21-133,,,,,
Communications - Copper,checklist,,,,,,4044.21-134,,,,,
Communications - Copper,checklist,,,,,,4044.21-135,,,,,
Communications - Copper,checklist,,,,,,4044.21-136,,,,,
Communications - Copper,checklist,,,,,,4044.21-137,,,,,
Communications - Copper,checklist,,,,,,4044.21-138,,,,,
Communications - Copper,checklist,,,,,,4044.21-139,,,,,
Communications - Copper,checklist,,,,,,4044.21-140,,,,,
Communications - Copper,checklist,,,,,,4044.21-141,,,,,
Communications - Copper,checklist,,,,,,4044.21-142,,,,,
Communications - Copper,checklist,,,,,,4044.21-143,,,,,
Communications - Copper,checklist,,,,,,4044.21-144,,,,,
,step,,,,,Patch Panel: 4044.21-PPT-00007,,,,,,
Communications - Copper,checklist,,,,,,4044.21-145,,,,,
Communications - Copper,checklist,,,,,,4044.21-146,,,,,
Communications - Copper,checklist,,,,,,4044.21-147,,,,,
Communications - Copper,checklist,,,,,,4044.21-148,,,,,
Communications - Copper,checklist,,,,,,4044.21-149,,,,,
Communications - Copper,checklist,,,,,,4044.21-150,,,,,
Communications - Copper,checklist,,,,,,4044.21-151,,,,,
Communications - Copper,checklist,,,,,,4044.21-152,,,,,
Communications - Copper,checklist,,,,,,4044.21-153,,,,,
Communications - Copper,checklist,,,,,,4044.21-154,,,,,
Communications - Copper,checklist,,,,,,4044.21-155,,,,,
Communications - Copper,checklist,,,,,,4044.21-156,,,,,
Communications - Copper,checklist,,,,,,4044.21-157,,,,,
Communications - Copper,checklist,,,,,,4044.21-158,,,,,
Communications - Copper,checklist,,,,,,4044.21-159,,,,,
Communications - Copper,checklist,,,,,,4044.21-160,,,,,
Communications - Copper,checklist,,,,,,4044.21-161,,,,,
Communications - Copper,checklist,,,,,,4044.21-162,,,,,
Communications - Copper,checklist,,,,,,4044.21-163,,,,,
Communications - Copper,checklist,,,,,,4044.21-164,,,,,
Communications - Copper,checklist,,,,,,4044.21-165,,,,,
Communications - Copper,checklist,,,,,,4044.21-166,,,,,
Communications - Copper,checklist,,,,,,4044.21-167,,,,,
Communications - Copper,checklist,,,,,,4044.21-168,,,,,
,step,,,,,Patch Panel: 4044.21-PPT-00008,,,,,,
Communications - Copper,checklist,,,,,,4044.21-169,,,,,
Communications - Copper,checklist,,,,,,4044.21-170,,,,,
Communications - Copper,checklist,,,,,,4044.21-171,,,,,
Communications - Copper,checklist,,,,,,4044.21-172,,,,,
Communications - Copper,checklist,,,,,,4044.21-173,,,,,
Communications - Copper,checklist,,,,,,4044.21-174,,,,,
Communications - Copper,checklist,,,,,,4044.21-175,,,,,
Communications - Copper,checklist,,,,,,4044.21-176,,,,,
Communications - Copper,checklist,,,,,,4044.21-177,,,,,
Communications - Copper,checklist,,,,,,4044.21-178,,,,,
Communications - Copper,checklist,,,,,,4044.21-179,,,,,
Communications - Copper,checklist,,,,,,4044.21-180,,,,,
Communications - Copper,checklist,,,,,,4044.21-181,,,,,
Communications - Copper,checklist,,,,,,4044.21-182,,,,,
Communications - Copper,checklist,,,,,,4044.21-183,,,,,
Communications - Copper,checklist,,,,,,4044.21-184,,,,,
Communications - Copper,checklist,,,,,,4044.21-185,,,,,
Communications - Copper,checklist,,,,,,4044.21-186,,,,,
Communications - Copper,checklist,,,,,,4044.21-187,,,,,
Communications - Copper,checklist,,,,,,4044.21-188,,,,,
Communications - Copper,checklist,,,,,,4044.21-189,,,,,
Communications - Copper,checklist,,,,,,4044.21-190,,,,,
Communications - Copper,checklist,,,,,,4044.21-191,,,,,
Communications - Copper,checklist,,,,,,4044.21-192,,,,,
,step,,,,,Patch Panel: 4044.21-PPT-00009,,,,,,
Communications - Copper,checklist,,,,,,4044.21-193,,,,,
Communications - Copper,checklist,,,,,,4044.21-194,,,,,
Communications - Copper,checklist,,,,,,4044.21-195,,,,,
Communications - Copper,checklist,,,,,,4044.21-196,,,,,
Communications - Copper,checklist,,,,,,4044.21-197,,,,,
Communications - Copper,checklist,,,,,,4044.21-198,,,,,
Communications - Copper,checklist,,,,,,4044.21-199,,,,,
Communications - Copper,checklist,,,,,,4044.21-200,,,,,
Communications - Copper,checklist,,,,,,4044.21-201,,,,,
Communications - Copper,checklist,,,,,,4044.21-202,,,,,
Communications - Copper,checklist,,,,,,4044.21-203,,,,,
Communications - Copper,checklist,,,,,,4044.21-204,,,,,
Communications - Copper,checklist,,,,,,4044.21-205,,,,,
Communications - Copper,checklist,,,,,,4044.21-206,,,,,
Communications - Copper,checklist,,,,,,4044.21-207,,,,,
Communications - Copper,checklist,,,,,,4044.21-208,,,,,
Communications - Copper,checklist,,,,,,4044.21-209,,,,,
Communications - Copper,checklist,,,,,,4044.21-210,,,,,
Communications - Copper,checklist,,,,,,4044.21-211,,,,,
Communications - Copper,checklist,,,,,,4044.21-212,,,,,
Communications - Copper,checklist,,,,,,4044.21-213,,,,,
Communications - Copper,checklist,,,,,,4044.21-214,,,,,
Communications - Copper,checklist,,,,,,4044.21-215,,,,,
Communications - Copper,checklist,,,,,,4044.21-216,,,,,
,step,,,,,Patch Panel: 4044.21-PPT-00010,,,,,,
Communications - Copper,checklist,,,,,,4044.21-217,,,,,
Communications - Copper,checklist,,,,,,4044.21-218,,,,,
Communications - Copper,checklist,,,,,,4044.21-219,,,,,
Communications - Copper,checklist,,,,,,4044.21-220,,,,,
Communications - Copper,checklist,,,,,,4044.21-221,,,,,
Communications - Copper,checklist,,,,,,4044.21-222,,,,,
Communications - Copper,checklist,,,,,,4044.21-223,,,,,
Communications - Copper,checklist,,,,,,4044.21-224,,,,,
Communications - Copper,checklist,,,,,,4044.21-225,,,,,
Communications - Copper,checklist,,,,,,4044.21-226,,,,,
Communications - Copper,checklist,,,,,,SPARE 1,,,,,
Communications - Copper,checklist,,,,,,SPARE 2,,,,,
Communications - Copper,checklist,,,,,,SPARE 3,,,,,
Communications - Copper,checklist,,,,,,SPARE 4,,,,,
Communications - Copper,checklist,,,,,,SPARE 5,,,,,
Communications - Copper,checklist,,,,,,SPARE 6,,,,,
Communications - Copper,checklist,,,,,,SPARE 7,,,,,
Communications - Copper,checklist,,,,,,SPARE 8,,,,,
Communications - Copper,checklist,,,,,,SPARE 9,,,,,
Communications - Copper,checklist,,,,,,SPARE 10,,,,,
Communications - Copper,checklist,,,,,,SPARE 11,,,,,
Communications - Copper,checklist,,,,,,SPARE 12,,,,,
Communications - Copper,checklist,,,,,,SPARE 13,,,,,
Communications - Copper,checklist,,,,,,SPARE 14,,,,,
,step,,,,Rack: 4044.22-PPC-00001,,,,,,,
Communications - Cabinet,checklist,,,,,Cabinet ITC,,,,,,
,step,,,,,Patch Panel: 4044.22-PPT-00001,,,,,,
Communications - Copper,checklist,,,,,,4044.22-001,,,,,
Communications - Copper,checklist,,,,,,4044.22-002,,,,,
Communications - Copper,checklist,,,,,,4044.22-003,,,,,
Communications - Copper,checklist,,,,,,4044.22-004,,,,,
Communications - Copper,checklist,,,,,,4044.22-005,,,,,
Communications - Copper,checklist,,,,,,4044.22-006,,,,,
Communications - Copper,checklist,,,,,,4044.22-007,,,,,
Communications - Copper,checklist,,,,,,4044.22-008,,,,,
Communications - Copper,checklist,,,,,,4044.22-009,,,,,
Communications - Copper,checklist,,,,,,4044.22-010,,,,,
Communications - Copper,checklist,,,,,,4044.22-011,,,,,
Communications - Copper,checklist,,,,,,4044.22-012,,,,,
Communications - Copper,checklist,,,,,,4044.22-013,,,,,
Communications - Copper,checklist,,,,,,4044.22-014,,,,,
Communications - Copper,checklist,,,,,,4044.22-015,,,,,
Communications - Copper,checklist,,,,,,4044.22-016,,,,,
Communications - Copper,checklist,,,,,,4044.22-017,,,,,
Communications - Copper,checklist,,,,,,4044.22-018,,,,,
Communications - Copper,checklist,,,,,,4044.22-019,,,,,
Communications - Copper,checklist,,,,,,4044.22-020,,,,,
Communications - Copper,checklist,,,,,,4044.22-021,,,,,
Communications - Copper,checklist,,,,,,4044.22-022,,,,,
Communications - Copper,checklist,,,,,,4044.22-023,,,,,
Communications - Copper,checklist,,,,,,4044.22-024,,,,,
,step,,,,,Patch Panel: 4044.22-PPT-00002,,,,,,
Communications - Copper,checklist,,,,,,4044.22-025,,,,,
Communications - Copper,checklist,,,,,,4044.22-026,,,,,
Communications - Copper,checklist,,,,,,4044.22-027,,,,,
Communications - Copper,checklist,,,,,,4044.22-028,,,,,
Communications - Copper,checklist,,,,,,4044.22-029,,,,,
Communications - Copper,checklist,,,,,,4044.22-030,,,,,
Communications - Copper,checklist,,,,,,4044.22-031,,,,,
Communications - Copper,checklist,,,,,,4044.22-032,,,,,
Communications - Copper,checklist,,,,,,4044.22-033,,,,,
Communications - Copper,checklist,,,,,,4044.22-034,,,,,
Communications - Copper,checklist,,,,,,4044.22-035,,,,,
Communications - Copper,checklist,,,,,,4044.22-036,,,,,
Communications - Copper,checklist,,,,,,4044.22-037,,,,,
Communications - Copper,checklist,,,,,,4044.22-038,,,,,
Communications - Copper,checklist,,,,,,4044.22-039,,,,,
Communications - Copper,checklist,,,,,,4044.22-040,,,,,
Communications - Copper,checklist,,,,,,4044.22-041,,,,,
Communications - Copper,checklist,,,,,,4044.22-042,,,,,
Communications - Copper,checklist,,,,,,4044.22-043,,,,,
Communications - Copper,checklist,,,,,,4044.22-044,,,,,
Communications - Copper,checklist,,,,,,4044.22-045,,,,,
Communications - Copper,checklist,,,,,,4044.22-046,,,,,
Communications - Copper,checklist,,,,,,4044.22-047,,,,,
Communications - Copper,checklist,,,,,,4044.22-048,,,,,
,step,,,,,Patch Panel: 4044.22-PPT-00003,,,,,,
Communications - Copper,checklist,,,,,,4044.22-049,,,,,
Communications - Copper,checklist,,,,,,4044.22-050,,,,,
Communications - Copper,checklist,,,,,,4044.22-051,,,,,
Communications - Copper,checklist,,,,,,4044.22-052,,,,,
Communications - Copper,checklist,,,,,,4044.22-053,,,,,
Communications - Copper,checklist,,,,,,4044.22-054,,,,,
Communications - Copper,checklist,,,,,,4044.22-055,,,,,
Communications - Copper,checklist,,,,,,4044.22-056,,,,,
Communications - Copper,checklist,,,,,,4044.22-057,,,,,
Communications - Copper,checklist,,,,,,4044.22-058,,,,,
Communications - Copper,checklist,,,,,,4044.22-059,,,,,
Communications - Copper,checklist,,,,,,4044.22-060,,,,,
Communications - Copper,checklist,,,,,,4044.22-061,,,,,
Communications - Copper,checklist,,,,,,4044.22-062,,,,,
Communications - Copper,checklist,,,,,,4044.22-063,,,,,
Communications - Copper,checklist,,,,,,4044.22-064,,,,,
Communications - Copper,checklist,,,,,,4044.22-065,,,,,
Communications - Copper,checklist,,,,,,4044.22-066,,,,,
Communications - Copper,checklist,,,,,,4044.22-067,,,,,
Communications - Copper,checklist,,,,,,4044.22-068,,,,,
Communications - Copper,checklist,,,,,,4044.22-069,,,,,
Communications - Copper,checklist,,,,,,4044.22-070,,,,,
Communications - Copper,checklist,,,,,,4044.22-071,,,,,
Communications - Copper,checklist,,,,,,4044.22-072,,,,,
,step,,,,,Patch Panel: 4044.22-PPT-00004,,,,,,
Communications - Copper,checklist,,,,,,4044.22-073,,,,,
Communications - Copper,checklist,,,,,,4044.22-074,,,,,
Communications - Copper,checklist,,,,,,4044.22-075,,,,,
Communications - Copper,checklist,,,,,,4044.22-076,,,,,
Communications - Copper,checklist,,,,,,4044.22-077,,,,,
Communications - Copper,checklist,,,,,,4044.22-078,,,,,
Communications - Copper,checklist,,,,,,4044.22-079,,,,,
Communications - Copper,checklist,,,,,,4044.22-080,,,,,
Communications - Copper,checklist,,,,,,4044.22-081,,,,,
Communications - Copper,checklist,,,,,,4044.22-082,,,,,
Communications - Copper,checklist,,,,,,4044.22-083,,,,,
Communications - Copper,checklist,,,,,,4044.22-084,,,,,
Communications - Copper,checklist,,,,,,4044.22-085,,,,,
Communications - Copper,checklist,,,,,,4044.22-086,,,,,
Communications - Copper,checklist,,,,,,4044.22-087,,,,,
Communications - Copper,checklist,,,,,,4044.22-088,,,,,
Communications - Copper,checklist,,,,,,4044.22-089,,,,,
Communications - Copper,checklist,,,,,,4044.22-090,,,,,
Communications - Copper,checklist,,,,,,4044.22-091,,,,,
Communications - Copper,checklist,,,,,,4044.22-092,,,,,
Communications - Copper,checklist,,,,,,4044.22-093,,,,,
Communications - Copper,checklist,,,,,,4044.22-094,,,,,
Communications - Copper,checklist,,,,,,4044.22-095,,,,,
Communications - Copper,checklist,,,,,,4044.22-096,,,,,
,step,,,,,Patch Panel: 4044.22-PPT-00005,,,,,,
Communications - Copper,checklist,,,,,,4044.22-097,,,,,
Communications - Copper,checklist,,,,,,4044.22-098,,,,,
Communications - Copper,checklist,,,,,,4044.22-099,,,,,
Communications - Copper,checklist,,,,,,4044.22-100,,,,,
Communications - Copper,checklist,,,,,,4044.22-101,,,,,
Communications - Copper,checklist,,,,,,4044.22-102,,,,,
Communications - Copper,checklist,,,,,,4044.22-103,,,,,
Communications - Copper,checklist,,,,,,4044.22-104,,,,,
Communications - Copper,checklist,,,,,,4044.22-105,,,,,
Communications - Copper,checklist,,,,,,4044.22-106,,,,,
Communications - Copper,checklist,,,,,,4044.22-107,,,,,
Communications - Copper,checklist,,,,,,4044.22-108,,,,,
Communications - Copper,checklist,,,,,,4044.22-109,,,,,
Communications - Copper,checklist,,,,,,4044.22-110,,,,,
Communications - Copper,checklist,,,,,,4044.22-111,,,,,
Communications - Copper,checklist,,,,,,4044.22-112,,,,,
Communications - Copper,checklist,,,,,,4044.22-113,,,,,
Communications - Copper,checklist,,,,,,4044.22-114,,,,,
Communications - Copper,checklist,,,,,,4044.22-115,,,,,
Communications - Copper,checklist,,,,,,4044.22-116,,,,,
Communications - Copper,checklist,,,,,,4044.22-117,,,,,
Communications - Copper,checklist,,,,,,4044.22-118,,,,,
Communications - Copper,checklist,,,,,,4044.22-119,,,,,
Communications - Copper,checklist,,,,,,4044.22-120,,,,,
,step,,,,,Patch Panel: 4044.22-PPT-00006,,,,,,
Communications - Copper,checklist,,,,,,4044.22-121,,,,,
Communications - Copper,checklist,,,,,,4044.22-122,,,,,
Communications - Copper,checklist,,,,,,4044.22-123,,,,,
Communications - Copper,checklist,,,,,,4044.22-124,,,,,
Communications - Copper,checklist,,,,,,4044.22-125,,,,,
Communications - Copper,checklist,,,,,,4044.22-126,,,,,
Communications - Copper,checklist,,,,,,4044.22-127,,,,,
Communications - Copper,checklist,,,,,,4044.22-128,,,,,
Communications - Copper,checklist,,,,,,4044.22-129,,,,,
Communications - Copper,checklist,,,,,,4044.22-130,,,,,
Communications - Copper,checklist,,,,,,4044.22-131,,,,,
Communications - Copper,checklist,,,,,,4044.22-132,,,,,
Communications - Copper,checklist,,,,,,4044.22-133,,,,,
Communications - Copper,checklist,,,,,,4044.22-134,,,,,
Communications - Copper,checklist,,,,,,4044.22-135,,,,,
Communications - Copper,checklist,,,,,,4044.22-136,,,,,
Communications - Copper,checklist,,,,,,4044.22-137,,,,,
Communications - Copper,checklist,,,,,,4044.22-138,,,,,
Communications - Copper,checklist,,,,,,4044.22-139,,,,,
Communications - Copper,checklist,,,,,,4044.22-140,,,,,
Communications - Copper,checklist,,,,,,4044.22-141,,,,,
Communications - Copper,checklist,,,,,,4044.22-142,,,,,
Communications - Copper,checklist,,,,,,4044.22-143,,,,,
Communications - Copper,checklist,,,,,,4044.22-144,,,,,
,step,,,,,Patch Panel: 4044.22-PPT-00007,,,,,,
Communications - Copper,checklist,,,,,,4044.22-145,,,,,
Communications - Copper,checklist,,,,,,4044.22-146,,,,,
Communications - Copper,checklist,,,,,,4044.22-147,,,,,
Communications - Copper,checklist,,,,,,4044.22-148,,,,,
Communications - Copper,checklist,,,,,,4044.22-149,,,,,
Communications - Copper,checklist,,,,,,4044.22-150,,,,,
Communications - Copper,checklist,,,,,,4044.22-151,,,,,
Communications - Copper,checklist,,,,,,4044.22-152,,,,,
Communications - Copper,checklist,,,,,,4044.22-153,,,,,
Communications - Copper,checklist,,,,,,4044.22-154,,,,,
Communications - Copper,checklist,,,,,,4044.22-155,,,,,
Communications - Copper,checklist,,,,,,4044.22-156,,,,,
Communications - Copper,checklist,,,,,,4044.22-157,,,,,
Communications - Copper,checklist,,,,,,4044.22-158,,,,,
Communications - Copper,checklist,,,,,,4044.22-159,,,,,
Communications - Copper,checklist,,,,,,4044.22-160,,,,,
Communications - Copper,checklist,,,,,,4044.22-161,,,,,
Communications - Copper,checklist,,,,,,4044.22-162,,,,,
Communications - Copper,checklist,,,,,,4044.22-163,,,,,
Communications - Copper,checklist,,,,,,4044.22-164,,,,,
Communications - Copper,checklist,,,,,,4044.22-165,,,,,
Communications - Copper,checklist,,,,,,4044.22-166,,,,,
Communications - Copper,checklist,,,,,,4044.22-167,,,,,
Communications - Copper,checklist,,,,,,4044.22-168,,,,,
,step,,,,,Patch Panel: 4044.22-PPT-00008,,,,,,
Communications - Copper,checklist,,,,,,4044.22-169,,,,,
Communications - Copper,checklist,,,,,,4044.22-170,,,,,
Communications - Copper,checklist,,,,,,4044.22-171,,,,,
Communications - Copper,checklist,,,,,,4044.22-172,,,,,
Communications - Copper,checklist,,,,,,4044.22-173,,,,,
Communications - Copper,checklist,,,,,,4044.22-174,,,,,
Communications - Copper,checklist,,,,,,4044.22-175,,,,,
Communications - Copper,checklist,,,,,,4044.22-176,,,,,
Communications - Copper,checklist,,,,,,4044.22-177,,,,,
Communications - Copper,checklist,,,,,,4044.22-178,,,,,
Communications - Copper,checklist,,,,,,4044.22-179,,,,,
Communications - Copper,checklist,,,,,,4044.22-180,,,,,
Communications - Copper,checklist,,,,,,4044.22-181,,,,,
Communications - Copper,checklist,,,,,,4044.22-182,,,,,
Communications - Copper,checklist,,,,,,4044.22-183,,,,,
Communications - Copper,checklist,,,,,,4044.22-184,,,,,
Communications - Copper,checklist,,,,,,4044.22-185,,,,,
Communications - Copper,checklist,,,,,,4044.22-186,,,,,
Communications - Copper,checklist,,,,,,4044.22-187,,,,,
Communications - Copper,checklist,,,,,,4044.22-188,,,,,
Communications - Copper,checklist,,,,,,4044.22-189,,,,,
Communications - Copper,checklist,,,,,,4044.22-190,,,,,
Communications - Copper,checklist,,,,,,4044.22-191,,,,,
Communications - Copper,checklist,,,,,,4044.22-192,,,,,
,step,,,,,Patch Panel: 4044.22-PPT-00009,,,,,,
Communications - Copper,checklist,,,,,,4044.22-193,,,,,
Communications - Copper,checklist,,,,,,4044.22-194,,,,,
Communications - Copper,checklist,,,,,,4044.22-195,,,,,
Communications - Copper,checklist,,,,,,4044.22-196,,,,,
Communications - Copper,checklist,,,,,,4044.22-197,,,,,
Communications - Copper,checklist,,,,,,4044.22-198,,,,,
Communications - Copper,checklist,,,,,,4044.22-199,,,,,
Communications - Copper,checklist,,,,,,4044.22-200,,,,,
Communications - Copper,checklist,,,,,,4044.22-201,,,,,
Communications - Copper,checklist,,,,,,4044.22-202,,,,,
Communications - Copper,checklist,,,,,,4044.22-203,,,,,
Communications - Copper,checklist,,,,,,4044.22-204,,,,,
Communications - Copper,checklist,,,,,,4044.22-205,,,,,
Communications - Copper,checklist,,,,,,4044.22-206,,,,,
Communications - Copper,checklist,,,,,,4044.22-207,,,,,
Communications - Copper,checklist,,,,,,4044.22-208,,,,,
Communications - Copper,checklist,,,,,,4044.22-209,,,,,
Communications - Copper,checklist,,,,,,4044.22-210,,,,,
Communications - Copper,checklist,,,,,,4044.22-211,,,,,
Communications - Copper,checklist,,,,,,4044.22-212,,,,,
Communications - Copper,checklist,,,,,,4044.22-213,,,,,
Communications - Copper,checklist,,,,,,4044.22-214,,,,,
Communications - Copper,checklist,,,,,,4044.22-215,,,,,
Communications - Copper,checklist,,,,,,4044.22-216,,,,,
,step,,,,,Patch Panel: 4044.22-PPT-00010,,,,,,
Communications - Copper,checklist,,,,,,4044.22-217,,,,,
Communications - Copper,checklist,,,,,,4044.22-218,,,,,
Communications - Copper,checklist,,,,,,4044.22-219,,,,,
Communications - Copper,checklist,,,,,,4044.22-220,,,,,
Communications - Copper,checklist,,,,,,4044.22-221,,,,,
Communications - Copper,checklist,,,,,,4044.22-222,,,,,
Communications - Copper,checklist,,,,,,4044.22-223,,,,,
Communications - Copper,checklist,,,,,,4044.22-224,,,,,
Communications - Copper,checklist,,,,,,4044.22-225,,,,,
Communications - Copper,checklist,,,,,,4044.22-226,,,,,
Communications - Copper,checklist,,,,,,4044.22-227,,,,,
Communications - Copper,checklist,,,,,,4044.22-228,,,,,
Communications - Copper,checklist,,,,,,4044.22-229,,,,,
Communications - Copper,checklist,,,,,,4044.22-230,,,,,
Communications - Copper,checklist,,,,,,4044.22-231,,,,,
Communications - Copper,checklist,,,,,,4044.22-232,,,,,
Communications - Copper,checklist,,,,,,4044.22-233,,,,,
Communications - Copper,checklist,,,,,,4044.22-234,,,,,
Communications - Copper,checklist,,,,,,4044.22-235,,,,,
Communications - Copper,checklist,,,,,,4044.22-236,,,,,
Communications - Copper,checklist,,,,,,4044.22-237,,,,,
Communications - Copper,checklist,,,,,,4044.22-238,,,,,
Communications - Copper,checklist,,,,,,4044.22-239,,,,,
Communications - Copper,checklist,,,,,,4044.22-240,,,,,
,step,,,,,Patch Panel: 4044.22-PPT-00011,,,,,,
Communications - Copper,checklist,,,,,,4044.22-241,,,,,
Communications - Copper,checklist,,,,,,4044.22-242,,,,,
Communications - Copper,checklist,,,,,,4044.22-243,,,,,
Communications - Copper,checklist,,,,,,4044.22-244,,,,,
Communications - Copper,checklist,,,,,,4044.22-245,,,,,
Communications - Copper,checklist,,,,,,4044.22-246,,,,,
Communications - Copper,checklist,,,,,,4044.22-247,,,,,
Communications - Copper,checklist,,,,,,4044.22-248,,,,,
Communications - Copper,checklist,,,,,,4044.22-249,,,,,
Communications - Copper,checklist,,,,,,4044.22-250,,,,,
Communications - Copper,checklist,,,,,,4044.22-251,,,,,
Communications - Copper,checklist,,,,,,4044.22-252,,,,,
Communications - Copper,checklist,,,,,,4044.22-253,,,,,
Communications - Copper,checklist,,,,,,4044.22-254,,,,,
Communications - Copper,checklist,,,,,,4044.22-255,,,,,
Communications - Copper,checklist,,,,,,4044.22-256,,,,,
Communications - Copper,checklist,,,,,,4044.22-257,,,,,
Communications - Copper,checklist,,,,,,4044.22-258,,,,,
Communications - Copper,checklist,,,,,,4044.22-259,,,,,
Communications - Copper,checklist,,,,,,4044.22-260,,,,,
Communications - Copper,checklist,,,,,,4044.22-261,,,,,
Communications - Copper,checklist,,,,,,4044.22-262,,,,,
Communications - Copper,checklist,,,,,,4044.22-263,,,,,
Communications - Copper,checklist,,,,,,4044.22-264,,,,,
,step,,,,,Patch Panel: 4044.22-PPT-00012,,,,,,
Communications - Copper,checklist,,,,,,4044.22-265,,,,,
Communications - Copper,checklist,,,,,,4044.22-266,,,,,
Communications - Copper,checklist,,,,,,4044.22-267,,,,,
Communications - Copper,checklist,,,,,,4044.22-268,,,,,
Communications - Copper,checklist,,,,,,4044.22-269,,,,,
Communications - Copper,checklist,,,,,,4044.22-270,,,,,
Communications - Copper,checklist,,,,,,4044.22-271,,,,,
Communications - Copper,checklist,,,,,,4044.22-272,,,,,
Communications - Copper,checklist,,,,,,4044.22-273,,,,,
Communications - Copper,checklist,,,,,,4044.22-274,,,,,
Communications - Copper,checklist,,,,,,4044.22-275,,,,,
Communications - Copper,checklist,,,,,,4044.22-276,,,,,
Communications - Copper,checklist,,,,,,4044.22-277,,,,,
Communications - Copper,checklist,,,,,,4044.22-278,,,,,
Communications - Copper,checklist,,,,,,4044.22-279,,,,,
Communications - Copper,checklist,,,,,,4044.22-280,,,,,
Communications - Copper,checklist,,,,,,4044.22-281,,,,,
Communications - Copper,checklist,,,,,,4044.22-282,,,,,
Communications - Copper,checklist,,,,,,4044.22-283,,,,,
Communications - Copper,checklist,,,,,,4044.22-284,,,,,
Communications - Copper,checklist,,,,,,4044.22-285,,,,,
Communications - Copper,checklist,,,,,,4044.22-286,,,,,
Communications - Copper,checklist,,,,,,4044.22-287,,,,,
Communications - Copper,checklist,,,,,,4044.22-288,,,,,
,step,,,,,Patch Panel: 4044.22-PPT-00013,,,,,,
Communications - Copper,checklist,,,,,,4044.22-289,,,,,
Communications - Copper,checklist,,,,,,4044.22-290,,,,,
Communications - Copper,checklist,,,,,,4044.22-291,,,,,
Communications - Copper,checklist,,,,,,4044.22-292,,,,,
Communications - Copper,checklist,,,,,,4044.22-293,,,,,
Communications - Copper,checklist,,,,,,4044.22-294,,,,,
Communications - Copper,checklist,,,,,,4044.22-295,,,,,
Communications - Copper,checklist,,,,,,4044.22-296,,,,,
Communications - Copper,checklist,,,,,,4044.22-297,,,,,
Communications - Copper,checklist,,,,,,4044.22-298,,,,,
Communications - Copper,checklist,,,,,,4044.22-299,,,,,
Communications - Copper,checklist,,,,,,4044.22-300,,,,,
Communications - Copper,checklist,,,,,,4044.22-301,,,,,
Communications - Copper,checklist,,,,,,4044.22-302,,,,,
Communications - Copper,checklist,,,,,,4044.22-303,,,,,
Communications - Copper,checklist,,,,,,4044.22-304,,,,,
Communications - Copper,checklist,,,,,,4044.22-305,,,,,
Communications - Copper,checklist,,,,,,4044.22-306,,,,,
Communications - Copper,checklist,,,,,,4044.22-307,,,,,
Communications - Copper,checklist,,,,,,4044.22-308,,,,,
Communications - Copper,checklist,,,,,,4044.22-309,,,,,
Communications - Copper,checklist,,,,,,4044.22-310,,,,,
Communications - Copper,checklist,,,,,,4044.22-311,,,,,
Communications - Copper,checklist,,,,,,4044.22-312,,,,,
,step,,,,,Patch Panel: 4044.22-PPT-00014,,,,,,
Communications - Copper,checklist,,,,,,4044.22-313,,,,,
Communications - Copper,checklist,,,,,,4044.22-314,,,,,
Communications - Copper,checklist,,,,,,4044.22-315,,,,,
Communications - Copper,checklist,,,,,,4044.22-316,,,,,
Communications - Copper,checklist,,,,,,4044.22-317,,,,,
Communications - Copper,checklist,,,,,,4044.22-318,,,,,
Communications - Copper,checklist,,,,,,4044.22-319,,,,,
Communications - Copper,checklist,,,,,,4044.22-320,,,,,
Communications - Copper,checklist,,,,,,4044.22-321,,,,,
Communications - Copper,checklist,,,,,,4044.22-322,,,,,
Communications - Copper,checklist,,,,,,4044.22-323,,,,,
Communications - Copper,checklist,,,,,,SPARE 1,,,,,
Communications - Copper,checklist,,,,,,SPARE 2,,,,,
Communications - Copper,checklist,,,,,,SPARE 3,,,,,
Communications - Copper,checklist,,,,,,SPARE 4,,,,,
Communications - Copper,checklist,,,,,,SPARE 5,,,,,
Communications - Copper,checklist,,,,,,SPARE 6,,,,,
Communications - Copper,checklist,,,,,,SPARE 7,,,,,
Communications - Copper,checklist,,,,,,SPARE 8,,,,,
Communications - Copper,checklist,,,,,,SPARE 9,,,,,
Communications - Copper,checklist,,,,,,SPARE 10,,,,,
Communications - Copper,checklist,,,,,,SPARE 11,,,,,
Communications - Copper,checklist,,,,,,SPARE 12,,,,,
Communications - Copper,checklist,,,,,,SPARE 13,,,,,
,step,,,,Rack: 4044.23-PPC-00001,,,,,,,
Communications - Cabinet,checklist,,,,,Cabinet ITC,,,,,,
,step,,,,,Patch Panel: 4044.23-PPT-00001,,,,,,
Communications - Copper,checklist,,,,,,4044.23-001,,,,,
Communications - Copper,checklist,,,,,,4044.23-002,,,,,
Communications - Copper,checklist,,,,,,4044.23-003,,,,,
Communications - Copper,checklist,,,,,,4044.23-004,,,,,
Communications - Copper,checklist,,,,,,4044.23-005,,,,,
Communications - Copper,checklist,,,,,,4044.23-006,,,,,
Communications - Copper,checklist,,,,,,4044.23-007,,,,,
Communications - Copper,checklist,,,,,,4044.23-008,,,,,
Communications - Copper,checklist,,,,,,4044.23-009,,,,,
Communications - Copper,checklist,,,,,,4044.23-010,,,,,
Communications - Copper,checklist,,,,,,4044.23-011,,,,,
Communications - Copper,checklist,,,,,,4044.23-012,,,,,
Communications - Copper,checklist,,,,,,4044.23-013,,,,,
Communications - Copper,checklist,,,,,,4044.23-014,,,,,
Communications - Copper,checklist,,,,,,4044.23-015,,,,,
Communications - Copper,checklist,,,,,,4044.23-016,,,,,
Communications - Copper,checklist,,,,,,4044.23-017,,,,,
Communications - Copper,checklist,,,,,,4044.23-018,,,,,
Communications - Copper,checklist,,,,,,4044.23-019,,,,,
Communications - Copper,checklist,,,,,,4044.23-020,,,,,
Communications - Copper,checklist,,,,,,4044.23-021,,,,,
Communications - Copper,checklist,,,,,,4044.23-022,,,,,
Communications - Copper,checklist,,,,,,4044.23-023,,,,,
Communications - Copper,checklist,,,,,,4044.23-024,,,,,
Communications - Copper,checklist,,,,,,4044.23-025,,,,,
Communications - Copper,checklist,,,,,,4044.23-026,,,,,
Communications - Copper,checklist,,,,,,4044.23-027,,,,,
Communications - Copper,checklist,,,,,,4044.23-028,,,,,
Communications - Copper,checklist,,,,,,4044.23-029,,,,,
Communications - Copper,checklist,,,,,,4044.23-030,,,,,
Communications - Copper,checklist,,,,,,4044.23-031,,,,,
Communications - Copper,checklist,,,,,,4044.23-032,,,,,
Communications - Copper,checklist,,,,,,4044.23-033,,,,,
Communications - Copper,checklist,,,,,,4044.23-034,,,,,
Communications - Copper,checklist,,,,,,4044.23-035,,,,,
Communications - Copper,checklist,,,,,,4044.23-036,,,,,
Communications - Copper,checklist,,,,,,4044.23-037,,,,,
Communications - Copper,checklist,,,,,,4044.23-038,,,,,
Communications - Copper,checklist,,,,,,4044.23-039,,,,,
Communications - Copper,checklist,,,,,,4044.23-040,,,,,
Communications - Copper,checklist,,,,,,4044.23-041,,,,,
Communications - Copper,checklist,,,,,,4044.23-042,,,,,
Communications - Copper,checklist,,,,,,4044.23-043,,,,,
Communications - Copper,checklist,,,,,,4044.23-044,,,,,
Communications - Copper,checklist,,,,,,4044.23-045,,,,,
Communications - Copper,checklist,,,,,,4044.23-046,,,,,
Communications - Copper,checklist,,,,,,4044.23-047,,,,,
Communications - Copper,checklist,,,,,,4044.23-048,,,,,
,step,,,,,Patch Panel: 4044.23-PPT-00002,,,,,,
Communications - Copper,checklist,,,,,,4044.23-049,,,,,
Communications - Copper,checklist,,,,,,4044.23-050,,,,,
Communications - Copper,checklist,,,,,,4044.23-051,,,,,
Communications - Copper,checklist,,,,,,4044.23-052,,,,,
Communications - Copper,checklist,,,,,,4044.23-053,,,,,
Communications - Copper,checklist,,,,,,4044.23-054,,,,,
Communications - Copper,checklist,,,,,,4044.23-055,,,,,
Communications - Copper,checklist,,,,,,4044.23-056,,,,,
Communications - Copper,checklist,,,,,,4044.23-057,,,,,
Communications - Copper,checklist,,,,,,4044.23-058,,,,,
Communications - Copper,checklist,,,,,,4044.23-059,,,,,
Communications - Copper,checklist,,,,,,4044.23-060,,,,,
Communications - Copper,checklist,,,,,,4044.23-061,,,,,
Communications - Copper,checklist,,,,,,4044.23-062,,,,,
Communications - Copper,checklist,,,,,,4044.23-063,,,,,
Communications - Copper,checklist,,,,,,4044.23-064,,,,,
Communications - Copper,checklist,,,,,,4044.23-065,,,,,
Communications - Copper,checklist,,,,,,4044.23-066,,,,,
Communications - Copper,checklist,,,,,,4044.23-067,,,,,
Communications - Copper,checklist,,,,,,4044.23-068,,,,,
Communications - Copper,checklist,,,,,,4044.23-069,,,,,
Communications - Copper,checklist,,,,,,4044.23-070,,,,,
Communications - Copper,checklist,,,,,,4044.23-071,,,,,
Communications - Copper,checklist,,,,,,4044.23-072,,,,,
Communications - Copper,checklist,,,,,,4044.23-073,,,,,
Communications - Copper,checklist,,,,,,4044.23-074,,,,,
Communications - Copper,checklist,,,,,,4044.23-075,,,,,
Communications - Copper,checklist,,,,,,4044.23-076,,,,,
Communications - Copper,checklist,,,,,,4044.23-077,,,,,
Communications - Copper,checklist,,,,,,4044.23-078,,,,,
Communications - Copper,checklist,,,,,,4044.23-079,,,,,
Communications - Copper,checklist,,,,,,4044.23-080,,,,,
Communications - Copper,checklist,,,,,,4044.23-081,,,,,
Communications - Copper,checklist,,,,,,4044.23-082,,,,,
Communications - Copper,checklist,,,,,,4044.23-083,,,,,
Communications - Copper,checklist,,,,,,4044.23-084,,,,,
Communications - Copper,checklist,,,,,,4044.23-085,,,,,
Communications - Copper,checklist,,,,,,4044.23-086,,,,,
Communications - Copper,checklist,,,,,,4044.23-087,,,,,
Communications - Copper,checklist,,,,,,4044.23-088,,,,,
Communications - Copper,checklist,,,,,,4044.23-089,,,,,
Communications - Copper,checklist,,,,,,4044.23-090,,,,,
Communications - Copper,checklist,,,,,,4044.23-091,,,,,
Communications - Copper,checklist,,,,,,4044.23-092,,,,,
Communications - Copper,checklist,,,,,,4044.23-093,,,,,
Communications - Copper,checklist,,,,,,4044.23-094,,,,,
Communications - Copper,checklist,,,,,,4044.23-095,,,,,
Communications - Copper,checklist,,,,,,4044.23-096,,,,,
,step,,,,,Patch Panel: 4044.23-PPT-00003,,,,,,
Communications - Copper,checklist,,,,,,4044.23-097,,,,,
Communications - Copper,checklist,,,,,,4044.23-098,,,,,
Communications - Copper,checklist,,,,,,4044.23-099,,,,,
Communications - Copper,checklist,,,,,,4044.23-100,,,,,
Communications - Copper,checklist,,,,,,4044.23-101,,,,,
Communications - Copper,checklist,,,,,,4044.23-102,,,,,
Communications - Copper,checklist,,,,,,4044.23-103,,,,,
Communications - Copper,checklist,,,,,,4044.23-104,,,,,
Communications - Copper,checklist,,,,,,4044.23-105,,,,,
Communications - Copper,checklist,,,,,,4044.23-106,,,,,
Communications - Copper,checklist,,,,,,4044.23-107,,,,,
Communications - Copper,checklist,,,,,,4044.23-108,,,,,
Communications - Copper,checklist,,,,,,4044.23-109,,,,,
Communications - Copper,checklist,,,,,,4044.23-110,,,,,
Communications - Copper,checklist,,,,,,4044.23-111,,,,,
Communications - Copper,checklist,,,,,,4044.23-112,,,,,
Communications - Copper,checklist,,,,,,4044.23-113,,,,,
Communications - Copper,checklist,,,,,,4044.23-114,,,,,
Communications - Copper,checklist,,,,,,4044.23-115,,,,,
Communications - Copper,checklist,,,,,,4044.23-116,,,,,
Communications - Copper,checklist,,,,,,4044.23-117,,,,,
Communications - Copper,checklist,,,,,,4044.23-118,,,,,
Communications - Copper,checklist,,,,,,4044.23-119,,,,,
Communications - Copper,checklist,,,,,,4044.23-120,,,,,
Communications - Copper,checklist,,,,,,4044.23-121,,,,,
Communications - Copper,checklist,,,,,,4044.23-122,,,,,
Communications - Copper,checklist,,,,,,4044.23-123,,,,,
Communications - Copper,checklist,,,,,,4044.23-124,,,,,
Communications - Copper,checklist,,,,,,4044.23-125,,,,,
Communications - Copper,checklist,,,,,,4044.23-126,,,,,
Communications - Copper,checklist,,,,,,4044.23-127,,,,,
Communications - Copper,checklist,,,,,,4044.23-128,,,,,
Communications - Copper,checklist,,,,,,4044.23-129,,,,,
Communications - Copper,checklist,,,,,,4044.23-130,,,,,
Communications - Copper,checklist,,,,,,4044.23-131,,,,,
Communications - Copper,checklist,,,,,,4044.23-132,,,,,
Communications - Copper,checklist,,,,,,4044.23-133,,,,,
Communications - Copper,checklist,,,,,,4044.23-134,,,,,
Communications - Copper,checklist,,,,,,4044.23-135,,,,,
Communications - Copper,checklist,,,,,,4044.23-136,,,,,
Communications - Copper,checklist,,,,,,4044.23-137,,,,,
Communications - Copper,checklist,,,,,,4044.23-138,,,,,
Communications - Copper,checklist,,,,,,4044.23-139,,,,,
Communications - Copper,checklist,,,,,,4044.23-140,,,,,
Communications - Copper,checklist,,,,,,4044.23-141,,,,,
Communications - Copper,checklist,,,,,,4044.23-142,,,,,
Communications - Copper,checklist,,,,,,4044.23-143,,,,,
Communications - Copper,checklist,,,,,,4044.23-144,,,,,
,step,,,,,Patch Panel: 4044.23-PPT-00004,,,,,,
Communications - Copper,checklist,,,,,,4044.23-145,,,,,
Communications - Copper,checklist,,,,,,4044.23-146,,,,,
Communications - Copper,checklist,,,,,,4044.23-147,,,,,
Communications - Copper,checklist,,,,,,4044.23-148,,,,,
Communications - Copper,checklist,,,,,,4044.23-149,,,,,
Communications - Copper,checklist,,,,,,4044.23-150,,,,,
Communications - Copper,checklist,,,,,,4044.23-151,,,,,
Communications - Copper,checklist,,,,,,4044.23-152,,,,,
Communications - Copper,checklist,,,,,,4044.23-153,,,,,
Communications - Copper,checklist,,,,,,4044.23-154,,,,,
Communications - Copper,checklist,,,,,,SPARE 1,,,,,
Communications - Copper,checklist,,,,,,SPARE 2,,,,,
Communications - Copper,checklist,,,,,,SPARE 3,,,,,
Communications - Copper,checklist,,,,,,SPARE 4,,,,,
Communications - Copper,checklist,,,,,,SPARE 5,,,,,
Communications - Copper,checklist,,,,,,SPARE 6,,,,,
Communications - Copper,checklist,,,,,,SPARE 7,,,,,
Communications - Copper,checklist,,,,,,SPARE 8,,,,,
Communications - Copper,checklist,,,,,,SPARE 9,,,,,
Communications - Copper,checklist,,,,,,SPARE 10,,,,,
Communications - Copper,checklist,,,,,,SPARE 11,,,,,
Communications - Copper,checklist,,,,,,SPARE 12,,,,,
Communications - Copper,checklist,,,,,,SPARE 13,,,,,
Communications - Copper,checklist,,,,,,SPARE 14,,,,,
Communications - Copper,checklist,,,,,,SPARE 15,,,,,
Communications - Copper,checklist,,,,,,SPARE 16,,,,,
Communications - Copper,checklist,,,,,,SPARE 17,,,,,
Communications - Copper,checklist,,,,,,SPARE 18,,,,,
Communications - Copper,checklist,,,,,,SPARE 19,,,,,
Communications - Copper,checklist,,,,,,SPARE 20,,,,,
Communications - Copper,checklist,,,,,,SPARE 21,,,,,
Communications - Copper,checklist,,,,,,SPARE 22,,,,,
Communications - Copper,checklist,,,,,,SPARE 23,,,,,
Communications - Copper,checklist,,,,,,SPARE 24,,,,,
Communications - Copper,checklist,,,,,,SPARE 25,,,,,
Communications - Copper,checklist,,,,,,SPARE 26,,,,,
Communications - Copper,checklist,,,,,,SPARE 27,,,,,
Communications - Copper,checklist,,,,,,SPARE 28,,,,,
Communications - Copper,checklist,,,,,,SPARE 29,,,,,
Communications - Copper,checklist,,,,,,SPARE 30,,,,,
Communications - Copper,checklist,,,,,,SPARE 31,,,,,
Communications - Copper,checklist,,,,,,SPARE 32,,,,,
Communications - Copper,checklist,,,,,,SPARE 33,,,,,
Communications - Copper,checklist,,,,,,SPARE 34,,,,,
Communications - Copper,checklist,,,,,,SPARE 35,,,,,
Communications - Copper,checklist,,,,,,SPARE 36,,,,,
Communications - Copper,checklist,,,,,,SPARE 37,,,,,
Communications - Copper,checklist,,,,,,SPARE 38,,,,,
,step,,,,Rack: 4044.23-B-PPC-00002,,,,,,,
Communications - Cabinet,checklist,,,,,Cabinet ITC,,,,,,
,step,,,,,Patch Panel: 4044.23-B-PPT-00001,,,,,,
Communications - Copper,checklist,,,,,,4044.23-B-001,,,,,
Communications - Copper,checklist,,,,,,4044.23-B-002,,,,,
Communications - Copper,checklist,,,,,,4044.23-B-003,,,,,
Communications - Copper,checklist,,,,,,4044.23-B-004,,,,,
Communications - Copper,checklist,,,,,,4044.23-B-005,,,,,
Communications - Copper,checklist,,,,,,4044.23-B-006,,,,,
Communications - Copper,checklist,,,,,,4044.23-B-007,,,,,
Communications - Copper,checklist,,,,,,4044.23-B-008,,,,,
Communications - Copper,checklist,,,,,,4044.23-B-009,,,,,
Communications - Copper,checklist,,,,,,4044.23-B-010,,,,,
Communications - Copper,checklist,,,,,,4044.23-B-011,,,,,
Communications - Copper,checklist,,,,,,4044.23-B-012,,,,,
Communications - Copper,checklist,,,,,,4044.23-B-013,,,,,
Communications - Copper,checklist,,,,,,4044.23-B-014,,,,,
Communications - Copper,checklist,,,,,,4044.23-B-015,,,,,
Communications - Copper,checklist,,,,,,4044.23-B-016,,,,,
Communications - Copper,checklist,,,,,,4044.23-B-017,,,,,
Communications - Copper,checklist,,,,,,4044.23-B-018,,,,,
Communications - Copper,checklist,,,,,,4044.23-B-019,,,,,
Communications - Copper,checklist,,,,,,4044.23-B-020,,,,,
Communications - Copper,checklist,,,,,,4044.23-B-021,,,,,
Communications - Copper,checklist,,,,,,4044.23-B-022,,,,,
Communications - Copper,checklist,,,,,,4044.23-B-023,,,,,
Communications - Copper,checklist,,,,,,4044.23-B-024,,,,,
Communications - Copper,checklist,,,,,,4044.23-B-025,,,,,
Communications - Copper,checklist,,,,,,4044.23-B-026,,,,,
Communications - Copper,checklist,,,,,,4044.23-B-027,,,,,
Communications - Copper,checklist,,,,,,4044.23-B-028,,,,,
Communications - Copper,checklist,,,,,,4044.23-B-029,,,,,
Communications - Copper,checklist,,,,,,4044.23-B-030,,,,,
Communications - Copper,checklist,,,,,,4044.23-B-031,,,,,
Communications - Copper,checklist,,,,,,4044.23-B-032,,,,,
Communications - Copper,checklist,,,,,,4044.23-B-033,,,,,
Communications - Copper,checklist,,,,,,4044.23-B-034,,,,,
Communications - Copper,checklist,,,,,,4044.23-B-035,,,,,
Communications - Copper,checklist,,,,,,4044.23-B-036,,,,,
Communications - Copper,checklist,,,,,,4044.23-B-037,,,,,
Communications - Copper,checklist,,,,,,4044.23-B-038,,,,,
Communications - Copper,checklist,,,,,,4044.23-B-039,,,,,
Communications - Copper,checklist,,,,,,4044.23-B-040,,,,,
Communications - Copper,checklist,,,,,,4044.23-B-041,,,,,
Communications - Copper,checklist,,,,,,4044.23-B-042,,,,,
Communications - Copper,checklist,,,,,,4044.23-B-043,,,,,
Communications - Copper,checklist,,,,,,4044.23-B-044,,,,,
Communications - Copper,checklist,,,,,,4044.23-B-045,,,,,
Communications - Copper,checklist,,,,,,4044.23-B-046,,,,,
Communications - Copper,checklist,,,,,,4044.23-B-047,,,,,
Communications - Copper,checklist,,,,,,4044.23-B-048,,,,,
,step,,,,,Patch Panel: 4044.23-B-PPT-00002,,,,,,
Communications - Copper,checklist,,,,,,4044.23-B-049,,,,,
Communications - Copper,checklist,,,,,,4044.23-B-050,,,,,
Communications - Copper,checklist,,,,,,4044.23-B-051,,,,,
Communications - Copper,checklist,,,,,,4044.23-B-052,,,,,
Communications - Copper,checklist,,,,,,4044.23-B-053,,,,,
Communications - Copper,checklist,,,,,,4044.23-B-054,,,,,
Communications - Copper,checklist,,,,,,4044.23-B-055,,,,,
Communications - Copper,checklist,,,,,,4044.23-B-056,,,,,
Communications - Copper,checklist,,,,,,4044.23-B-057,,,,,
Communications - Copper,checklist,,,,,,4044.23-B-058,,,,,
Communications - Copper,checklist,,,,,,4044.23-B-059,,,,,
Communications - Copper,checklist,,,,,,4044.23-B-060,,,,,
Communications - Copper,checklist,,,,,,4044.23-B-061,,,,,
Communications - Copper,checklist,,,,,,4044.23-B-062,,,,,
Communications - Copper,checklist,,,,,,4044.23-B-063,,,,,
Communications - Copper,checklist,,,,,,SPARE 1,,,,,
Communications - Copper,checklist,,,,,,SPARE 2,,,,,
Communications - Copper,checklist,,,,,,SPARE 3,,,,,
Communications - Copper,checklist,,,,,,SPARE 4,,,,,
Communications - Copper,checklist,,,,,,SPARE 5,,,,,
Communications - Copper,checklist,,,,,,SPARE 6,,,,,
Communications - Copper,checklist,,,,,,SPARE 7,,,,,
Communications - Copper,checklist,,,,,,SPARE 8,,,,,
Communications - Copper,checklist,,,,,,SPARE 9,,,,,
Communications - Copper,checklist,,,,,,SPARE 10,,,,,
Communications - Copper,checklist,,,,,,SPARE 11,,,,,
Communications - Copper,checklist,,,,,,SPARE 12,,,,,
Communications - Copper,checklist,,,,,,SPARE 13,,,,,
Communications - Copper,checklist,,,,,,SPARE 14,,,,,
Communications - Copper,checklist,,,,,,SPARE 15,,,,,
Communications - Copper,checklist,,,,,,SPARE 16,,,,,
Communications - Copper,checklist,,,,,,SPARE 17,,,,,
Communications - Copper,checklist,,,,,,SPARE 18,,,,,
Communications - Copper,checklist,,,,,,SPARE 19,,,,,
Communications - Copper,checklist,,,,,,SPARE 20,,,,,
Communications - Copper,checklist,,,,,,SPARE 21,,,,,
Communications - Copper,checklist,,,,,,SPARE 22,,,,,
Communications - Copper,checklist,,,,,,SPARE 23,,,,,
Communications - Copper,checklist,,,,,,SPARE 24,,,,,
Communications - Copper,checklist,,,,,,SPARE 25,,,,,
Communications - Copper,checklist,,,,,,SPARE 26,,,,,
Communications - Copper,checklist,,,,,,SPARE 27,,,,,
Communications - Copper,checklist,,,,,,SPARE 28,,,,,
Communications - Copper,checklist,,,,,,SPARE 29,,,,,
Communications - Copper,checklist,,,,,,SPARE 30,,,,,
Communications - Copper,checklist,,,,,,SPARE 31,,,,,
Communications - Copper,checklist,,,,,,SPARE 32,,,,,
Communications - Copper,checklist,,,,,,SPARE 33,,,,,
,step,,,FLB,,,,,,,,
,step,,,,Rack: 4044.10-PPC-00001,,,,,,,
Communications - Cabinet,checklist,,,,,Cabinet ITC,,,,,,
,step,,,,,Patch Panel: 4044.10-PPT-00001,,,,,,
Communications - Copper,checklist,,,,,,4044.10-001,,,,,
Communications - Copper,checklist,,,,,,4044.10-002,,,,,
Communications - Copper,checklist,,,,,,4044.10-003,,,,,
Communications - Copper,checklist,,,,,,4044.10-004,,,,,
Communications - Copper,checklist,,,,,,4044.10-005,,,,,
Communications - Copper,checklist,,,,,,4044.10-006,,,,,
Communications - Copper,checklist,,,,,,4044.10-007,,,,,
Communications - Copper,checklist,,,,,,4044.10-008,,,,,
Communications - Copper,checklist,,,,,,4044.10-009,,,,,
Communications - Copper,checklist,,,,,,4044.10-010,,,,,
Communications - Copper,checklist,,,,,,4044.10-011,,,,,
Communications - Copper,checklist,,,,,,4044.10-012,,,,,
Communications - Copper,checklist,,,,,,4044.10-013,,,,,
Communications - Copper,checklist,,,,,,4044.10-014,,,,,
Communications - Copper,checklist,,,,,,4044.10-015,,,,,
Communications - Copper,checklist,,,,,,4044.10-016,,,,,
Communications - Copper,checklist,,,,,,4044.10-017,,,,,
Communications - Copper,checklist,,,,,,4044.10-018,,,,,
Communications - Copper,checklist,,,,,,4044.10-019,,,,,
Communications - Copper,checklist,,,,,,4044.10-020,,,,,
Communications - Copper,checklist,,,,,,4044.10-021,,,,,
Communications - Copper,checklist,,,,,,4044.10-022,,,,,
Communications - Copper,checklist,,,,,,4044.10-023,,,,,
Communications - Copper,checklist,,,,,,4044.10-024,,,,,
,step,,,,,Patch Panel: 4044.10-PPT-00002,,,,,,
Communications - Copper,checklist,,,,,,4044.10-025,,,,,
Communications - Copper,checklist,,,,,,4044.10-026,,,,,
Communications - Copper,checklist,,,,,,4044.10-027,,,,,
Communications - Copper,checklist,,,,,,4044.10-028,,,,,
Communications - Copper,checklist,,,,,,4044.10-029,,,,,
Communications - Copper,checklist,,,,,,4044.10-030,,,,,
Communications - Copper,checklist,,,,,,4044.10-031,,,,,
Communications - Copper,checklist,,,,,,4044.10-032,,,,,
Communications - Copper,checklist,,,,,,4044.10-033,,,,,
Communications - Copper,checklist,,,,,,4044.10-034,,,,,
Communications - Copper,checklist,,,,,,4044.10-035,,,,,
Communications - Copper,checklist,,,,,,4044.10-036,,,,,
Communications - Copper,checklist,,,,,,4044.10-037,,,,,
Communications - Copper,checklist,,,,,,4044.10-038,,,,,
Communications - Copper,checklist,,,,,,4044.10-039,,,,,
Communications - Copper,checklist,,,,,,4044.10-040,,,,,
Communications - Copper,checklist,,,,,,4044.10-041,,,,,
Communications - Copper,checklist,,,,,,4044.10-042,,,,,
Communications - Copper,checklist,,,,,,4044.10-043,,,,,
Communications - Copper,checklist,,,,,,4044.10-044,,,,,
Communications - Copper,checklist,,,,,,4044.10-045,,,,,
Communications - Copper,checklist,,,,,,4044.10-046,,,,,
Communications - Copper,checklist,,,,,,4044.10-047,,,,,
Communications - Copper,checklist,,,,,,4044.10-048,,,,,
,step,,,,,Patch Panel: 4044.10-PPT-00003,,,,,,
Communications - Copper,checklist,,,,,,4044.10-049,,,,,
Communications - Copper,checklist,,,,,,4044.10-050,,,,,
Communications - Copper,checklist,,,,,,4044.10-051,,,,,
Communications - Copper,checklist,,,,,,4044.10-052,,,,,
Communications - Copper,checklist,,,,,,4044.10-053,,,,,
Communications - Copper,checklist,,,,,,4044.10-054,,,,,
Communications - Copper,checklist,,,,,,4044.10-055,,,,,
Communications - Copper,checklist,,,,,,4044.10-056,,,,,
Communications - Copper,checklist,,,,,,4044.10-057,,,,,
Communications - Copper,checklist,,,,,,4044.10-058,,,,,
Communications - Copper,checklist,,,,,,4044.10-059,,,,,
Communications - Copper,checklist,,,,,,4044.10-060,,,,,
Communications - Copper,checklist,,,,,,4044.10-061,,,,,
Communications - Copper,checklist,,,,,,4044.10-062,,,,,
Communications - Copper,checklist,,,,,,4044.10-063,,,,,
Communications - Copper,checklist,,,,,,4044.10-064,,,,,
Communications - Copper,checklist,,,,,,4044.10-065,,,,,
Communications - Copper,checklist,,,,,,4044.10-066,,,,,
Communications - Copper,checklist,,,,,,4044.10-067,,,,,
Communications - Copper,checklist,,,,,,4044.10-068,,,,,
Communications - Copper,checklist,,,,,,4044.10-069,,,,,
Communications - Copper,checklist,,,,,,4044.10-070,,,,,
Communications - Copper,checklist,,,,,,4044.10-071,,,,,
Communications - Copper,checklist,,,,,,4044.10-072,,,,,
,step,,,,,Patch Panel: 4044.10-PPT-00004,,,,,,
Communications - Copper,checklist,,,,,,4044.10-073,,,,,
Communications - Copper,checklist,,,,,,4044.10-074,,,,,
Communications - Copper,checklist,,,,,,4044.10-075,,,,,
Communications - Copper,checklist,,,,,,4044.10-076,,,,,
Communications - Copper,checklist,,,,,,4044.10-077,,,,,
Communications - Copper,checklist,,,,,,4044.10-078,,,,,
Communications - Copper,checklist,,,,,,4044.10-079,,,,,
Communications - Copper,checklist,,,,,,4044.10-080,,,,,
Communications - Copper,checklist,,,,,,4044.10-081,,,,,
Communications - Copper,checklist,,,,,,4044.10-082,,,,,
Communications - Copper,checklist,,,,,,4044.10-083,,,,,
Communications - Copper,checklist,,,,,,4044.10-084,,,,,
Communications - Copper,checklist,,,,,,4044.10-085,,,,,
Communications - Copper,checklist,,,,,,4044.10-086,,,,,
Communications - Copper,checklist,,,,,,4044.10-087,,,,,
Communications - Copper,checklist,,,,,,4044.10-088,,,,,
Communications - Copper,checklist,,,,,,4044.10-089,,,,,
Communications - Copper,checklist,,,,,,4044.10-090,,,,,
Communications - Copper,checklist,,,,,,4044.10-091,,,,,
Communications - Copper,checklist,,,,,,4044.10-092,,,,,
Communications - Copper,checklist,,,,,,4044.10-093,,,,,
Communications - Copper,checklist,,,,,,4044.10-094,,,,,
Communications - Copper,checklist,,,,,,4044.10-095,,,,,
Communications - Copper,checklist,,,,,,4044.10-096,,,,,
,step,,,,,Patch Panel: 4044.10-PPT-00005,,,,,,
Communications - Copper,checklist,,,,,,4044.10-097,,,,,
Communications - Copper,checklist,,,,,,4044.10-098,,,,,
Communications - Copper,checklist,,,,,,4044.10-099,,,,,
Communications - Copper,checklist,,,,,,4044.10-100,,,,,
Communications - Copper,checklist,,,,,,4044.10-101,,,,,
Communications - Copper,checklist,,,,,,4044.10-102,,,,,
Communications - Copper,checklist,,,,,,4044.10-103,,,,,
Communications - Copper,checklist,,,,,,4044.10-104,,,,,
Communications - Copper,checklist,,,,,,SPARE 1,,,,,
Communications - Copper,checklist,,,,,,SPARE 2,,,,,
Communications - Copper,checklist,,,,,,SPARE 3,,,,,
Communications - Copper,checklist,,,,,,SPARE 4,,,,,
Communications - Copper,checklist,,,,,,SPARE 5,,,,,
Communications - Copper,checklist,,,,,,SPARE 6,,,,,
Communications - Copper,checklist,,,,,,SPARE 7,,,,,
Communications - Copper,checklist,,,,,,SPARE 8,,,,,
Communications - Copper,checklist,,,,,,SPARE 9,,,,,
Communications - Copper,checklist,,,,,,SPARE 10,,,,,
Communications - Copper,checklist,,,,,,SPARE 11,,,,,
Communications - Copper,checklist,,,,,,SPARE 12,,,,,
Communications - Copper,checklist,,,,,,SPARE 13,,,,,
Communications - Copper,checklist,,,,,,SPARE 14,,,,,
Communications - Copper,checklist,,,,,,SPARE 15,,,,,
Communications - Copper,checklist,,,,,,SPARE 16,,,,,
,step,,,,,Patch Panel: 4044.10-PPT-00006,,,,,,
Communications - Copper,checklist,,,,,,4044.10-2-001,,,,,
Communications - Copper,checklist,,,,,,4044.10-2-002,,,,,
Communications - Copper,checklist,,,,,,4044.10-2-003,,,,,
Communications - Copper,checklist,,,,,,4044.10-2-004,,,,,
Communications - Copper,checklist,,,,,,4044.10-2-005,,,,,
Communications - Copper,checklist,,,,,,4044.10-2-006,,,,,
Communications - Copper,checklist,,,,,,4044.10-2-007,,,,,
Communications - Copper,checklist,,,,,,4044.10-2-008,,,,,
Communications - Copper,checklist,,,,,,4044.10-2-009,,,,,
Communications - Copper,checklist,,,,,,4044.10-2-010,,,,,
Communications - Copper,checklist,,,,,,4044.10-2-011,,,,,
Communications - Copper,checklist,,,,,,4044.10-2-012,,,,,
Communications - Copper,checklist,,,,,,4044.10-2-013,,,,,
Communications - Copper,checklist,,,,,,4044.10-2-014,,,,,
Communications - Copper,checklist,,,,,,4044.10-2-015,,,,,
Communications - Copper,checklist,,,,,,4044.10-2-016,,,,,
Communications - Copper,checklist,,,,,,4044.10-2-017,,,,,
Communications - Copper,checklist,,,,,,4044.10-2-018,,,,,
Communications - Copper,checklist,,,,,,4044.10-2-019,,,,,
Communications - Copper,checklist,,,,,,4044.10-2-020,,,,,
Communications - Copper,checklist,,,,,,4044.10-2-021,,,,,
Communications - Copper,checklist,,,,,,4044.10-2-022,,,,,
Communications - Copper,checklist,,,,,,4044.10-2-023,,,,,
Communications - Copper,checklist,,,,,,4044.10-2-024,,,,,
,step,,,,,Patch Panel: 4044.10-PPT-00007,,,,,,
Communications - Copper,checklist,,,,,,4044.10-2-025,,,,,
Communications - Copper,checklist,,,,,,4044.10-2-026,,,,,
Communications - Copper,checklist,,,,,,4044.10-2-027,,,,,
Communications - Copper,checklist,,,,,,4044.10-2-028,,,,,
Communications - Copper,checklist,,,,,,4044.10-2-029,,,,,
Communications - Copper,checklist,,,,,,4044.10-2-030,,,,,
Communications - Copper,checklist,,,,,,4044.10-2-031,,,,,
Communications - Copper,checklist,,,,,,SPARE 1,,,,,
Communications - Copper,checklist,,,,,,SPARE 2,,,,,
Communications - Copper,checklist,,,,,,SPARE 3,,,,,
Communications - Copper,checklist,,,,,,SPARE 4,,,,,
Communications - Copper,checklist,,,,,,SPARE 5,,,,,
Communications - Copper,checklist,,,,,,SPARE 6,,,,,
Communications - Copper,checklist,,,,,,SPARE 7,,,,,
Communications - Copper,checklist,,,,,,SPARE 8,,,,,
Communications - Copper,checklist,,,,,,SPARE 9,,,,,
Communications - Copper,checklist,,,,,,SPARE 10,,,,,
Communications - Copper,checklist,,,,,,SPARE 11,,,,,
Communications - Copper,checklist,,,,,,SPARE 12,,,,,
Communications - Copper,checklist,,,,,,SPARE 13,,,,,
Communications - Copper,checklist,,,,,,SPARE 14,,,,,
Communications - Copper,checklist,,,,,,SPARE 15,,,,,
Communications - Copper,checklist,,,,,,SPARE 16,,,,,
Communications - Copper,checklist,,,,,,SPARE 17,,,,,
,step,,,,,Patch Panel: 4044.10-PPT-00008,,,,,,
Communications - Copper,checklist,,,,,,4044.10-3-001,,,,,
Communications - Copper,checklist,,,,,,4044.10-3-002,,,,,
Communications - Copper,checklist,,,,,,4044.10-3-003,,,,,
Communications - Copper,checklist,,,,,,4044.10-3-004,,,,,
Communications - Copper,checklist,,,,,,4044.10-3-005,,,,,
Communications - Copper,checklist,,,,,,SPARE 1,,,,,
Communications - Copper,checklist,,,,,,SPARE 2,,,,,
Communications - Copper,checklist,,,,,,SPARE 3,,,,,
Communications - Copper,checklist,,,,,,SPARE 4,,,,,
Communications - Copper,checklist,,,,,,SPARE 5,,,,,
Communications - Copper,checklist,,,,,,SPARE 6,,,,,
Communications - Copper,checklist,,,,,,SPARE 7,,,,,
Communications - Copper,checklist,,,,,,SPARE 8,,,,,
Communications - Copper,checklist,,,,,,SPARE 9,,,,,
Communications - Copper,checklist,,,,,,SPARE 10,,,,,
Communications - Copper,checklist,,,,,,SPARE 11,,,,,
Communications - Copper,checklist,,,,,,SPARE 12,,,,,
Communications - Copper,checklist,,,,,,SPARE 13,,,,,
Communications - Copper,checklist,,,,,,SPARE 14,,,,,
Communications - Copper,checklist,,,,,,SPARE 15,,,,,
Communications - Copper,checklist,,,,,,SPARE 16,,,,,
Communications - Copper,checklist,,,,,,SPARE 17,,,,,
Communications - Copper,checklist,,,,,,SPARE 18,,,,,
Communications - Copper,checklist,,,,,,SPARE 19,,,,,
,step,,,,Rack: 4044.13-PPC-00001,,,,,,,
Communications - Cabinet,checklist,,,,,Cabinet ITC,,,,,,
,step,,,,,Patch Panel: 4044.13-PPT-00001,,,,,,
Communications - Copper,checklist,,,,,,4044.13-001,,,,,
Communications - Copper,checklist,,,,,,4044.13-002,,,,,
Communications - Copper,checklist,,,,,,4044.13-003,,,,,
Communications - Copper,checklist,,,,,,4044.13-004,,,,,
Communications - Copper,checklist,,,,,,4044.13-005,,,,,
Communications - Copper,checklist,,,,,,4044.13-006,,,,,
Communications - Copper,checklist,,,,,,4044.13-007,,,,,
Communications - Copper,checklist,,,,,,4044.13-008,,,,,
Communications - Copper,checklist,,,,,,4044.13-009,,,,,
Communications - Copper,checklist,,,,,,4044.13-010,,,,,
Communications - Copper,checklist,,,,,,4044.13-011,,,,,
Communications - Copper,checklist,,,,,,4044.13-012,,,,,
Communications - Copper,checklist,,,,,,4044.13-013,,,,,
Communications - Copper,checklist,,,,,,4044.13-014,,,,,
Communications - Copper,checklist,,,,,,4044.13-015,,,,,
Communications - Copper,checklist,,,,,,4044.13-016,,,,,
Communications - Copper,checklist,,,,,,4044.13-017,,,,,
Communications - Copper,checklist,,,,,,4044.13-018,,,,,
Communications - Copper,checklist,,,,,,4044.13-019,,,,,
Communications - Copper,checklist,,,,,,4044.13-020,,,,,
Communications - Copper,checklist,,,,,,4044.13-021,,,,,
Communications - Copper,checklist,,,,,,4044.13-022,,,,,
Communications - Copper,checklist,,,,,,4044.13-023,,,,,
Communications - Copper,checklist,,,,,,4044.13-024,,,,,
,step,,,,,Patch Panel: 4044.13-PPT-00002,,,,,,
Communications - Copper,checklist,,,,,,4044.13-025,,,,,
Communications - Copper,checklist,,,,,,4044.13-026,,,,,
Communications - Copper,checklist,,,,,,4044.13-027,,,,,
Communications - Copper,checklist,,,,,,4044.13-028,,,,,
Communications - Copper,checklist,,,,,,4044.13-029,,,,,
Communications - Copper,checklist,,,,,,4044.13-030,,,,,
Communications - Copper,checklist,,,,,,4044.13-031,,,,,
Communications - Copper,checklist,,,,,,4044.13-032,,,,,
Communications - Copper,checklist,,,,,,4044.13-033,,,,,
Communications - Copper,checklist,,,,,,4044.13-034,,,,,
Communications - Copper,checklist,,,,,,4044.13-035,,,,,
Communications - Copper,checklist,,,,,,4044.13-036,,,,,
Communications - Copper,checklist,,,,,,4044.13-037,,,,,
Communications - Copper,checklist,,,,,,4044.13-038,,,,,
Communications - Copper,checklist,,,,,,4044.13-039,,,,,
Communications - Copper,checklist,,,,,,4044.13-040,,,,,
Communications - Copper,checklist,,,,,,4044.13-041,,,,,
Communications - Copper,checklist,,,,,,4044.13-042,,,,,
Communications - Copper,checklist,,,,,,4044.13-043,,,,,
Communications - Copper,checklist,,,,,,4044.13-044,,,,,
Communications - Copper,checklist,,,,,,4044.13-045,,,,,
Communications - Copper,checklist,,,,,,4044.13-046,,,,,
Communications - Copper,checklist,,,,,,4044.13-047,,,,,
Communications - Copper,checklist,,,,,,4044.13-048,,,,,
,step,,,,,Patch Panel: 4044.13-PPT-00003,,,,,,
Communications - Copper,checklist,,,,,,4044.13-049,,,,,
Communications - Copper,checklist,,,,,,4044.13-050,,,,,
Communications - Copper,checklist,,,,,,4044.13-051,,,,,
Communications - Copper,checklist,,,,,,4044.13-052,,,,,
Communications - Copper,checklist,,,,,,4044.13-053,,,,,
Communications - Copper,checklist,,,,,,4044.13-054,,,,,
Communications - Copper,checklist,,,,,,4044.13-055,,,,,
Communications - Copper,checklist,,,,,,4044.13-056,,,,,
Communications - Copper,checklist,,,,,,4044.13-057,,,,,
Communications - Copper,checklist,,,,,,4044.13-058,,,,,
Communications - Copper,checklist,,,,,,4044.13-059,,,,,
Communications - Copper,checklist,,,,,,4044.13-060,,,,,
Communications - Copper,checklist,,,,,,4044.13-061,,,,,
Communications - Copper,checklist,,,,,,4044.13-062,,,,,
Communications - Copper,checklist,,,,,,4044.13-063,,,,,
Communications - Copper,checklist,,,,,,4044.13-064,,,,,
Communications - Copper,checklist,,,,,,4044.13-065,,,,,
Communications - Copper,checklist,,,,,,4044.13-066,,,,,
Communications - Copper,checklist,,,,,,4044.13-067,,,,,
Communications - Copper,checklist,,,,,,4044.13-068,,,,,
Communications - Copper,checklist,,,,,,4044.13-069,,,,,
Communications - Copper,checklist,,,,,,4044.13-070,,,,,
Communications - Copper,checklist,,,,,,4044.13-071,,,,,
Communications - Copper,checklist,,,,,,4044.13-072,,,,,
,step,,,,,Patch Panel: 4044.13-PPT-00004,,,,,,
Communications - Copper,checklist,,,,,,4044.13-073,,,,,
Communications - Copper,checklist,,,,,,4044.13-074,,,,,
Communications - Copper,checklist,,,,,,4044.13-075,,,,,
Communications - Copper,checklist,,,,,,4044.13-076,,,,,
Communications - Copper,checklist,,,,,,4044.13-077,,,,,
Communications - Copper,checklist,,,,,,4044.13-078,,,,,
Communications - Copper,checklist,,,,,,4044.13-079,,,,,
Communications - Copper,checklist,,,,,,4044.13-080,,,,,
Communications - Copper,checklist,,,,,,4044.13-081,,,,,
Communications - Copper,checklist,,,,,,4044.13-082,,,,,
Communications - Copper,checklist,,,,,,4044.13-083,,,,,
Communications - Copper,checklist,,,,,,4044.13-084,,,,,
Communications - Copper,checklist,,,,,,4044.13-085,,,,,
Communications - Copper,checklist,,,,,,4044.13-086,,,,,
Communications - Copper,checklist,,,,,,4044.13-087,,,,,
Communications - Copper,checklist,,,,,,4044.13-088,,,,,
Communications - Copper,checklist,,,,,,4044.13-089,,,,,
Communications - Copper,checklist,,,,,,4044.13-090,,,,,
Communications - Copper,checklist,,,,,,4044.13-091,,,,,
Communications - Copper,checklist,,,,,,4044.13-092,,,,,
Communications - Copper,checklist,,,,,,4044.13-093,,,,,
Communications - Copper,checklist,,,,,,4044.13-094,,,,,
Communications - Copper,checklist,,,,,,4044.13-095,,,,,
Communications - Copper,checklist,,,,,,4044.13-096,,,,,
,step,,,,,Patch Panel: 4044.13-PPT-00005,,,,,,
Communications - Copper,checklist,,,,,,4044.13-097,,,,,
Communications - Copper,checklist,,,,,,4044.13-098,,,,,
Communications - Copper,checklist,,,,,,4044.13-099,,,,,
Communications - Copper,checklist,,,,,,4044.13-100,,,,,
Communications - Copper,checklist,,,,,,4044.13-101,,,,,
Communications - Copper,checklist,,,,,,4044.13-102,,,,,
Communications - Copper,checklist,,,,,,4044.13-103,,,,,
Communications - Copper,checklist,,,,,,4044.13-104,,,,,
Communications - Copper,checklist,,,,,,SPARE 1,,,,,
Communications - Copper,checklist,,,,,,SPARE 2,,,,,
Communications - Copper,checklist,,,,,,SPARE 3,,,,,
Communications - Copper,checklist,,,,,,SPARE 4,,,,,
Communications - Copper,checklist,,,,,,SPARE 5,,,,,
Communications - Copper,checklist,,,,,,SPARE 6,,,,,
Communications - Copper,checklist,,,,,,SPARE 7,,,,,
Communications - Copper,checklist,,,,,,SPARE 8,,,,,
Communications - Copper,checklist,,,,,,SPARE 9,,,,,
Communications - Copper,checklist,,,,,,SPARE 10,,,,,
Communications - Copper,checklist,,,,,,SPARE 11,,,,,
Communications - Copper,checklist,,,,,,SPARE 12,,,,,
Communications - Copper,checklist,,,,,,SPARE 13,,,,,
Communications - Copper,checklist,,,,,,SPARE 14,,,,,
Communications - Copper,checklist,,,,,,SPARE 15,,,,,
Communications - Copper,checklist,,,,,,SPARE 16,,,,,
,step,,,,,Patch Panel: 4044.13-PPT-00006,,,,,,
Communications - Copper,checklist,,,,,,4044.13-2-001,,,,,
Communications - Copper,checklist,,,,,,4044.13-2-002,,,,,
Communications - Copper,checklist,,,,,,4044.13-2-003,,,,,
Communications - Copper,checklist,,,,,,4044.13-2-004,,,,,
Communications - Copper,checklist,,,,,,4044.13-2-005,,,,,
Communications - Copper,checklist,,,,,,4044.13-2-006,,,,,
Communications - Copper,checklist,,,,,,4044.13-2-007,,,,,
Communications - Copper,checklist,,,,,,4044.13-2-008,,,,,
Communications - Copper,checklist,,,,,,4044.13-2-009,,,,,
Communications - Copper,checklist,,,,,,4044.13-2-010,,,,,
Communications - Copper,checklist,,,,,,4044.13-2-011,,,,,
Communications - Copper,checklist,,,,,,4044.13-2-012,,,,,
Communications - Copper,checklist,,,,,,4044.13-2-013,,,,,
Communications - Copper,checklist,,,,,,4044.13-2-014,,,,,
Communications - Copper,checklist,,,,,,4044.13-2-015,,,,,
Communications - Copper,checklist,,,,,,4044.13-2-016,,,,,
Communications - Copper,checklist,,,,,,4044.13-2-017,,,,,
Communications - Copper,checklist,,,,,,4044.13-2-018,,,,,
Communications - Copper,checklist,,,,,,4044.13-2-019,,,,,
Communications - Copper,checklist,,,,,,4044.13-2-020,,,,,
Communications - Copper,checklist,,,,,,4044.13-2-021,,,,,
Communications - Copper,checklist,,,,,,4044.13-2-022,,,,,
Communications - Copper,checklist,,,,,,4044.13-2-023,,,,,
Communications - Copper,checklist,,,,,,4044.13-2-024,,,,,
,step,,,,,Patch Panel: 4044.13-PPT-00007,,,,,,
Communications - Copper,checklist,,,,,,4044.13-2-025,,,,,
Communications - Copper,checklist,,,,,,4044.13-2-026,,,,,
Communications - Copper,checklist,,,,,,4044.13-2-027,,,,,
Communications - Copper,checklist,,,,,,4044.13-2-028,,,,,
Communications - Copper,checklist,,,,,,4044.13-2-029,,,,,
Communications - Copper,checklist,,,,,,4044.13-2-030,,,,,
Communications - Copper,checklist,,,,,,4044.13-2-031,,,,,
Communications - Copper,checklist,,,,,,SPARE 1,,,,,
Communications - Copper,checklist,,,,,,SPARE 2,,,,,
Communications - Copper,checklist,,,,,,SPARE 3,,,,,
Communications - Copper,checklist,,,,,,SPARE 4,,,,,
Communications - Copper,checklist,,,,,,SPARE 5,,,,,
Communications - Copper,checklist,,,,,,SPARE 6,,,,,
Communications - Copper,checklist,,,,,,SPARE 7,,,,,
Communications - Copper,checklist,,,,,,SPARE 8,,,,,
Communications - Copper,checklist,,,,,,SPARE 9,,,,,
Communications - Copper,checklist,,,,,,SPARE 10,,,,,
Communications - Copper,checklist,,,,,,SPARE 11,,,,,
Communications - Copper,checklist,,,,,,SPARE 12,,,,,
Communications - Copper,checklist,,,,,,SPARE 13,,,,,
Communications - Copper,checklist,,,,,,SPARE 14,,,,,
Communications - Copper,checklist,,,,,,SPARE 15,,,,,
Communications - Copper,checklist,,,,,,SPARE 16,,,,,
Communications - Copper,checklist,,,,,,SPARE 17,,,,,
,step,,,,,Patch Panel: 4044.13-PPT-00008,,,,,,
Communications - Copper,checklist,,,,,,4044.13-3-001,,,,,
Communications - Copper,checklist,,,,,,4044.13-3-002,,,,,
Communications - Copper,checklist,,,,,,4044.13-3-003,,,,,
Communications - Copper,checklist,,,,,,4044.13-3-004,,,,,
Communications - Copper,checklist,,,,,,4044.13-3-005,,,,,
Communications - Copper,checklist,,,,,,SPARE 1,,,,,
Communications - Copper,checklist,,,,,,SPARE 2,,,,,
Communications - Copper,checklist,,,,,,SPARE 3,,,,,
Communications - Copper,checklist,,,,,,SPARE 4,,,,,
Communications - Copper,checklist,,,,,,SPARE 5,,,,,
Communications - Copper,checklist,,,,,,SPARE 6,,,,,
Communications - Copper,checklist,,,,,,SPARE 7,,,,,
Communications - Copper,checklist,,,,,,SPARE 8,,,,,
Communications - Copper,checklist,,,,,,SPARE 9,,,,,
Communications - Copper,checklist,,,,,,SPARE 10,,,,,
Communications - Copper,checklist,,,,,,SPARE 11,,,,,
Communications - Copper,checklist,,,,,,SPARE 12,,,,,
Communications - Copper,checklist,,,,,,SPARE 13,,,,,
Communications - Copper,checklist,,,,,,SPARE 14,,,,,
Communications - Copper,checklist,,,,,,SPARE 15,,,,,
Communications - Copper,checklist,,,,,,SPARE 16,,,,,
Communications - Copper,checklist,,,,,,SPARE 17,,,,,
Communications - Copper,checklist,,,,,,SPARE 18,,,,,
Communications - Copper,checklist,,,,,,SPARE 19,,,,,
,step,,,,Rack: 4044.11-PPC-00001,,,,,,,
Communications - Cabinet,checklist,,,,,Cabinet ITC,,,,,,
,step,,,,,Patch Panel: 4044.11-PPT-00001,,,,,,
Communications - Copper,checklist,,,,,,4044.11-001,,,,,
Communications - Copper,checklist,,,,,,4044.11-002,,,,,
Communications - Copper,checklist,,,,,,4044.11-003,,,,,
Communications - Copper,checklist,,,,,,4044.11-004,,,,,
Communications - Copper,checklist,,,,,,4044.11-005,,,,,
Communications - Copper,checklist,,,,,,4044.11-006,,,,,
Communications - Copper,checklist,,,,,,4044.11-007,,,,,
Communications - Copper,checklist,,,,,,4044.11-008,,,,,
Communications - Copper,checklist,,,,,,4044.11-009,,,,,
Communications - Copper,checklist,,,,,,4044.11-010,,,,,
Communications - Copper,checklist,,,,,,4044.11-011,,,,,
Communications - Copper,checklist,,,,,,4044.11-012,,,,,
Communications - Copper,checklist,,,,,,4044.11-013,,,,,
Communications - Copper,checklist,,,,,,4044.11-014,,,,,
Communications - Copper,checklist,,,,,,4044.11-015,,,,,
Communications - Copper,checklist,,,,,,4044.11-016,,,,,
Communications - Copper,checklist,,,,,,4044.11-017,,,,,
Communications - Copper,checklist,,,,,,4044.11-018,,,,,
Communications - Copper,checklist,,,,,,4044.11-019,,,,,
Communications - Copper,checklist,,,,,,4044.11-020,,,,,
Communications - Copper,checklist,,,,,,4044.11-021,,,,,
Communications - Copper,checklist,,,,,,4044.11-022,,,,,
Communications - Copper,checklist,,,,,,4044.11-023,,,,,
Communications - Copper,checklist,,,,,,4044.11-024,,,,,
,step,,,,,Patch Panel: 4044.11-PPT-00002,,,,,,
Communications - Copper,checklist,,,,,,4044.11-025,,,,,
Communications - Copper,checklist,,,,,,4044.11-026,,,,,
Communications - Copper,checklist,,,,,,4044.11-027,,,,,
Communications - Copper,checklist,,,,,,4044.11-028,,,,,
Communications - Copper,checklist,,,,,,4044.11-029,,,,,
Communications - Copper,checklist,,,,,,4044.11-030,,,,,
Communications - Copper,checklist,,,,,,4044.11-031,,,,,
Communications - Copper,checklist,,,,,,4044.11-032,,,,,
Communications - Copper,checklist,,,,,,4044.11-033,,,,,
Communications - Copper,checklist,,,,,,4044.11-034,,,,,
Communications - Copper,checklist,,,,,,4044.11-035,,,,,
Communications - Copper,checklist,,,,,,4044.11-036,,,,,
Communications - Copper,checklist,,,,,,4044.11-037,,,,,
Communications - Copper,checklist,,,,,,4044.11-038,,,,,
Communications - Copper,checklist,,,,,,4044.11-039,,,,,
Communications - Copper,checklist,,,,,,4044.11-040,,,,,
Communications - Copper,checklist,,,,,,4044.11-041,,,,,
Communications - Copper,checklist,,,,,,4044.11-042,,,,,
Communications - Copper,checklist,,,,,,4044.11-043,,,,,
Communications - Copper,checklist,,,,,,4044.11-044,,,,,
Communications - Copper,checklist,,,,,,4044.11-045,,,,,
Communications - Copper,checklist,,,,,,4044.11-046,,,,,
Communications - Copper,checklist,,,,,,4044.11-047,,,,,
Communications - Copper,checklist,,,,,,4044.11-048,,,,,
,step,,,,,Patch Panel: 4044.11-PPT-00003,,,,,,
Communications - Copper,checklist,,,,,,4044.11-049,,,,,
Communications - Copper,checklist,,,,,,4044.11-050,,,,,
Communications - Copper,checklist,,,,,,4044.11-051,,,,,
Communications - Copper,checklist,,,,,,4044.11-052,,,,,
Communications - Copper,checklist,,,,,,4044.11-053,,,,,
Communications - Copper,checklist,,,,,,4044.11-054,,,,,
Communications - Copper,checklist,,,,,,4044.11-055,,,,,
Communications - Copper,checklist,,,,,,4044.11-056,,,,,
Communications - Copper,checklist,,,,,,4044.11-057,,,,,
Communications - Copper,checklist,,,,,,4044.11-058,,,,,
Communications - Copper,checklist,,,,,,4044.11-059,,,,,
Communications - Copper,checklist,,,,,,4044.11-060,,,,,
Communications - Copper,checklist,,,,,,4044.11-061,,,,,
Communications - Copper,checklist,,,,,,4044.11-062,,,,,
Communications - Copper,checklist,,,,,,4044.11-063,,,,,
Communications - Copper,checklist,,,,,,4044.11-064,,,,,
Communications - Copper,checklist,,,,,,4044.11-065,,,,,
Communications - Copper,checklist,,,,,,4044.11-066,,,,,
Communications - Copper,checklist,,,,,,4044.11-067,,,,,
Communications - Copper,checklist,,,,,,4044.11-068,,,,,
Communications - Copper,checklist,,,,,,4044.11-069,,,,,
Communications - Copper,checklist,,,,,,4044.11-070,,,,,
Communications - Copper,checklist,,,,,,4044.11-071,,,,,
Communications - Copper,checklist,,,,,,4044.11-072,,,,,
,step,,,,,Patch Panel: 4044.11-PPT-00004,,,,,,
Communications - Copper,checklist,,,,,,4044.11-073,,,,,
Communications - Copper,checklist,,,,,,4044.11-074,,,,,
Communications - Copper,checklist,,,,,,4044.11-075,,,,,
Communications - Copper,checklist,,,,,,4044.11-076,,,,,
Communications - Copper,checklist,,,,,,4044.11-077,,,,,
Communications - Copper,checklist,,,,,,4044.11-078,,,,,
Communications - Copper,checklist,,,,,,4044.11-079,,,,,
Communications - Copper,checklist,,,,,,4044.11-080,,,,,
Communications - Copper,checklist,,,,,,4044.11-081,,,,,
Communications - Copper,checklist,,,,,,4044.11-082,,,,,
Communications - Copper,checklist,,,,,,4044.11-083,,,,,
Communications - Copper,checklist,,,,,,4044.11-084,,,,,
Communications - Copper,checklist,,,,,,4044.11-085,,,,,
Communications - Copper,checklist,,,,,,4044.11-086,,,,,
Communications - Copper,checklist,,,,,,4044.11-087,,,,,
Communications - Copper,checklist,,,,,,4044.11-088,,,,,
Communications - Copper,checklist,,,,,,4044.11-089,,,,,
Communications - Copper,checklist,,,,,,4044.11-090,,,,,
Communications - Copper,checklist,,,,,,4044.11-091,,,,,
Communications - Copper,checklist,,,,,,4044.11-092,,,,,
Communications - Copper,checklist,,,,,,4044.11-093,,,,,
Communications - Copper,checklist,,,,,,4044.11-094,,,,,
Communications - Copper,checklist,,,,,,4044.11-095,,,,,
Communications - Copper,checklist,,,,,,4044.11-096,,,,,
,step,,,,,Patch Panel: 4044.11-PPT-00005,,,,,,
Communications - Copper,checklist,,,,,,4044.11-097,,,,,
Communications - Copper,checklist,,,,,,4044.11-098,,,,,
Communications - Copper,checklist,,,,,,4044.11-099,,,,,
Communications - Copper,checklist,,,,,,4044.11-100,,,,,
Communications - Copper,checklist,,,,,,4044.11-101,,,,,
Communications - Copper,checklist,,,,,,4044.11-102,,,,,
Communications - Copper,checklist,,,,,,4044.11-103,,,,,
Communications - Copper,checklist,,,,,,4044.11-104,,,,,
Communications - Copper,checklist,,,,,,SPARE 1,,,,,
Communications - Copper,checklist,,,,,,SPARE 2,,,,,
Communications - Copper,checklist,,,,,,SPARE 3,,,,,
Communications - Copper,checklist,,,,,,SPARE 4,,,,,
Communications - Copper,checklist,,,,,,SPARE 5,,,,,
Communications - Copper,checklist,,,,,,SPARE 6,,,,,
Communications - Copper,checklist,,,,,,SPARE 7,,,,,
Communications - Copper,checklist,,,,,,SPARE 8,,,,,
Communications - Copper,checklist,,,,,,SPARE 9,,,,,
Communications - Copper,checklist,,,,,,SPARE 10,,,,,
Communications - Copper,checklist,,,,,,SPARE 11,,,,,
Communications - Copper,checklist,,,,,,SPARE 12,,,,,
Communications - Copper,checklist,,,,,,SPARE 13,,,,,
Communications - Copper,checklist,,,,,,SPARE 14,,,,,
Communications - Copper,checklist,,,,,,SPARE 15,,,,,
Communications - Copper,checklist,,,,,,SPARE 16,,,,,
,step,,,,,Patch Panel: 4044.11-PPT-00006,,,,,,
Communications - Copper,checklist,,,,,,4044.11-2-001,,,,,
Communications - Copper,checklist,,,,,,4044.11-2-002,,,,,
Communications - Copper,checklist,,,,,,4044.11-2-003,,,,,
Communications - Copper,checklist,,,,,,4044.11-2-004,,,,,
Communications - Copper,checklist,,,,,,4044.11-2-005,,,,,
Communications - Copper,checklist,,,,,,4044.11-2-006,,,,,
Communications - Copper,checklist,,,,,,4044.11-2-007,,,,,
Communications - Copper,checklist,,,,,,4044.11-2-008,,,,,
Communications - Copper,checklist,,,,,,4044.11-2-009,,,,,
Communications - Copper,checklist,,,,,,4044.11-2-010,,,,,
Communications - Copper,checklist,,,,,,4044.11-2-011,,,,,
Communications - Copper,checklist,,,,,,4044.11-2-012,,,,,
Communications - Copper,checklist,,,,,,4044.11-2-013,,,,,
Communications - Copper,checklist,,,,,,4044.11-2-014,,,,,
Communications - Copper,checklist,,,,,,4044.11-2-015,,,,,
Communications - Copper,checklist,,,,,,4044.11-2-016,,,,,
Communications - Copper,checklist,,,,,,4044.11-2-017,,,,,
Communications - Copper,checklist,,,,,,4044.11-2-018,,,,,
Communications - Copper,checklist,,,,,,4044.11-2-019,,,,,
Communications - Copper,checklist,,,,,,4044.11-2-020,,,,,
Communications - Copper,checklist,,,,,,4044.11-2-021,,,,,
Communications - Copper,checklist,,,,,,4044.11-2-022,,,,,
Communications - Copper,checklist,,,,,,4044.11-2-023,,,,,
Communications - Copper,checklist,,,,,,4044.11-2-024,,,,,
,step,,,,,Patch Panel: 4044.11-PPT-00007,,,,,,
Communications - Copper,checklist,,,,,,4044.11-2-025,,,,,
Communications - Copper,checklist,,,,,,4044.11-2-026,,,,,
Communications - Copper,checklist,,,,,,4044.11-2-027,,,,,
Communications - Copper,checklist,,,,,,4044.11-2-028,,,,,
Communications - Copper,checklist,,,,,,4044.11-2-029,,,,,
Communications - Copper,checklist,,,,,,4044.11-2-030,,,,,
Communications - Copper,checklist,,,,,,4044.11-2-031,,,,,
Communications - Copper,checklist,,,,,,SPARE 1,,,,,
Communications - Copper,checklist,,,,,,SPARE 2,,,,,
Communications - Copper,checklist,,,,,,SPARE 3,,,,,
Communications - Copper,checklist,,,,,,SPARE 4,,,,,
Communications - Copper,checklist,,,,,,SPARE 5,,,,,
Communications - Copper,checklist,,,,,,SPARE 6,,,,,
Communications - Copper,checklist,,,,,,SPARE 7,,,,,
Communications - Copper,checklist,,,,,,SPARE 8,,,,,
Communications - Copper,checklist,,,,,,SPARE 9,,,,,
Communications - Copper,checklist,,,,,,SPARE 10,,,,,
Communications - Copper,checklist,,,,,,SPARE 11,,,,,
Communications - Copper,checklist,,,,,,SPARE 12,,,,,
Communications - Copper,checklist,,,,,,SPARE 13,,,,,
Communications - Copper,checklist,,,,,,SPARE 14,,,,,
Communications - Copper,checklist,,,,,,SPARE 15,,,,,
Communications - Copper,checklist,,,,,,SPARE 16,,,,,
Communications - Copper,checklist,,,,,,SPARE 17,,,,,
,step,,,,,Patch Panel: 4044.11-PPT-00008,,,,,,
Communications - Copper,checklist,,,,,,4044.11-3-001,,,,,
Communications - Copper,checklist,,,,,,4044.11-3-002,,,,,
Communications - Copper,checklist,,,,,,4044.11-3-003,,,,,
Communications - Copper,checklist,,,,,,4044.11-3-004,,,,,
Communications - Copper,checklist,,,,,,4044.11-3-005,,,,,
Communications - Copper,checklist,,,,,,SPARE 1,,,,,
Communications - Copper,checklist,,,,,,SPARE 2,,,,,
Communications - Copper,checklist,,,,,,SPARE 3,,,,,
Communications - Copper,checklist,,,,,,SPARE 4,,,,,
Communications - Copper,checklist,,,,,,SPARE 5,,,,,
Communications - Copper,checklist,,,,,,SPARE 6,,,,,
Communications - Copper,checklist,,,,,,SPARE 7,,,,,
Communications - Copper,checklist,,,,,,SPARE 8,,,,,
Communications - Copper,checklist,,,,,,SPARE 9,,,,,
Communications - Copper,checklist,,,,,,SPARE 10,,,,,
Communications - Copper,checklist,,,,,,SPARE 11,,,,,
Communications - Copper,checklist,,,,,,SPARE 12,,,,,
Communications - Copper,checklist,,,,,,SPARE 13,,,,,
Communications - Copper,checklist,,,,,,SPARE 14,,,,,
Communications - Copper,checklist,,,,,,SPARE 15,,,,,
Communications - Copper,checklist,,,,,,SPARE 16,,,,,
Communications - Copper,checklist,,,,,,SPARE 17,,,,,
Communications - Copper,checklist,,,,,,SPARE 18,,,,,
Communications - Copper,checklist,,,,,,SPARE 19,,,,,
,step,,,,Rack: 4044.12-PPC-00001,,,,,,,
Communications - Cabinet,checklist,,,,,Cabinet ITC,,,,,,
,step,,,,,Patch Panel: 4044.12-PPT-00001,,,,,,
Communications - Copper,checklist,,,,,,4044.12-001,,,,,
Communications - Copper,checklist,,,,,,4044.12-002,,,,,
Communications - Copper,checklist,,,,,,4044.12-003,,,,,
Communications - Copper,checklist,,,,,,4044.12-004,,,,,
Communications - Copper,checklist,,,,,,4044.12-005,,,,,
Communications - Copper,checklist,,,,,,4044.12-006,,,,,
Communications - Copper,checklist,,,,,,4044.12-007,,,,,
Communications - Copper,checklist,,,,,,4044.12-008,,,,,
Communications - Copper,checklist,,,,,,4044.12-009,,,,,
Communications - Copper,checklist,,,,,,4044.12-010,,,,,
Communications - Copper,checklist,,,,,,4044.12-011,,,,,
Communications - Copper,checklist,,,,,,4044.12-012,,,,,
Communications - Copper,checklist,,,,,,4044.12-013,,,,,
Communications - Copper,checklist,,,,,,4044.12-014,,,,,
Communications - Copper,checklist,,,,,,4044.12-015,,,,,
Communications - Copper,checklist,,,,,,4044.12-016,,,,,
Communications - Copper,checklist,,,,,,4044.12-017,,,,,
Communications - Copper,checklist,,,,,,4044.12-018,,,,,
Communications - Copper,checklist,,,,,,4044.12-019,,,,,
Communications - Copper,checklist,,,,,,4044.12-020,,,,,
Communications - Copper,checklist,,,,,,4044.12-021,,,,,
Communications - Copper,checklist,,,,,,4044.12-022,,,,,
Communications - Copper,checklist,,,,,,4044.12-023,,,,,
Communications - Copper,checklist,,,,,,4044.12-024,,,,,
,step,,,,,Patch Panel: 4044.12-PPT-00002,,,,,,
Communications - Copper,checklist,,,,,,4044.12-025,,,,,
Communications - Copper,checklist,,,,,,4044.12-026,,,,,
Communications - Copper,checklist,,,,,,4044.12-027,,,,,
Communications - Copper,checklist,,,,,,4044.12-028,,,,,
Communications - Copper,checklist,,,,,,4044.12-029,,,,,
Communications - Copper,checklist,,,,,,4044.12-030,,,,,
Communications - Copper,checklist,,,,,,4044.12-031,,,,,
Communications - Copper,checklist,,,,,,4044.12-032,,,,,
Communications - Copper,checklist,,,,,,4044.12-033,,,,,
Communications - Copper,checklist,,,,,,4044.12-034,,,,,
Communications - Copper,checklist,,,,,,4044.12-035,,,,,
Communications - Copper,checklist,,,,,,4044.12-036,,,,,
Communications - Copper,checklist,,,,,,4044.12-037,,,,,
Communications - Copper,checklist,,,,,,4044.12-038,,,,,
Communications - Copper,checklist,,,,,,4044.12-039,,,,,
Communications - Copper,checklist,,,,,,4044.12-040,,,,,
Communications - Copper,checklist,,,,,,4044.12-041,,,,,
Communications - Copper,checklist,,,,,,4044.12-042,,,,,
Communications - Copper,checklist,,,,,,4044.12-043,,,,,
Communications - Copper,checklist,,,,,,4044.12-044,,,,,
Communications - Copper,checklist,,,,,,4044.12-045,,,,,
Communications - Copper,checklist,,,,,,4044.12-046,,,,,
Communications - Copper,checklist,,,,,,4044.12-047,,,,,
Communications - Copper,checklist,,,,,,4044.12-048,,,,,
,step,,,,,Patch Panel: 4044.12-PPT-00003,,,,,,
Communications - Copper,checklist,,,,,,4044.12-049,,,,,
Communications - Copper,checklist,,,,,,4044.12-050,,,,,
Communications - Copper,checklist,,,,,,4044.12-051,,,,,
Communications - Copper,checklist,,,,,,4044.12-052,,,,,
Communications - Copper,checklist,,,,,,4044.12-053,,,,,
Communications - Copper,checklist,,,,,,4044.12-054,,,,,
Communications - Copper,checklist,,,,,,4044.12-055,,,,,
Communications - Copper,checklist,,,,,,4044.12-056,,,,,
Communications - Copper,checklist,,,,,,4044.12-057,,,,,
Communications - Copper,checklist,,,,,,4044.12-058,,,,,
Communications - Copper,checklist,,,,,,4044.12-059,,,,,
Communications - Copper,checklist,,,,,,4044.12-060,,,,,
Communications - Copper,checklist,,,,,,4044.12-061,,,,,
Communications - Copper,checklist,,,,,,4044.12-062,,,,,
Communications - Copper,checklist,,,,,,4044.12-063,,,,,
Communications - Copper,checklist,,,,,,4044.12-064,,,,,
Communications - Copper,checklist,,,,,,4044.12-065,,,,,
Communications - Copper,checklist,,,,,,4044.12-066,,,,,
Communications - Copper,checklist,,,,,,4044.12-067,,,,,
Communications - Copper,checklist,,,,,,4044.12-068,,,,,
Communications - Copper,checklist,,,,,,4044.12-069,,,,,
Communications - Copper,checklist,,,,,,4044.12-070,,,,,
Communications - Copper,checklist,,,,,,4044.12-071,,,,,
Communications - Copper,checklist,,,,,,4044.12-072,,,,,
,step,,,,,Patch Panel: 4044.12-PPT-00004,,,,,,
Communications - Copper,checklist,,,,,,4044.12-073,,,,,
Communications - Copper,checklist,,,,,,4044.12-074,,,,,
Communications - Copper,checklist,,,,,,4044.12-075,,,,,
Communications - Copper,checklist,,,,,,4044.12-076,,,,,
Communications - Copper,checklist,,,,,,4044.12-077,,,,,
Communications - Copper,checklist,,,,,,4044.12-078,,,,,
Communications - Copper,checklist,,,,,,4044.12-079,,,,,
Communications - Copper,checklist,,,,,,4044.12-080,,,,,
Communications - Copper,checklist,,,,,,4044.12-081,,,,,
Communications - Copper,checklist,,,,,,4044.12-082,,,,,
Communications - Copper,checklist,,,,,,4044.12-083,,,,,
Communications - Copper,checklist,,,,,,4044.12-084,,,,,
Communications - Copper,checklist,,,,,,4044.12-085,,,,,
Communications - Copper,checklist,,,,,,4044.12-086,,,,,
Communications - Copper,checklist,,,,,,4044.12-087,,,,,
Communications - Copper,checklist,,,,,,4044.12-088,,,,,
Communications - Copper,checklist,,,,,,4044.12-089,,,,,
Communications - Copper,checklist,,,,,,4044.12-090,,,,,
Communications - Copper,checklist,,,,,,4044.12-091,,,,,
Communications - Copper,checklist,,,,,,4044.12-092,,,,,
Communications - Copper,checklist,,,,,,4044.12-093,,,,,
Communications - Copper,checklist,,,,,,4044.12-094,,,,,
Communications - Copper,checklist,,,,,,4044.12-095,,,,,
Communications - Copper,checklist,,,,,,4044.12-096,,,,,
,step,,,,,Patch Panel: 4044.12-PPT-00005,,,,,,
Communications - Copper,checklist,,,,,,4044.12-097,,,,,
Communications - Copper,checklist,,,,,,4044.12-098,,,,,
Communications - Copper,checklist,,,,,,4044.12-099,,,,,
Communications - Copper,checklist,,,,,,4044.12-100,,,,,
Communications - Copper,checklist,,,,,,4044.12-101,,,,,
Communications - Copper,checklist,,,,,,4044.12-102,,,,,
Communications - Copper,checklist,,,,,,4044.12-103,,,,,
Communications - Copper,checklist,,,,,,4044.12-104,,,,,
Communications - Copper,checklist,,,,,,4044.12-105,,,,,
Communications - Copper,checklist,,,,,,4044.12-106,,,,,
Communications - Copper,checklist,,,,,,4044.12-107,,,,,
Communications - Copper,checklist,,,,,,4044.12-108,,,,,
Communications - Copper,checklist,,,,,,4044.12-109,,,,,
Communications - Copper,checklist,,,,,,4044.12-110,,,,,
Communications - Copper,checklist,,,,,,4044.12-111,,,,,
Communications - Copper,checklist,,,,,,4044.12-112,,,,,
Communications - Copper,checklist,,,,,,4044.12-113,,,,,
Communications - Copper,checklist,,,,,,4044.12-114,,,,,
Communications - Copper,checklist,,,,,,4044.12-115,,,,,
Communications - Copper,checklist,,,,,,4044.12-116,,,,,
Communications - Copper,checklist,,,,,,4044.12-117,,,,,
Communications - Copper,checklist,,,,,,4044.12-118,,,,,
Communications - Copper,checklist,,,,,,SPARE 1,,,,,
Communications - Copper,checklist,,,,,,SPARE 2,,,,,
,step,,,,,Patch Panel: 4044.12-PPT-00006,,,,,,
Communications - Copper,checklist,,,,,,4044.12-2-001,,,,,
Communications - Copper,checklist,,,,,,4044.12-2-002,,,,,
Communications - Copper,checklist,,,,,,4044.12-2-003,,,,,
Communications - Copper,checklist,,,,,,4044.12-2-004,,,,,
Communications - Copper,checklist,,,,,,4044.12-2-005,,,,,
Communications - Copper,checklist,,,,,,4044.12-2-006,,,,,
Communications - Copper,checklist,,,,,,4044.12-2-007,,,,,
Communications - Copper,checklist,,,,,,4044.12-2-008,,,,,
Communications - Copper,checklist,,,,,,4044.12-2-009,,,,,
Communications - Copper,checklist,,,,,,4044.12-2-010,,,,,
Communications - Copper,checklist,,,,,,4044.12-2-011,,,,,
Communications - Copper,checklist,,,,,,4044.12-2-012,,,,,
Communications - Copper,checklist,,,,,,4044.12-2-013,,,,,
Communications - Copper,checklist,,,,,,4044.12-2-014,,,,,
Communications - Copper,checklist,,,,,,4044.12-2-015,,,,,
Communications - Copper,checklist,,,,,,4044.12-2-016,,,,,
Communications - Copper,checklist,,,,,,4044.12-2-017,,,,,
Communications - Copper,checklist,,,,,,4044.12-2-018,,,,,
Communications - Copper,checklist,,,,,,4044.12-2-019,,,,,
Communications - Copper,checklist,,,,,,4044.12-2-020,,,,,
Communications - Copper,checklist,,,,,,4044.12-2-021,,,,,
Communications - Copper,checklist,,,,,,4044.12-2-022,,,,,
Communications - Copper,checklist,,,,,,4044.12-2-023,,,,,
Communications - Copper,checklist,,,,,,4044.12-2-024,,,,,
,step,,,,,Patch Panel: 4044.12-PPT-00007,,,,,,
Communications - Copper,checklist,,,,,,4044.12-2-025,,,,,
Communications - Copper,checklist,,,,,,4044.12-2-026,,,,,
Communications - Copper,checklist,,,,,,4044.12-2-027,,,,,
Communications - Copper,checklist,,,,,,4044.12-2-028,,,,,
Communications - Copper,checklist,,,,,,4044.12-2-029,,,,,
Communications - Copper,checklist,,,,,,4044.12-2-030,,,,,
Communications - Copper,checklist,,,,,,4044.12-2-031,,,,,
Communications - Copper,checklist,,,,,,4044.12-2-032,,,,,
Communications - Copper,checklist,,,,,,4044.12-2-033,,,,,
Communications - Copper,checklist,,,,,,4044.12-2-034,,,,,
Communications - Copper,checklist,,,,,,4044.12-2-035,,,,,
Communications - Copper,checklist,,,,,,4044.12-2-036,,,,,
Communications - Copper,checklist,,,,,,4044.12-2-037,,,,,
Communications - Copper,checklist,,,,,,4044.12-2-038,,,,,
Communications - Copper,checklist,,,,,,4044.12-2-039,,,,,
Communications - Copper,checklist,,,,,,SPARE 1,,,,,
Communications - Copper,checklist,,,,,,SPARE 2,,,,,
Communications - Copper,checklist,,,,,,SPARE 3,,,,,
Communications - Copper,checklist,,,,,,SPARE 4,,,,,
Communications - Copper,checklist,,,,,,SPARE 5,,,,,
Communications - Copper,checklist,,,,,,SPARE 6,,,,,
Communications - Copper,checklist,,,,,,SPARE 7,,,,,
Communications - Copper,checklist,,,,,,SPARE 8,,,,,
Communications - Copper,checklist,,,,,,SPARE 9,,,,,
,step,,,,,Patch Panel: 4044.12-PPT-00008,,,,,,
Communications - Copper,checklist,,,,,,4044.12-3-001,,,,,
Communications - Copper,checklist,,,,,,4044.12-3-002,,,,,
Communications - Copper,checklist,,,,,,4044.12-3-003,,,,,
Communications - Copper,checklist,,,,,,4044.12-3-004,,,,,
Communications - Copper,checklist,,,,,,4044.12-3-005,,,,,
Communications - Copper,checklist,,,,,,4044.12-3-006,,,,,
Communications - Copper,checklist,,,,,,4044.12-3-007,,,,,
Communications - Copper,checklist,,,,,,4044.12-3-008,,,,,
Communications - Copper,checklist,,,,,,4044.12-3-009,,,,,
Communications - Copper,checklist,,,,,,4044.12-3-010,,,,,
Communications - Copper,checklist,,,,,,SPARE 1,,,,,
Communications - Copper,checklist,,,,,,SPARE 2,,,,,
Communications - Copper,checklist,,,,,,SPARE 3,,,,,
Communications - Copper,checklist,,,,,,SPARE 4,,,,,
Communications - Copper,checklist,,,,,,SPARE 5,,,,,
Communications - Copper,checklist,,,,,,SPARE 6,,,,,
Communications - Copper,checklist,,,,,,SPARE 7,,,,,
Communications - Copper,checklist,,,,,,SPARE 8,,,,,
Communications - Copper,checklist,,,,,,SPARE 9,,,,,
Communications - Copper,checklist,,,,,,SPARE 10,,,,,
Communications - Copper,checklist,,,,,,SPARE 11,,,,,
Communications - Copper,checklist,,,,,,SPARE 12,,,,,
Communications - Copper,checklist,,,,,,SPARE 13,,,,,
Communications - Copper,checklist,,,,,,SPARE 14,,,,,
,step,,,,Rack: 4044.01-PPC-00001,,,,,,,
Communications - Cabinet,checklist,,,,,Cabinet ITC,,,,,,
,step,,,,,Patch Panel: 4044.01-PPT-00001,,,,,,
Communications - Copper,checklist,,,,,,4044.01-001,,,,,
Communications - Copper,checklist,,,,,,4044.01-002,,,,,
Communications - Copper,checklist,,,,,,4044.01-003,,,,,
Communications - Copper,checklist,,,,,,4044.01-004,,,,,
Communications - Copper,checklist,,,,,,4044.01-005,,,,,
Communications - Copper,checklist,,,,,,4044.01-006,,,,,
Communications - Copper,checklist,,,,,,4044.01-007,,,,,
Communications - Copper,checklist,,,,,,4044.01-008,,,,,
Communications - Copper,checklist,,,,,,4044.01-009,,,,,
Communications - Copper,checklist,,,,,,4044.01-010,,,,,
Communications - Copper,checklist,,,,,,4044.01-011,,,,,
Communications - Copper,checklist,,,,,,4044.01-012,,,,,
Communications - Copper,checklist,,,,,,4044.01-013,,,,,
Communications - Copper,checklist,,,,,,4044.01-014,,,,,
Communications - Copper,checklist,,,,,,4044.01-015,,,,,
Communications - Copper,checklist,,,,,,4044.01-016,,,,,
Communications - Copper,checklist,,,,,,4044.01-017,,,,,
Communications - Copper,checklist,,,,,,4044.01-018,,,,,
Communications - Copper,checklist,,,,,,4044.01-019,,,,,
Communications - Copper,checklist,,,,,,4044.01-020,,,,,
Communications - Copper,checklist,,,,,,4044.01-021,,,,,
Communications - Copper,checklist,,,,,,4044.01-022,,,,,
Communications - Copper,checklist,,,,,,4044.01-023,,,,,
Communications - Copper,checklist,,,,,,4044.01-024,,,,,
,step,,,,,Patch Panel: 4044.01-PPT-00002,,,,,,
Communications - Copper,checklist,,,,,,4044.01-025,,,,,
Communications - Copper,checklist,,,,,,4044.01-026,,,,,
Communications - Copper,checklist,,,,,,4044.01-027,,,,,
Communications - Copper,checklist,,,,,,4044.01-028,,,,,
Communications - Copper,checklist,,,,,,4044.01-029,,,,,
Communications - Copper,checklist,,,,,,4044.01-030,,,,,
Communications - Copper,checklist,,,,,,4044.01-031,,,,,
Communications - Copper,checklist,,,,,,4044.01-032,,,,,
Communications - Copper,checklist,,,,,,4044.01-033,,,,,
Communications - Copper,checklist,,,,,,4044.01-034,,,,,
Communications - Copper,checklist,,,,,,4044.01-035,,,,,
Communications - Copper,checklist,,,,,,4044.01-036,,,,,
Communications - Copper,checklist,,,,,,4044.01-037,,,,,
Communications - Copper,checklist,,,,,,4044.01-038,,,,,
Communications - Copper,checklist,,,,,,4044.01-039,,,,,
Communications - Copper,checklist,,,,,,4044.01-040,,,,,
Communications - Copper,checklist,,,,,,4044.01-041,,,,,
Communications - Copper,checklist,,,,,,4044.01-042,,,,,
Communications - Copper,checklist,,,,,,4044.01-043,,,,,
Communications - Copper,checklist,,,,,,4044.01-044,,,,,
Communications - Copper,checklist,,,,,,4044.01-045,,,,,
Communications - Copper,checklist,,,,,,4044.01-046,,,,,
Communications - Copper,checklist,,,,,,4044.01-047,,,,,
Communications - Copper,checklist,,,,,,4044.01-048,,,,,
,step,,,,,Patch Panel: 4044.01-PPT-00003,,,,,,
Communications - Copper,checklist,,,,,,4044.01-049,,,,,
Communications - Copper,checklist,,,,,,4044.01-050,,,,,
Communications - Copper,checklist,,,,,,4044.01-051,,,,,
Communications - Copper,checklist,,,,,,4044.01-052,,,,,
Communications - Copper,checklist,,,,,,4044.01-053,,,,,
Communications - Copper,checklist,,,,,,4044.01-054,,,,,
Communications - Copper,checklist,,,,,,4044.01-055,,,,,
Communications - Copper,checklist,,,,,,4044.01-056,,,,,
Communications - Copper,checklist,,,,,,4044.01-057,,,,,
Communications - Copper,checklist,,,,,,4044.01-058,,,,,
Communications - Copper,checklist,,,,,,4044.01-059,,,,,
Communications - Copper,checklist,,,,,,4044.01-060,,,,,
Communications - Copper,checklist,,,,,,4044.01-061,,,,,
Communications - Copper,checklist,,,,,,4044.01-062,,,,,
Communications - Copper,checklist,,,,,,4044.01-063,,,,,
Communications - Copper,checklist,,,,,,4044.01-064,,,,,
Communications - Copper,checklist,,,,,,4044.01-065,,,,,
Communications - Copper,checklist,,,,,,4044.01-066,,,,,
Communications - Copper,checklist,,,,,,4044.01-067,,,,,
Communications - Copper,checklist,,,,,,4044.01-068,,,,,
Communications - Copper,checklist,,,,,,4044.01-069,,,,,
Communications - Copper,checklist,,,,,,4044.01-070,,,,,
Communications - Copper,checklist,,,,,,4044.01-071,,,,,
Communications - Copper,checklist,,,,,,4044.01-072,,,,,
,step,,,,,Patch Panel: 4044.01-PPT-00004,,,,,,
Communications - Copper,checklist,,,,,,4044.01-073,,,,,
Communications - Copper,checklist,,,,,,4044.01-074,,,,,
Communications - Copper,checklist,,,,,,4044.01-075,,,,,
Communications - Copper,checklist,,,,,,4044.01-076,,,,,
Communications - Copper,checklist,,,,,,4044.01-077,,,,,
Communications - Copper,checklist,,,,,,4044.01-078,,,,,
Communications - Copper,checklist,,,,,,4044.01-079,,,,,
Communications - Copper,checklist,,,,,,4044.01-080,,,,,
Communications - Copper,checklist,,,,,,4044.01-081,,,,,
Communications - Copper,checklist,,,,,,4044.01-082,,,,,
Communications - Copper,checklist,,,,,,4044.01-083,,,,,
Communications - Copper,checklist,,,,,,4044.01-084,,,,,
Communications - Copper,checklist,,,,,,4044.01-085,,,,,
Communications - Copper,checklist,,,,,,4044.01-086,,,,,
Communications - Copper,checklist,,,,,,4044.01-087,,,,,
Communications - Copper,checklist,,,,,,4044.01-088,,,,,
Communications - Copper,checklist,,,,,,4044.01-089,,,,,
Communications - Copper,checklist,,,,,,4044.01-090,,,,,
Communications - Copper,checklist,,,,,,4044.01-091,,,,,
Communications - Copper,checklist,,,,,,4044.01-092,,,,,
Communications - Copper,checklist,,,,,,4044.01-093,,,,,
Communications - Copper,checklist,,,,,,4044.01-094,,,,,
Communications - Copper,checklist,,,,,,4044.01-095,,,,,
Communications - Copper,checklist,,,,,,4044.01-096,,,,,
,step,,,,,Patch Panel: 4044.01-PPT-00005,,,,,,
Communications - Copper,checklist,,,,,,4044.01-097,,,,,
Communications - Copper,checklist,,,,,,4044.01-098,,,,,
Communications - Copper,checklist,,,,,,4044.01-099,,,,,
Communications - Copper,checklist,,,,,,4044.01-100,,,,,
Communications - Copper,checklist,,,,,,4044.01-101,,,,,
Communications - Copper,checklist,,,,,,4044.01-102,,,,,
Communications - Copper,checklist,,,,,,4044.01-103,,,,,
Communications - Copper,checklist,,,,,,4044.01-104,,,,,
Communications - Copper,checklist,,,,,,SPARE 1,,,,,
Communications - Copper,checklist,,,,,,SPARE 2,,,,,
Communications - Copper,checklist,,,,,,SPARE 3,,,,,
Communications - Copper,checklist,,,,,,SPARE 4,,,,,
Communications - Copper,checklist,,,,,,SPARE 5,,,,,
Communications - Copper,checklist,,,,,,SPARE 6,,,,,
Communications - Copper,checklist,,,,,,SPARE 7,,,,,
Communications - Copper,checklist,,,,,,SPARE 8,,,,,
Communications - Copper,checklist,,,,,,SPARE 9,,,,,
Communications - Copper,checklist,,,,,,SPARE 10,,,,,
Communications - Copper,checklist,,,,,,SPARE 11,,,,,
Communications - Copper,checklist,,,,,,SPARE 12,,,,,
Communications - Copper,checklist,,,,,,SPARE 13,,,,,
Communications - Copper,checklist,,,,,,SPARE 14,,,,,
Communications - Copper,checklist,,,,,,SPARE 15,,,,,
Communications - Copper,checklist,,,,,,SPARE 16,,,,,
,step,,,,,Patch Panel: 4044.01-PPT-00006,,,,,,
Communications - Copper,checklist,,,,,,4044.01-2-001,,,,,
Communications - Copper,checklist,,,,,,4044.01-2-002,,,,,
Communications - Copper,checklist,,,,,,4044.01-2-003,,,,,
Communications - Copper,checklist,,,,,,4044.01-2-004,,,,,
Communications - Copper,checklist,,,,,,4044.01-2-005,,,,,
Communications - Copper,checklist,,,,,,4044.01-2-006,,,,,
Communications - Copper,checklist,,,,,,4044.01-2-007,,,,,
Communications - Copper,checklist,,,,,,4044.01-2-008,,,,,
Communications - Copper,checklist,,,,,,4044.01-2-009,,,,,
Communications - Copper,checklist,,,,,,4044.01-2-010,,,,,
Communications - Copper,checklist,,,,,,4044.01-2-011,,,,,
Communications - Copper,checklist,,,,,,4044.01-2-012,,,,,
Communications - Copper,checklist,,,,,,4044.01-2-013,,,,,
Communications - Copper,checklist,,,,,,4044.01-2-014,,,,,
Communications - Copper,checklist,,,,,,4044.01-2-015,,,,,
Communications - Copper,checklist,,,,,,4044.01-2-016,,,,,
Communications - Copper,checklist,,,,,,4044.01-2-017,,,,,
Communications - Copper,checklist,,,,,,4044.01-2-018,,,,,
Communications - Copper,checklist,,,,,,4044.01-2-019,,,,,
Communications - Copper,checklist,,,,,,4044.01-2-020,,,,,
Communications - Copper,checklist,,,,,,4044.01-2-021,,,,,
Communications - Copper,checklist,,,,,,4044.01-2-022,,,,,
Communications - Copper,checklist,,,,,,4044.01-2-023,,,,,
Communications - Copper,checklist,,,,,,4044.01-2-024,,,,,
,step,,,,,Patch Panel: 4044.01-PPT-00007,,,,,,
Communications - Copper,checklist,,,,,,4044.01-2-025,,,,,
Communications - Copper,checklist,,,,,,4044.01-2-026,,,,,
Communications - Copper,checklist,,,,,,4044.01-2-027,,,,,
Communications - Copper,checklist,,,,,,4044.01-2-028,,,,,
Communications - Copper,checklist,,,,,,4044.01-2-029,,,,,
Communications - Copper,checklist,,,,,,4044.01-2-030,,,,,
Communications - Copper,checklist,,,,,,4044.01-2-031,,,,,
Communications - Copper,checklist,,,,,,4044.01-2-032,,,,,
Communications - Copper,checklist,,,,,,4044.01-2-033,,,,,
Communications - Copper,checklist,,,,,,4044.01-2-034,,,,,
Communications - Copper,checklist,,,,,,4044.01-2-035,,,,,
Communications - Copper,checklist,,,,,,4044.01-2-036,,,,,
Communications - Copper,checklist,,,,,,SPARE 1,,,,,
Communications - Copper,checklist,,,,,,SPARE 2,,,,,
Communications - Copper,checklist,,,,,,SPARE 3,,,,,
Communications - Copper,checklist,,,,,,SPARE 4,,,,,
Communications - Copper,checklist,,,,,,SPARE 5,,,,,
Communications - Copper,checklist,,,,,,SPARE 6,,,,,
Communications - Copper,checklist,,,,,,SPARE 7,,,,,
Communications - Copper,checklist,,,,,,SPARE 8,,,,,
Communications - Copper,checklist,,,,,,SPARE 9,,,,,
Communications - Copper,checklist,,,,,,SPARE 10,,,,,
Communications - Copper,checklist,,,,,,SPARE 11,,,,,
Communications - Copper,checklist,,,,,,SPARE 12,,,,,
,step,,,,Rack: 4044.02-PPC-00001,,,,,,,
Communications - Cabinet,checklist,,,,,Cabinet ITC,,,,,,
,step,,,,,Patch Panel: 4044.02-PPT-00001,,,,,,
Communications - Copper,checklist,,,,,,4044.02-001,,,,,
Communications - Copper,checklist,,,,,,4044.02-002,,,,,
Communications - Copper,checklist,,,,,,4044.02-003,,,,,
Communications - Copper,checklist,,,,,,4044.02-004,,,,,
Communications - Copper,checklist,,,,,,4044.02-005,,,,,
Communications - Copper,checklist,,,,,,4044.02-006,,,,,
Communications - Copper,checklist,,,,,,4044.02-007,,,,,
Communications - Copper,checklist,,,,,,4044.02-008,,,,,
Communications - Copper,checklist,,,,,,4044.02-009,,,,,
Communications - Copper,checklist,,,,,,4044.02-010,,,,,
Communications - Copper,checklist,,,,,,4044.02-011,,,,,
Communications - Copper,checklist,,,,,,4044.02-012,,,,,
Communications - Copper,checklist,,,,,,4044.02-013,,,,,
Communications - Copper,checklist,,,,,,4044.02-014,,,,,
Communications - Copper,checklist,,,,,,4044.02-015,,,,,
Communications - Copper,checklist,,,,,,4044.02-016,,,,,
Communications - Copper,checklist,,,,,,4044.02-017,,,,,
Communications - Copper,checklist,,,,,,4044.02-018,,,,,
Communications - Copper,checklist,,,,,,4044.02-019,,,,,
Communications - Copper,checklist,,,,,,4044.02-020,,,,,
Communications - Copper,checklist,,,,,,4044.02-021,,,,,
Communications - Copper,checklist,,,,,,4044.02-022,,,,,
Communications - Copper,checklist,,,,,,4044.02-023,,,,,
Communications - Copper,checklist,,,,,,4044.02-024,,,,,
,step,,,,,Patch Panel: 4044.02-PPT-00002,,,,,,
Communications - Copper,checklist,,,,,,4044.02-025,,,,,
Communications - Copper,checklist,,,,,,4044.02-026,,,,,
Communications - Copper,checklist,,,,,,4044.02-027,,,,,
Communications - Copper,checklist,,,,,,4044.02-028,,,,,
Communications - Copper,checklist,,,,,,4044.02-029,,,,,
Communications - Copper,checklist,,,,,,4044.02-030,,,,,
Communications - Copper,checklist,,,,,,4044.02-031,,,,,
Communications - Copper,checklist,,,,,,4044.02-032,,,,,
Communications - Copper,checklist,,,,,,4044.02-033,,,,,
Communications - Copper,checklist,,,,,,4044.02-034,,,,,
Communications - Copper,checklist,,,,,,4044.02-035,,,,,
Communications - Copper,checklist,,,,,,4044.02-036,,,,,
Communications - Copper,checklist,,,,,,4044.02-037,,,,,
Communications - Copper,checklist,,,,,,4044.02-038,,,,,
Communications - Copper,checklist,,,,,,4044.02-039,,,,,
Communications - Copper,checklist,,,,,,4044.02-040,,,,,
Communications - Copper,checklist,,,,,,4044.02-041,,,,,
Communications - Copper,checklist,,,,,,4044.02-042,,,,,
Communications - Copper,checklist,,,,,,4044.02-043,,,,,
Communications - Copper,checklist,,,,,,4044.02-044,,,,,
Communications - Copper,checklist,,,,,,4044.02-045,,,,,
Communications - Copper,checklist,,,,,,4044.02-046,,,,,
Communications - Copper,checklist,,,,,,4044.02-047,,,,,
Communications - Copper,checklist,,,,,,4044.02-048,,,,,
,step,,,,,Patch Panel: 4044.02-PPT-00003,,,,,,
Communications - Copper,checklist,,,,,,4044.02-049,,,,,
Communications - Copper,checklist,,,,,,4044.02-050,,,,,
Communications - Copper,checklist,,,,,,4044.02-051,,,,,
Communications - Copper,checklist,,,,,,4044.02-052,,,,,
Communications - Copper,checklist,,,,,,4044.02-053,,,,,
Communications - Copper,checklist,,,,,,4044.02-054,,,,,
Communications - Copper,checklist,,,,,,4044.02-055,,,,,
Communications - Copper,checklist,,,,,,4044.02-056,,,,,
Communications - Copper,checklist,,,,,,4044.02-057,,,,,
Communications - Copper,checklist,,,,,,4044.02-058,,,,,
Communications - Copper,checklist,,,,,,4044.02-059,,,,,
Communications - Copper,checklist,,,,,,4044.02-060,,,,,
Communications - Copper,checklist,,,,,,4044.02-061,,,,,
Communications - Copper,checklist,,,,,,4044.02-062,,,,,
Communications - Copper,checklist,,,,,,4044.02-063,,,,,
Communications - Copper,checklist,,,,,,4044.02-064,,,,,
Communications - Copper,checklist,,,,,,4044.02-065,,,,,
Communications - Copper,checklist,,,,,,4044.02-066,,,,,
Communications - Copper,checklist,,,,,,4044.02-067,,,,,
Communications - Copper,checklist,,,,,,4044.02-068,,,,,
Communications - Copper,checklist,,,,,,4044.02-069,,,,,
Communications - Copper,checklist,,,,,,4044.02-070,,,,,
Communications - Copper,checklist,,,,,,4044.02-071,,,,,
Communications - Copper,checklist,,,,,,4044.02-072,,,,,
,step,,,,,Patch Panel: 4044.02-PPT-00004,,,,,,
Communications - Copper,checklist,,,,,,4044.02-073,,,,,
Communications - Copper,checklist,,,,,,4044.02-074,,,,,
Communications - Copper,checklist,,,,,,4044.02-075,,,,,
Communications - Copper,checklist,,,,,,4044.02-076,,,,,
Communications - Copper,checklist,,,,,,4044.02-077,,,,,
Communications - Copper,checklist,,,,,,4044.02-078,,,,,
Communications - Copper,checklist,,,,,,4044.02-079,,,,,
Communications - Copper,checklist,,,,,,4044.02-080,,,,,
Communications - Copper,checklist,,,,,,4044.02-081,,,,,
Communications - Copper,checklist,,,,,,4044.02-082,,,,,
Communications - Copper,checklist,,,,,,4044.02-083,,,,,
Communications - Copper,checklist,,,,,,4044.02-084,,,,,
Communications - Copper,checklist,,,,,,4044.02-085,,,,,
Communications - Copper,checklist,,,,,,4044.02-086,,,,,
Communications - Copper,checklist,,,,,,4044.02-087,,,,,
Communications - Copper,checklist,,,,,,4044.02-088,,,,,
Communications - Copper,checklist,,,,,,4044.02-089,,,,,
Communications - Copper,checklist,,,,,,4044.02-090,,,,,
Communications - Copper,checklist,,,,,,4044.02-091,,,,,
Communications - Copper,checklist,,,,,,4044.02-092,,,,,
Communications - Copper,checklist,,,,,,4044.02-093,,,,,
Communications - Copper,checklist,,,,,,4044.02-094,,,,,
Communications - Copper,checklist,,,,,,4044.02-095,,,,,
Communications - Copper,checklist,,,,,,4044.02-096,,,,,
,step,,,,,Patch Panel: 4044.02-PPT-00005,,,,,,
Communications - Copper,checklist,,,,,,4044.02-097,,,,,
Communications - Copper,checklist,,,,,,4044.02-098,,,,,
Communications - Copper,checklist,,,,,,4044.02-099,,,,,
Communications - Copper,checklist,,,,,,4044.02-100,,,,,
Communications - Copper,checklist,,,,,,4044.02-101,,,,,
Communications - Copper,checklist,,,,,,4044.02-102,,,,,
Communications - Copper,checklist,,,,,,4044.02-103,,,,,
Communications - Copper,checklist,,,,,,4044.02-104,,,,,
Communications - Copper,checklist,,,,,,SPARE 1,,,,,
Communications - Copper,checklist,,,,,,SPARE 2,,,,,
Communications - Copper,checklist,,,,,,SPARE 3,,,,,
Communications - Copper,checklist,,,,,,SPARE 4,,,,,
Communications - Copper,checklist,,,,,,SPARE 5,,,,,
Communications - Copper,checklist,,,,,,SPARE 6,,,,,
Communications - Copper,checklist,,,,,,SPARE 7,,,,,
Communications - Copper,checklist,,,,,,SPARE 8,,,,,
Communications - Copper,checklist,,,,,,SPARE 9,,,,,
Communications - Copper,checklist,,,,,,SPARE 10,,,,,
Communications - Copper,checklist,,,,,,SPARE 11,,,,,
Communications - Copper,checklist,,,,,,SPARE 12,,,,,
Communications - Copper,checklist,,,,,,SPARE 13,,,,,
Communications - Copper,checklist,,,,,,SPARE 14,,,,,
Communications - Copper,checklist,,,,,,SPARE 15,,,,,
Communications - Copper,checklist,,,,,,SPARE 16,,,,,
,step,,,,,Patch Panel: 4044.02-PPT-00006,,,,,,
Communications - Copper,checklist,,,,,,4044.02-2-001,,,,,
Communications - Copper,checklist,,,,,,4044.02-2-002,,,,,
Communications - Copper,checklist,,,,,,4044.02-2-003,,,,,
Communications - Copper,checklist,,,,,,4044.02-2-004,,,,,
Communications - Copper,checklist,,,,,,4044.02-2-005,,,,,
Communications - Copper,checklist,,,,,,4044.02-2-006,,,,,
Communications - Copper,checklist,,,,,,4044.02-2-007,,,,,
Communications - Copper,checklist,,,,,,4044.02-2-008,,,,,
Communications - Copper,checklist,,,,,,4044.02-2-009,,,,,
Communications - Copper,checklist,,,,,,4044.02-2-010,,,,,
Communications - Copper,checklist,,,,,,4044.02-2-011,,,,,
Communications - Copper,checklist,,,,,,4044.02-2-012,,,,,
Communications - Copper,checklist,,,,,,4044.02-2-013,,,,,
Communications - Copper,checklist,,,,,,4044.02-2-014,,,,,
Communications - Copper,checklist,,,,,,4044.02-2-015,,,,,
Communications - Copper,checklist,,,,,,4044.02-2-016,,,,,
Communications - Copper,checklist,,,,,,4044.02-2-017,,,,,
Communications - Copper,checklist,,,,,,4044.02-2-018,,,,,
Communications - Copper,checklist,,,,,,4044.02-2-019,,,,,
Communications - Copper,checklist,,,,,,4044.02-2-020,,,,,
Communications - Copper,checklist,,,,,,4044.02-2-021,,,,,
Communications - Copper,checklist,,,,,,4044.02-2-022,,,,,
Communications - Copper,checklist,,,,,,4044.02-2-023,,,,,
Communications - Copper,checklist,,,,,,4044.02-2-024,,,,,
,step,,,,,Patch Panel: 4044.02-PPT-00007,,,,,,
Communications - Copper,checklist,,,,,,4044.02-2-025,,,,,
Communications - Copper,checklist,,,,,,4044.02-2-026,,,,,
Communications - Copper,checklist,,,,,,4044.02-2-027,,,,,
Communications - Copper,checklist,,,,,,4044.02-2-028,,,,,
Communications - Copper,checklist,,,,,,4044.02-2-029,,,,,
Communications - Copper,checklist,,,,,,4044.02-2-030,,,,,
Communications - Copper,checklist,,,,,,4044.02-2-031,,,,,
Communications - Copper,checklist,,,,,,4044.02-2-032,,,,,
Communications - Copper,checklist,,,,,,4044.02-2-033,,,,,
Communications - Copper,checklist,,,,,,4044.02-2-034,,,,,
Communications - Copper,checklist,,,,,,4044.02-2-035,,,,,
Communications - Copper,checklist,,,,,,4044.02-2-036,,,,,
Communications - Copper,checklist,,,,,,SPARE 1,,,,,
Communications - Copper,checklist,,,,,,SPARE 2,,,,,
Communications - Copper,checklist,,,,,,SPARE 3,,,,,
Communications - Copper,checklist,,,,,,SPARE 4,,,,,
Communications - Copper,checklist,,,,,,SPARE 5,,,,,
Communications - Copper,checklist,,,,,,SPARE 6,,,,,
Communications - Copper,checklist,,,,,,SPARE 7,,,,,
Communications - Copper,checklist,,,,,,SPARE 8,,,,,
Communications - Copper,checklist,,,,,,SPARE 9,,,,,
Communications - Copper,checklist,,,,,,SPARE 10,,,,,
Communications - Copper,checklist,,,,,,SPARE 11,,,,,
Communications - Copper,checklist,,,,,,SPARE 12,,,,,
,step,,,,Rack: 4044.03-PPC-00001,,,,,,,
Communications - Cabinet,checklist,,,,,Cabinet ITC,,,,,,
,step,,,,,Patch Panel: 4044.03-PPT-00001,,,,,,
Communications - Copper,checklist,,,,,,4044.03-001,,,,,
Communications - Copper,checklist,,,,,,4044.03-002,,,,,
Communications - Copper,checklist,,,,,,4044.03-003,,,,,
Communications - Copper,checklist,,,,,,4044.03-004,,,,,
Communications - Copper,checklist,,,,,,4044.03-005,,,,,
Communications - Copper,checklist,,,,,,4044.03-006,,,,,
Communications - Copper,checklist,,,,,,4044.03-007,,,,,
Communications - Copper,checklist,,,,,,4044.03-008,,,,,
Communications - Copper,checklist,,,,,,4044.03-009,,,,,
Communications - Copper,checklist,,,,,,4044.03-010,,,,,
Communications - Copper,checklist,,,,,,4044.03-011,,,,,
Communications - Copper,checklist,,,,,,4044.03-012,,,,,
Communications - Copper,checklist,,,,,,4044.03-013,,,,,
Communications - Copper,checklist,,,,,,4044.03-014,,,,,
Communications - Copper,checklist,,,,,,4044.03-015,,,,,
Communications - Copper,checklist,,,,,,4044.03-016,,,,,
Communications - Copper,checklist,,,,,,4044.03-017,,,,,
Communications - Copper,checklist,,,,,,4044.03-018,,,,,
Communications - Copper,checklist,,,,,,4044.03-019,,,,,
Communications - Copper,checklist,,,,,,4044.03-020,,,,,
Communications - Copper,checklist,,,,,,4044.03-021,,,,,
Communications - Copper,checklist,,,,,,4044.03-022,,,,,
Communications - Copper,checklist,,,,,,4044.03-023,,,,,
Communications - Copper,checklist,,,,,,4044.03-024,,,,,
,step,,,,,Patch Panel: 4044.03-PPT-00002,,,,,,
Communications - Copper,checklist,,,,,,4044.03-025,,,,,
Communications - Copper,checklist,,,,,,4044.03-026,,,,,
Communications - Copper,checklist,,,,,,4044.03-027,,,,,
Communications - Copper,checklist,,,,,,4044.03-028,,,,,
Communications - Copper,checklist,,,,,,4044.03-029,,,,,
Communications - Copper,checklist,,,,,,4044.03-030,,,,,
Communications - Copper,checklist,,,,,,4044.03-031,,,,,
Communications - Copper,checklist,,,,,,4044.03-032,,,,,
Communications - Copper,checklist,,,,,,4044.03-033,,,,,
Communications - Copper,checklist,,,,,,4044.03-034,,,,,
Communications - Copper,checklist,,,,,,4044.03-035,,,,,
Communications - Copper,checklist,,,,,,4044.03-036,,,,,
Communications - Copper,checklist,,,,,,4044.03-037,,,,,
Communications - Copper,checklist,,,,,,4044.03-038,,,,,
Communications - Copper,checklist,,,,,,4044.03-039,,,,,
Communications - Copper,checklist,,,,,,4044.03-040,,,,,
Communications - Copper,checklist,,,,,,4044.03-041,,,,,
Communications - Copper,checklist,,,,,,4044.03-042,,,,,
Communications - Copper,checklist,,,,,,4044.03-043,,,,,
Communications - Copper,checklist,,,,,,4044.03-044,,,,,
Communications - Copper,checklist,,,,,,4044.03-045,,,,,
Communications - Copper,checklist,,,,,,4044.03-046,,,,,
Communications - Copper,checklist,,,,,,4044.03-047,,,,,
Communications - Copper,checklist,,,,,,4044.03-048,,,,,
,step,,,,,Patch Panel: 4044.03-PPT-00003,,,,,,
Communications - Copper,checklist,,,,,,4044.03-049,,,,,
Communications - Copper,checklist,,,,,,4044.03-050,,,,,
Communications - Copper,checklist,,,,,,4044.03-051,,,,,
Communications - Copper,checklist,,,,,,4044.03-052,,,,,
Communications - Copper,checklist,,,,,,4044.03-053,,,,,
Communications - Copper,checklist,,,,,,4044.03-054,,,,,
Communications - Copper,checklist,,,,,,4044.03-055,,,,,
Communications - Copper,checklist,,,,,,4044.03-056,,,,,
Communications - Copper,checklist,,,,,,4044.03-057,,,,,
Communications - Copper,checklist,,,,,,4044.03-058,,,,,
Communications - Copper,checklist,,,,,,4044.03-059,,,,,
Communications - Copper,checklist,,,,,,4044.03-060,,,,,
Communications - Copper,checklist,,,,,,4044.03-061,,,,,
Communications - Copper,checklist,,,,,,4044.03-062,,,,,
Communications - Copper,checklist,,,,,,4044.03-063,,,,,
Communications - Copper,checklist,,,,,,4044.03-064,,,,,
Communications - Copper,checklist,,,,,,4044.03-065,,,,,
Communications - Copper,checklist,,,,,,4044.03-066,,,,,
Communications - Copper,checklist,,,,,,4044.03-067,,,,,
Communications - Copper,checklist,,,,,,4044.03-068,,,,,
Communications - Copper,checklist,,,,,,4044.03-069,,,,,
Communications - Copper,checklist,,,,,,4044.03-070,,,,,
Communications - Copper,checklist,,,,,,4044.03-071,,,,,
Communications - Copper,checklist,,,,,,4044.03-072,,,,,
,step,,,,,Patch Panel: 4044.03-PPT-00004,,,,,,
Communications - Copper,checklist,,,,,,4044.03-073,,,,,
Communications - Copper,checklist,,,,,,4044.03-074,,,,,
Communications - Copper,checklist,,,,,,4044.03-075,,,,,
Communications - Copper,checklist,,,,,,4044.03-076,,,,,
Communications - Copper,checklist,,,,,,4044.03-077,,,,,
Communications - Copper,checklist,,,,,,4044.03-078,,,,,
Communications - Copper,checklist,,,,,,4044.03-079,,,,,
Communications - Copper,checklist,,,,,,4044.03-080,,,,,
Communications - Copper,checklist,,,,,,4044.03-081,,,,,
Communications - Copper,checklist,,,,,,4044.03-082,,,,,
Communications - Copper,checklist,,,,,,4044.03-083,,,,,
Communications - Copper,checklist,,,,,,4044.03-084,,,,,
Communications - Copper,checklist,,,,,,4044.03-085,,,,,
Communications - Copper,checklist,,,,,,4044.03-086,,,,,
Communications - Copper,checklist,,,,,,4044.03-087,,,,,
Communications - Copper,checklist,,,,,,SPARE 1,,,,,
Communications - Copper,checklist,,,,,,SPARE 2,,,,,
Communications - Copper,checklist,,,,,,SPARE 3,,,,,
Communications - Copper,checklist,,,,,,SPARE 4,,,,,
Communications - Copper,checklist,,,,,,SPARE 5,,,,,
Communications - Copper,checklist,,,,,,SPARE 6,,,,,
Communications - Copper,checklist,,,,,,SPARE 7,,,,,
Communications - Copper,checklist,,,,,,SPARE 8,,,,,
Communications - Copper,checklist,,,,,,SPARE 9,,,,,
,step,,,,,Patch Panel: 4044.03-PPT-00005,,,,,,
Communications - Copper,checklist,,,,,,4044.03-2-001,,,,,
Communications - Copper,checklist,,,,,,4044.03-2-002,,,,,
Communications - Copper,checklist,,,,,,4044.03-2-003,,,,,
Communications - Copper,checklist,,,,,,4044.03-2-004,,,,,
Communications - Copper,checklist,,,,,,4044.03-2-005,,,,,
Communications - Copper,checklist,,,,,,4044.03-2-006,,,,,
Communications - Copper,checklist,,,,,,4044.03-2-007,,,,,
Communications - Copper,checklist,,,,,,4044.03-2-008,,,,,
Communications - Copper,checklist,,,,,,4044.03-2-009,,,,,
Communications - Copper,checklist,,,,,,4044.03-2-010,,,,,
Communications - Copper,checklist,,,,,,4044.03-2-011,,,,,
Communications - Copper,checklist,,,,,,4044.03-2-012,,,,,
Communications - Copper,checklist,,,,,,4044.03-2-013,,,,,
Communications - Copper,checklist,,,,,,4044.03-2-014,,,,,
Communications - Copper,checklist,,,,,,4044.03-2-015,,,,,
Communications - Copper,checklist,,,,,,4044.03-2-016,,,,,
Communications - Copper,checklist,,,,,,4044.03-2-017,,,,,
Communications - Copper,checklist,,,,,,4044.03-2-018,,,,,
Communications - Copper,checklist,,,,,,4044.03-2-019,,,,,
Communications - Copper,checklist,,,,,,4044.03-2-020,,,,,
Communications - Copper,checklist,,,,,,4044.03-2-021,,,,,
Communications - Copper,checklist,,,,,,4044.03-2-022,,,,,
Communications - Copper,checklist,,,,,,4044.03-2-023,,,,,
Communications - Copper,checklist,,,,,,4044.03-2-024,,,,,
,step,,,,,Patch Panel: 4044.03-PPT-00006,,,,,,
Communications - Copper,checklist,,,,,,4044.03-2-025,,,,,
Communications - Copper,checklist,,,,,,4044.03-2-026,,,,,
Communications - Copper,checklist,,,,,,4044.03-2-027,,,,,
Communications - Copper,checklist,,,,,,4044.03-2-028,,,,,
Communications - Copper,checklist,,,,,,4044.03-2-029,,,,,
Communications - Copper,checklist,,,,,,4044.03-2-030,,,,,
Communications - Copper,checklist,,,,,,4044.03-2-031,,,,,
Communications - Copper,checklist,,,,,,4044.03-2-032,,,,,
Communications - Copper,checklist,,,,,,4044.03-2-033,,,,,
Communications - Copper,checklist,,,,,,4044.03-2-034,,,,,
Communications - Copper,checklist,,,,,,4044.03-2-035,,,,,
Communications - Copper,checklist,,,,,,4044.03-2-036,,,,,
Communications - Copper,checklist,,,,,,SPARE 1,,,,,
Communications - Copper,checklist,,,,,,SPARE 2,,,,,
Communications - Copper,checklist,,,,,,SPARE 3,,,,,
Communications - Copper,checklist,,,,,,SPARE 4,,,,,
Communications - Copper,checklist,,,,,,SPARE 5,,,,,
Communications - Copper,checklist,,,,,,SPARE 6,,,,,
Communications - Copper,checklist,,,,,,SPARE 7,,,,,
Communications - Copper,checklist,,,,,,SPARE 8,,,,,
Communications - Copper,checklist,,,,,,SPARE 9,,,,,
Communications - Copper,checklist,,,,,,SPARE 10,,,,,
Communications - Copper,checklist,,,,,,SPARE 11,,,,,
Communications - Copper,checklist,,,,,,SPARE 12,,,,,
,step,,,Level 2,,,,,,,,
,step,,,,Rack: 4244.01-PPC-00001,,,,,,,
Communications - Cabinet,checklist,,,,,Cabinet ITC,,,,,,
,step,,,,,Patch Panel: 4244.01-PPT-00001,,,,,,
Communications - Copper,checklist,,,,,,4244.01-001,,,,,
Communications - Copper,checklist,,,,,,4244.01-002,,,,,
Communications - Copper,checklist,,,,,,4244.01-003,,,,,
Communications - Copper,checklist,,,,,,4244.01-004,,,,,
Communications - Copper,checklist,,,,,,4244.01-005,,,,,
Communications - Copper,checklist,,,,,,4244.01-006,,,,,
Communications - Copper,checklist,,,,,,4244.01-007,,,,,
Communications - Copper,checklist,,,,,,4244.01-008,,,,,
Communications - Copper,checklist,,,,,,4244.01-009,,,,,
Communications - Copper,checklist,,,,,,4244.01-010,,,,,
Communications - Copper,checklist,,,,,,4244.01-011,,,,,
Communications - Copper,checklist,,,,,,4244.01-012,,,,,
Communications - Copper,checklist,,,,,,4244.01-013,,,,,
Communications - Copper,checklist,,,,,,4244.01-014,,,,,
Communications - Copper,checklist,,,,,,4244.01-015,,,,,
Communications - Copper,checklist,,,,,,4244.01-016,,,,,
Communications - Copper,checklist,,,,,,4244.01-017,,,,,
Communications - Copper,checklist,,,,,,4244.01-018,,,,,
Communications - Copper,checklist,,,,,,4244.01-019,,,,,
Communications - Copper,checklist,,,,,,4244.01-020,,,,,
Communications - Copper,checklist,,,,,,4244.01-021,,,,,
Communications - Copper,checklist,,,,,,4244.01-022,,,,,
Communications - Copper,checklist,,,,,,4244.01-023,,,,,
Communications - Copper,checklist,,,,,,4244.01-024,,,,,
,step,,,,,Patch Panel: 4244.01-PPT-00002,,,,,,
Communications - Copper,checklist,,,,,,4244.01-025,,,,,
Communications - Copper,checklist,,,,,,4244.01-026,,,,,
Communications - Copper,checklist,,,,,,4244.01-027,,,,,
Communications - Copper,checklist,,,,,,4244.01-028,,,,,
Communications - Copper,checklist,,,,,,4244.01-029,,,,,
Communications - Copper,checklist,,,,,,4244.01-030,,,,,
Communications - Copper,checklist,,,,,,4244.01-031,,,,,
Communications - Copper,checklist,,,,,,4244.01-032,,,,,
Communications - Copper,checklist,,,,,,4244.01-033,,,,,
Communications - Copper,checklist,,,,,,4244.01-034,,,,,
Communications - Copper,checklist,,,,,,4244.01-035,,,,,
Communications - Copper,checklist,,,,,,4244.01-036,,,,,
Communications - Copper,checklist,,,,,,4244.01-037,,,,,
Communications - Copper,checklist,,,,,,4244.01-038,,,,,
Communications - Copper,checklist,,,,,,4244.01-039,,,,,
Communications - Copper,checklist,,,,,,4244.01-040,,,,,
Communications - Copper,checklist,,,,,,4244.01-041,,,,,
Communications - Copper,checklist,,,,,,4244.01-042,,,,,
Communications - Copper,checklist,,,,,,4244.01-043,,,,,
Communications - Copper,checklist,,,,,,4244.01-044,,,,,
Communications - Copper,checklist,,,,,,4244.01-045,,,,,
Communications - Copper,checklist,,,,,,4244.01-046,,,,,
Communications - Copper,checklist,,,,,,4244.01-047,,,,,
Communications - Copper,checklist,,,,,,4244.01-048,,,,,
,step,,,,,Patch Panel: 4244.01-PPT-00003,,,,,,
Communications - Copper,checklist,,,,,,4244.01-049,,,,,
Communications - Copper,checklist,,,,,,4244.01-050,,,,,
Communications - Copper,checklist,,,,,,4244.01-051,,,,,
Communications - Copper,checklist,,,,,,4244.01-052,,,,,
Communications - Copper,checklist,,,,,,4244.01-053,,,,,
Communications - Copper,checklist,,,,,,4244.01-054,,,,,
Communications - Copper,checklist,,,,,,4244.01-055,,,,,
Communications - Copper,checklist,,,,,,4244.01-056,,,,,
Communications - Copper,checklist,,,,,,4244.01-057,,,,,
Communications - Copper,checklist,,,,,,4244.01-058,,,,,
Communications - Copper,checklist,,,,,,4244.01-059,,,,,
Communications - Copper,checklist,,,,,,4244.01-060,,,,,
Communications - Copper,checklist,,,,,,4244.01-061,,,,,
Communications - Copper,checklist,,,,,,4244.01-062,,,,,
Communications - Copper,checklist,,,,,,4244.01-063,,,,,
Communications - Copper,checklist,,,,,,4244.01-064,,,,,
Communications - Copper,checklist,,,,,,4244.01-065,,,,,
Communications - Copper,checklist,,,,,,4244.01-066,,,,,
Communications - Copper,checklist,,,,,,4244.01-067,,,,,
Communications - Copper,checklist,,,,,,4244.01-068,,,,,
Communications - Copper,checklist,,,,,,4244.01-069,,,,,
Communications - Copper,checklist,,,,,,4244.01-070,,,,,
Communications - Copper,checklist,,,,,,4244.01-071,,,,,
Communications - Copper,checklist,,,,,,4244.01-072,,,,,
,step,,,,,Patch Panel: 4244.01-PPT-00004,,,,,,
Communications - Copper,checklist,,,,,,4244.01-073,,,,,
Communications - Copper,checklist,,,,,,4244.01-074,,,,,
Communications - Copper,checklist,,,,,,4244.01-075,,,,,
Communications - Copper,checklist,,,,,,4244.01-076,,,,,
Communications - Copper,checklist,,,,,,4244.01-077,,,,,
Communications - Copper,checklist,,,,,,4244.01-078,,,,,
Communications - Copper,checklist,,,,,,4244.01-079,,,,,
Communications - Copper,checklist,,,,,,4244.01-080,,,,,
Communications - Copper,checklist,,,,,,4244.01-081,,,,,
Communications - Copper,checklist,,,,,,4244.01-082,,,,,
Communications - Copper,checklist,,,,,,4244.01-083,,,,,
Communications - Copper,checklist,,,,,,4244.01-084,,,,,
Communications - Copper,checklist,,,,,,4244.01-085,,,,,
Communications - Copper,checklist,,,,,,4244.01-086,,,,,
Communications - Copper,checklist,,,,,,4244.01-087,,,,,
Communications - Copper,checklist,,,,,,4244.01-088,,,,,
Communications - Copper,checklist,,,,,,4244.01-089,,,,,
Communications - Copper,checklist,,,,,,4244.01-090,,,,,
Communications - Copper,checklist,,,,,,4244.01-091,,,,,
Communications - Copper,checklist,,,,,,4244.01-092,,,,,
Communications - Copper,checklist,,,,,,4244.01-093,,,,,
Communications - Copper,checklist,,,,,,4244.01-094,,,,,
Communications - Copper,checklist,,,,,,4244.01-095,,,,,
Communications - Copper,checklist,,,,,,4244.01-096,,,,,
,step,,,,,Patch Panel: 4244.01-PPT-00005,,,,,,
Communications - Copper,checklist,,,,,,4244.01-097,,,,,
Communications - Copper,checklist,,,,,,4244.01-098,,,,,
Communications - Copper,checklist,,,,,,4244.01-099,,,,,
Communications - Copper,checklist,,,,,,4244.01-100,,,,,
Communications - Copper,checklist,,,,,,4244.01-101,,,,,
Communications - Copper,checklist,,,,,,4244.01-102,,,,,
Communications - Copper,checklist,,,,,,4244.01-103,,,,,
Communications - Copper,checklist,,,,,,4244.01-104,,,,,
Communications - Copper,checklist,,,,,,4244.01-105,,,,,
Communications - Copper,checklist,,,,,,4244.01-106,,,,,
Communications - Copper,checklist,,,,,,4244.01-107,,,,,
Communications - Copper,checklist,,,,,,4244.01-108,,,,,
Communications - Copper,checklist,,,,,,4244.01-109,,,,,
Communications - Copper,checklist,,,,,,4244.01-110,,,,,
Communications - Copper,checklist,,,,,,4244.01-111,,,,,
Communications - Copper,checklist,,,,,,4244.01-112,,,,,
Communications - Copper,checklist,,,,,,4244.01-113,,,,,
Communications - Copper,checklist,,,,,,4244.01-114,,,,,
Communications - Copper,checklist,,,,,,4244.01-115,,,,,
Communications - Copper,checklist,,,,,,4244.01-116,,,,,
Communications - Copper,checklist,,,,,,4244.01-117,,,,,
Communications - Copper,checklist,,,,,,4244.01-118,,,,,
Communications - Copper,checklist,,,,,,4244.01-119,,,,,
Communications - Copper,checklist,,,,,,4244.01-120,,,,,
,step,,,,,Patch Panel: 4244.01-PPT-00006,,,,,,
Communications - Copper,checklist,,,,,,4244.01-121,,,,,
Communications - Copper,checklist,,,,,,4244.01-122,,,,,
Communications - Copper,checklist,,,,,,4244.01-123,,,,,
Communications - Copper,checklist,,,,,,4244.01-124,,,,,
Communications - Copper,checklist,,,,,,4244.01-125,,,,,
Communications - Copper,checklist,,,,,,4244.01-126,,,,,
Communications - Copper,checklist,,,,,,4244.01-127,,,,,
Communications - Copper,checklist,,,,,,4244.01-128,,,,,
Communications - Copper,checklist,,,,,,4244.01-129,,,,,
Communications - Copper,checklist,,,,,,4244.01-130,,,,,
Communications - Copper,checklist,,,,,,4244.01-131,,,,,
Communications - Copper,checklist,,,,,,4244.01-132,,,,,
Communications - Copper,checklist,,,,,,4244.01-133,,,,,
Communications - Copper,checklist,,,,,,4244.01-134,,,,,
Communications - Copper,checklist,,,,,,4244.01-135,,,,,
Communications - Copper,checklist,,,,,,4244.01-136,,,,,
Communications - Copper,checklist,,,,,,4244.01-137,,,,,
Communications - Copper,checklist,,,,,,4244.01-138,,,,,
Communications - Copper,checklist,,,,,,4244.01-139,,,,,
Communications - Copper,checklist,,,,,,4244.01-140,,,,,
Communications - Copper,checklist,,,,,,4244.01-141,,,,,
Communications - Copper,checklist,,,,,,4244.01-142,,,,,
Communications - Copper,checklist,,,,,,4244.01-143,,,,,
Communications - Copper,checklist,,,,,,4244.01-144,,,,,
,step,,,,,Patch Panel: 4244.01-PPT-00007,,,,,,
Communications - Copper,checklist,,,,,,4244.01-145,,,,,
Communications - Copper,checklist,,,,,,4244.01-146,,,,,
Communications - Copper,checklist,,,,,,4244.01-147,,,,,
Communications - Copper,checklist,,,,,,4244.01-148,,,,,
Communications - Copper,checklist,,,,,,SPARE 1,,,,,
Communications - Copper,checklist,,,,,,SPARE 2,,,,,
Communications - Copper,checklist,,,,,,SPARE 3,,,,,
Communications - Copper,checklist,,,,,,SPARE 4,,,,,
Communications - Copper,checklist,,,,,,SPARE 5,,,,,
Communications - Copper,checklist,,,,,,SPARE 6,,,,,
Communications - Copper,checklist,,,,,,SPARE 7,,,,,
Communications - Copper,checklist,,,,,,SPARE 8,,,,,
Communications - Copper,checklist,,,,,,SPARE 9,,,,,
Communications - Copper,checklist,,,,,,SPARE 10,,,,,
Communications - Copper,checklist,,,,,,SPARE 11,,,,,
Communications - Copper,checklist,,,,,,SPARE 12,,,,,
Communications - Copper,checklist,,,,,,SPARE 13,,,,,
Communications - Copper,checklist,,,,,,SPARE 14,,,,,
Communications - Copper,checklist,,,,,,SPARE 15,,,,,
Communications - Copper,checklist,,,,,,SPARE 16,,,,,
Communications - Copper,checklist,,,,,,SPARE 17,,,,,
Communications - Copper,checklist,,,,,,SPARE 18,,,,,
Communications - Copper,checklist,,,,,,SPARE 19,,,,,
Communications - Copper,checklist,,,,,,SPARE 20,,,,,
,step,,,,Rack: 4244.02-PPC-00001,,,,,,,
Communications - Cabinet,checklist,,,,,Cabinet ITC,,,,,,
,step,,,,,Patch Panel: 4244.02-PPT-00001,,,,,,
Communications - Copper,checklist,,,,,,4244.02-001,,,,,
Communications - Copper,checklist,,,,,,4244.02-002,,,,,
Communications - Copper,checklist,,,,,,4244.02-003,,,,,
Communications - Copper,checklist,,,,,,4244.02-004,,,,,
Communications - Copper,checklist,,,,,,4244.02-005,,,,,
Communications - Copper,checklist,,,,,,4244.02-006,,,,,
Communications - Copper,checklist,,,,,,4244.02-007,,,,,
Communications - Copper,checklist,,,,,,4244.02-008,,,,,
Communications - Copper,checklist,,,,,,4244.02-009,,,,,
Communications - Copper,checklist,,,,,,4244.02-010,,,,,
Communications - Copper,checklist,,,,,,4244.02-011,,,,,
Communications - Copper,checklist,,,,,,4244.02-012,,,,,
Communications - Copper,checklist,,,,,,4244.02-013,,,,,
Communications - Copper,checklist,,,,,,4244.02-014,,,,,
Communications - Copper,checklist,,,,,,4244.02-015,,,,,
Communications - Copper,checklist,,,,,,4244.02-016,,,,,
Communications - Copper,checklist,,,,,,4244.02-017,,,,,
Communications - Copper,checklist,,,,,,4244.02-018,,,,,
Communications - Copper,checklist,,,,,,4244.02-019,,,,,
Communications - Copper,checklist,,,,,,4244.02-020,,,,,
Communications - Copper,checklist,,,,,,4244.02-021,,,,,
Communications - Copper,checklist,,,,,,4244.02-022,,,,,
Communications - Copper,checklist,,,,,,4244.02-023,,,,,
Communications - Copper,checklist,,,,,,4244.02-024,,,,,
,step,,,,,Patch Panel: 4244.02-PPT-00002,,,,,,
Communications - Copper,checklist,,,,,,4244.02-025,,,,,
Communications - Copper,checklist,,,,,,4244.02-026,,,,,
Communications - Copper,checklist,,,,,,4244.02-027,,,,,
Communications - Copper,checklist,,,,,,4244.02-028,,,,,
Communications - Copper,checklist,,,,,,4244.02-029,,,,,
Communications - Copper,checklist,,,,,,4244.02-030,,,,,
Communications - Copper,checklist,,,,,,4244.02-031,,,,,
Communications - Copper,checklist,,,,,,4244.02-032,,,,,
Communications - Copper,checklist,,,,,,4244.02-033,,,,,
Communications - Copper,checklist,,,,,,4244.02-034,,,,,
Communications - Copper,checklist,,,,,,4244.02-035,,,,,
Communications - Copper,checklist,,,,,,4244.02-036,,,,,
Communications - Copper,checklist,,,,,,4244.02-037,,,,,
Communications - Copper,checklist,,,,,,4244.02-038,,,,,
Communications - Copper,checklist,,,,,,4244.02-039,,,,,
Communications - Copper,checklist,,,,,,4244.02-040,,,,,
Communications - Copper,checklist,,,,,,4244.02-041,,,,,
Communications - Copper,checklist,,,,,,4244.02-042,,,,,
Communications - Copper,checklist,,,,,,4244.02-043,,,,,
Communications - Copper,checklist,,,,,,4244.02-044,,,,,
Communications - Copper,checklist,,,,,,4244.02-045,,,,,
Communications - Copper,checklist,,,,,,4244.02-046,,,,,
Communications - Copper,checklist,,,,,,4244.02-047,,,,,
Communications - Copper,checklist,,,,,,SPARE 1,,,,,
,step,,,,,Patch Panel: 4244.02-PPT-00003,,,,,,
Communications - Copper,checklist,,,,,,SPARE 1,,,,,
Communications - Copper,checklist,,,,,,SPARE 2,,,,,
Communications - Copper,checklist,,,,,,SPARE 3,,,,,
Communications - Copper,checklist,,,,,,SPARE 4,,,,,
Communications - Copper,checklist,,,,,,SPARE 5,,,,,
Communications - Copper,checklist,,,,,,SPARE 6,,,,,
Communications - Copper,checklist,,,,,,SPARE 7,,,,,
Communications - Copper,checklist,,,,,,SPARE 8,,,,,
Communications - Copper,checklist,,,,,,SPARE 9,,,,,
Communications - Copper,checklist,,,,,,SPARE 10,,,,,
Communications - Copper,checklist,,,,,,SPARE 11,,,,,
Communications - Copper,checklist,,,,,,SPARE 12,,,,,
Communications - Copper,checklist,,,,,,SPARE 13,,,,,
Communications - Copper,checklist,,,,,,SPARE 14,,,,,
Communications - Copper,checklist,,,,,,SPARE 15,,,,,
Communications - Copper,checklist,,,,,,SPARE 16,,,,,
Communications - Copper,checklist,,,,,,SPARE 17,,,,,
Communications - Copper,checklist,,,,,,SPARE 18,,,,,
Communications - Copper,checklist,,,,,,SPARE 19,,,,,
Communications - Copper,checklist,,,,,,SPARE 20,,,,,
Communications - Copper,checklist,,,,,,SPARE 21,,,,,
Communications - Copper,checklist,,,,,,SPARE 22,,,,,
Communications - Copper,checklist,,,,,,SPARE 23,,,,,
Communications - Copper,checklist,,,,,,SPARE 24,,,,,
,step,,,,,Patch Panel: 4244.02-PPT-00004,,,,,,
Communications - Copper,checklist,,,,,,4244.02-3-001,,,,,
Communications - Copper,checklist,,,,,,4244.02-3-002,,,,,
Communications - Copper,checklist,,,,,,4244.02-3-003,,,,,
Communications - Copper,checklist,,,,,,SPARE 1,,,,,
Communications - Copper,checklist,,,,,,SPARE 2,,,,,
Communications - Copper,checklist,,,,,,SPARE 3,,,,,
Communications - Copper,checklist,,,,,,SPARE 4,,,,,
Communications - Copper,checklist,,,,,,SPARE 5,,,,,
Communications - Copper,checklist,,,,,,SPARE 6,,,,,
Communications - Copper,checklist,,,,,,SPARE 7,,,,,
Communications - Copper,checklist,,,,,,SPARE 8,,,,,
Communications - Copper,checklist,,,,,,SPARE 9,,,,,
Communications - Copper,checklist,,,,,,SPARE 10,,,,,
Communications - Copper,checklist,,,,,,SPARE 11,,,,,
Communications - Copper,checklist,,,,,,SPARE 12,,,,,
Communications - Copper,checklist,,,,,,SPARE 13,,,,,
Communications - Copper,checklist,,,,,,SPARE 14,,,,,
Communications - Copper,checklist,,,,,,SPARE 15,,,,,
Communications - Copper,checklist,,,,,,SPARE 16,,,,,
Communications - Copper,checklist,,,,,,SPARE 17,,,,,
Communications - Copper,checklist,,,,,,SPARE 18,,,,,
Communications - Copper,checklist,,,,,,SPARE 19,,,,,
Communications - Copper,checklist,,,,,,SPARE 20,,,,,
Communications - Copper,checklist,,,,,,SPARE 21,,,,,
,step,,,,Rack: 4244.03-PPC-00001,,,,,,,
Communications - Cabinet,checklist,,,,,Cabinet ITC,,,,,,
,step,,,,,Patch Panel: 4244.03-PPT-00001,,,,,,
Communications - Copper,checklist,,,,,,4244.03-001,,,,,
Communications - Copper,checklist,,,,,,4244.03-002,,,,,
Communications - Copper,checklist,,,,,,4244.03-003,,,,,
Communications - Copper,checklist,,,,,,4244.03-004,,,,,
Communications - Copper,checklist,,,,,,4244.03-005,,,,,
Communications - Copper,checklist,,,,,,4244.03-006,,,,,
Communications - Copper,checklist,,,,,,4244.03-007,,,,,
Communications - Copper,checklist,,,,,,4244.03-008,,,,,
Communications - Copper,checklist,,,,,,4244.03-009,,,,,
Communications - Copper,checklist,,,,,,4244.03-010,,,,,
Communications - Copper,checklist,,,,,,4244.03-011,,,,,
Communications - Copper,checklist,,,,,,4244.03-012,,,,,
Communications - Copper,checklist,,,,,,4244.03-013,,,,,
Communications - Copper,checklist,,,,,,4244.03-014,,,,,
Communications - Copper,checklist,,,,,,4244.03-015,,,,,
Communications - Copper,checklist,,,,,,4244.03-016,,,,,
Communications - Copper,checklist,,,,,,4244.03-017,,,,,
Communications - Copper,checklist,,,,,,4244.03-018,,,,,
Communications - Copper,checklist,,,,,,4244.03-019,,,,,
Communications - Copper,checklist,,,,,,4244.03-020,,,,,
Communications - Copper,checklist,,,,,,4244.03-021,,,,,
Communications - Copper,checklist,,,,,,4244.03-022,,,,,
Communications - Copper,checklist,,,,,,4244.03-023,,,,,
Communications - Copper,checklist,,,,,,4244.03-024,,,,,
,step,,,,,Patch Panel: 4244.03-PPT-00002,,,,,,
Communications - Copper,checklist,,,,,,4244.03-025,,,,,
Communications - Copper,checklist,,,,,,4244.03-026,,,,,
Communications - Copper,checklist,,,,,,4244.03-027,,,,,
Communications - Copper,checklist,,,,,,4244.03-028,,,,,
Communications - Copper,checklist,,,,,,4244.03-029,,,,,
Communications - Copper,checklist,,,,,,4244.03-030,,,,,
Communications - Copper,checklist,,,,,,4244.03-031,,,,,
Communications - Copper,checklist,,,,,,4244.03-032,,,,,
Communications - Copper,checklist,,,,,,4244.03-033,,,,,
Communications - Copper,checklist,,,,,,4244.03-034,,,,,
Communications - Copper,checklist,,,,,,4244.03-035,,,,,
Communications - Copper,checklist,,,,,,4244.03-036,,,,,
Communications - Copper,checklist,,,,,,4244.03-037,,,,,
Communications - Copper,checklist,,,,,,4244.03-038,,,,,
Communications - Copper,checklist,,,,,,4244.03-039,,,,,
Communications - Copper,checklist,,,,,,4244.03-040,,,,,
Communications - Copper,checklist,,,,,,4244.03-041,,,,,
Communications - Copper,checklist,,,,,,4244.03-042,,,,,
Communications - Copper,checklist,,,,,,4244.03-043,,,,,
Communications - Copper,checklist,,,,,,4244.03-044,,,,,
Communications - Copper,checklist,,,,,,4244.03-045,,,,,
Communications - Copper,checklist,,,,,,4244.03-046,,,,,
Communications - Copper,checklist,,,,,,4244.03-047,,,,,
Communications - Copper,checklist,,,,,,4244.03-048,,,,,
,step,,,,,Patch Panel: 4244.03-PPT-00003,,,,,,
Communications - Copper,checklist,,,,,,4244.03-049,,,,,
Communications - Copper,checklist,,,,,,4244.03-050,,,,,
Communications - Copper,checklist,,,,,,4244.03-051,,,,,
Communications - Copper,checklist,,,,,,4244.03-052,,,,,
Communications - Copper,checklist,,,,,,SPARE 1,,,,,
Communications - Copper,checklist,,,,,,SPARE 2,,,,,
Communications - Copper,checklist,,,,,,SPARE 3,,,,,
Communications - Copper,checklist,,,,,,SPARE 4,,,,,
Communications - Copper,checklist,,,,,,SPARE 5,,,,,
Communications - Copper,checklist,,,,,,SPARE 6,,,,,
Communications - Copper,checklist,,,,,,SPARE 7,,,,,
Communications - Copper,checklist,,,,,,SPARE 8,,,,,
Communications - Copper,checklist,,,,,,SPARE 9,,,,,
Communications - Copper,checklist,,,,,,SPARE 10,,,,,
Communications - Copper,checklist,,,,,,SPARE 11,,,,,
Communications - Copper,checklist,,,,,,SPARE 12,,,,,
Communications - Copper,checklist,,,,,,SPARE 13,,,,,
Communications - Copper,checklist,,,,,,SPARE 14,,,,,
Communications - Copper,checklist,,,,,,SPARE 15,,,,,
Communications - Copper,checklist,,,,,,SPARE 16,,,,,
Communications - Copper,checklist,,,,,,SPARE 17,,,,,
Communications - Copper,checklist,,,,,,SPARE 18,,,,,
Communications - Copper,checklist,,,,,,SPARE 19,,,,,
Communications - Copper,checklist,,,,,,SPARE 20,,,,,
,step,,,,,Patch Panel: 4244.03-PPT-00004,,,,,,
Communications - Copper,checklist,,,,,,4244.03-3-001,,,,,
Communications - Copper,checklist,,,,,,4244.03-3-002,,,,,
Communications - Copper,checklist,,,,,,4244.03-3-003,,,,,
Communications - Copper,checklist,,,,,,4244.03-3-004,,,,,
Communications - Copper,checklist,,,,,,4244.03-3-005,,,,,
Communications - Copper,checklist,,,,,,4244.03-3-006,,,,,
Communications - Copper,checklist,,,,,,4244.03-3-007,,,,,
Communications - Copper,checklist,,,,,,SPARE 1,,,,,
Communications - Copper,checklist,,,,,,SPARE 2,,,,,
Communications - Copper,checklist,,,,,,SPARE 3,,,,,
Communications - Copper,checklist,,,,,,SPARE 4,,,,,
Communications - Copper,checklist,,,,,,SPARE 5,,,,,
Communications - Copper,checklist,,,,,,SPARE 6,,,,,
Communications - Copper,checklist,,,,,,SPARE 7,,,,,
Communications - Copper,checklist,,,,,,SPARE 8,,,,,
Communications - Copper,checklist,,,,,,SPARE 9,,,,,
Communications - Copper,checklist,,,,,,SPARE 10,,,,,
Communications - Copper,checklist,,,,,,SPARE 11,,,,,
Communications - Copper,checklist,,,,,,SPARE 12,,,,,
Communications - Copper,checklist,,,,,,SPARE 13,,,,,
Communications - Copper,checklist,,,,,,SPARE 14,,,,,
Communications - Copper,checklist,,,,,,SPARE 15,,,,,
Communications - Copper,checklist,,,,,,SPARE 16,,,,,
Communications - Copper,checklist,,,,,,SPARE 17,,,,,
,step,,,,Rack: 4244.04-PPC-00001,,,,,,,
Communications - Cabinet,checklist,,,,,Cabinet ITC,,,,,,
,step,,,,,Patch Panel: 4244.04-PPT-00001,,,,,,
Communications - Copper,checklist,,,,,,4244.04-001,,,,,
Communications - Copper,checklist,,,,,,4244.04-002,,,,,
Communications - Copper,checklist,,,,,,4244.04-003,,,,,
Communications - Copper,checklist,,,,,,4244.04-004,,,,,
Communications - Copper,checklist,,,,,,4244.04-005,,,,,
Communications - Copper,checklist,,,,,,4244.04-006,,,,,
Communications - Copper,checklist,,,,,,4244.04-007,,,,,
Communications - Copper,checklist,,,,,,4244.04-008,,,,,
Communications - Copper,checklist,,,,,,4244.04-009,,,,,
Communications - Copper,checklist,,,,,,4244.04-010,,,,,
Communications - Copper,checklist,,,,,,4244.04-011,,,,,
Communications - Copper,checklist,,,,,,4244.04-012,,,,,
Communications - Copper,checklist,,,,,,4244.04-013,,,,,
Communications - Copper,checklist,,,,,,4244.04-014,,,,,
Communications - Copper,checklist,,,,,,4244.04-015,,,,,
Communications - Copper,checklist,,,,,,4244.04-016,,,,,
Communications - Copper,checklist,,,,,,4244.04-017,,,,,
Communications - Copper,checklist,,,,,,4244.04-018,,,,,
Communications - Copper,checklist,,,,,,4244.04-019,,,,,
Communications - Copper,checklist,,,,,,4244.04-020,,,,,
Communications - Copper,checklist,,,,,,4244.04-021,,,,,
Communications - Copper,checklist,,,,,,4244.04-022,,,,,
Communications - Copper,checklist,,,,,,4244.04-023,,,,,
Communications - Copper,checklist,,,,,,4244.04-024,,,,,
,step,,,,,Patch Panel: 4244.04-PPT-00002,,,,,,
Communications - Copper,checklist,,,,,,4244.04-025,,,,,
Communications - Copper,checklist,,,,,,4244.04-026,,,,,
Communications - Copper,checklist,,,,,,4244.04-027,,,,,
Communications - Copper,checklist,,,,,,4244.04-028,,,,,
Communications - Copper,checklist,,,,,,4244.04-029,,,,,
Communications - Copper,checklist,,,,,,4244.04-030,,,,,
Communications - Copper,checklist,,,,,,4244.04-031,,,,,
Communications - Copper,checklist,,,,,,4244.04-032,,,,,
Communications - Copper,checklist,,,,,,4244.04-033,,,,,
Communications - Copper,checklist,,,,,,4244.04-034,,,,,
Communications - Copper,checklist,,,,,,4244.04-035,,,,,
Communications - Copper,checklist,,,,,,4244.04-036,,,,,
Communications - Copper,checklist,,,,,,4244.04-037,,,,,
Communications - Copper,checklist,,,,,,4244.04-038,,,,,
Communications - Copper,checklist,,,,,,4244.04-039,,,,,
Communications - Copper,checklist,,,,,,4244.04-040,,,,,
Communications - Copper,checklist,,,,,,4244.04-041,,,,,
Communications - Copper,checklist,,,,,,4244.04-042,,,,,
Communications - Copper,checklist,,,,,,4244.04-043,,,,,
Communications - Copper,checklist,,,,,,4244.04-044,,,,,
Communications - Copper,checklist,,,,,,4244.04-045,,,,,
Communications - Copper,checklist,,,,,,4244.04-046,,,,,
Communications - Copper,checklist,,,,,,4244.04-047,,,,,
Communications - Copper,checklist,,,,,,4244.04-048,,,,,
,step,,,,,Patch Panel: 4244.04-PPT-00003,,,,,,
Communications - Copper,checklist,,,,,,4244.04-049,,,,,
Communications - Copper,checklist,,,,,,4244.04-050,,,,,
Communications - Copper,checklist,,,,,,4244.04-051,,,,,
Communications - Copper,checklist,,,,,,SPARE 1,,,,,
Communications - Copper,checklist,,,,,,SPARE 2,,,,,
Communications - Copper,checklist,,,,,,SPARE 3,,,,,
Communications - Copper,checklist,,,,,,SPARE 4,,,,,
Communications - Copper,checklist,,,,,,SPARE 5,,,,,
Communications - Copper,checklist,,,,,,SPARE 6,,,,,
Communications - Copper,checklist,,,,,,SPARE 7,,,,,
Communications - Copper,checklist,,,,,,SPARE 8,,,,,
Communications - Copper,checklist,,,,,,SPARE 9,,,,,
Communications - Copper,checklist,,,,,,SPARE 10,,,,,
Communications - Copper,checklist,,,,,,SPARE 11,,,,,
Communications - Copper,checklist,,,,,,SPARE 12,,,,,
Communications - Copper,checklist,,,,,,SPARE 13,,,,,
Communications - Copper,checklist,,,,,,SPARE 14,,,,,
Communications - Copper,checklist,,,,,,SPARE 15,,,,,
Communications - Copper,checklist,,,,,,SPARE 16,,,,,
Communications - Copper,checklist,,,,,,SPARE 17,,,,,
Communications - Copper,checklist,,,,,,SPARE 18,,,,,
Communications - Copper,checklist,,,,,,SPARE 19,,,,,
Communications - Copper,checklist,,,,,,SPARE 20,,,,,
Communications - Copper,checklist,,,,,,SPARE 21,,,,,
,step,,,,,Patch Panel: 4244.04-PPT-00004,,,,,,
Communications - Copper,checklist,,,,,,4244.04-3-001,,,,,
Communications - Copper,checklist,,,,,,4244.04-3-002,,,,,
Communications - Copper,checklist,,,,,,4244.04-3-003,,,,,
Communications - Copper,checklist,,,,,,SPARE 1,,,,,
Communications - Copper,checklist,,,,,,SPARE 2,,,,,
Communications - Copper,checklist,,,,,,SPARE 3,,,,,
Communications - Copper,checklist,,,,,,SPARE 4,,,,,
Communications - Copper,checklist,,,,,,SPARE 5,,,,,
Communications - Copper,checklist,,,,,,SPARE 6,,,,,
Communications - Copper,checklist,,,,,,SPARE 7,,,,,
Communications - Copper,checklist,,,,,,SPARE 8,,,,,
Communications - Copper,checklist,,,,,,SPARE 9,,,,,
Communications - Copper,checklist,,,,,,SPARE 10,,,,,
Communications - Copper,checklist,,,,,,SPARE 11,,,,,
Communications - Copper,checklist,,,,,,SPARE 12,,,,,
Communications - Copper,checklist,,,,,,SPARE 13,,,,,
Communications - Copper,checklist,,,,,,SPARE 14,,,,,
Communications - Copper,checklist,,,,,,SPARE 15,,,,,
Communications - Copper,checklist,,,,,,SPARE 16,,,,,
Communications - Copper,checklist,,,,,,SPARE 17,,,,,
Communications - Copper,checklist,,,,,,SPARE 18,,,,,
Communications - Copper,checklist,,,,,,SPARE 19,,,,,
Communications - Copper,checklist,,,,,,SPARE 20,,,,,
Communications - Copper,checklist,,,,,,SPARE 21,,,,,
,step,,,,,Patch Panel:  4244.12-PPC-00001,,,,,,
Communications - Copper,checklist,,,,,,4244.12-001,,,,,
Communications - Copper,checklist,,,,,,4244.12-002,,,,,
Communications - Copper,checklist,,,,,,4244.12-003,,,,,
Communications - Copper,checklist,,,,,,4244.12-004,,,,,
Communications - Copper,checklist,,,,,,4244.12-005,,,,,
Communications - Copper,checklist,,,,,,4244.12-006,,,,,
Communications - Copper,checklist,,,,,,4244.12-007,,,,,
Communications - Copper,checklist,,,,,,4244.12-008,,,,,
Communications - Copper,checklist,,,,,,4244.12-009,,,,,
Communications - Copper,checklist,,,,,,4244.12-010,,,,,
Communications - Copper,checklist,,,,,,4244.12-011,,,,,
Communications - Copper,checklist,,,,,,4244.12-012,,,,,
Communications - Copper,checklist,,,,,,4244.12-013,,,,,
Communications - Copper,checklist,,,,,,4244.12-014,,,,,
Communications - Copper,checklist,,,,,,4244.12-015,,,,,
Communications - Copper,checklist,,,,,,4244.12-016,,,,,
Communications - Copper,checklist,,,,,,4244.12-017,,,,,
Communications - Copper,checklist,,,,,,4244.12-018,,,,,
Communications - Copper,checklist,,,,,,4244.12-019,,,,,
Communications - Copper,checklist,,,,,,4244.12-020,,,,,
Communications - Copper,checklist,,,,,,4244.12-021,,,,,
Communications - Copper,checklist,,,,,,4244.12-022,,,,,
Communications - Copper,checklist,,,,,,4244.12-023,,,,,
Communications - Copper,checklist,,,,,,4244.12-024,,,,,
,step,,,,,Patch Panel: 4244.12-PPT-00002,,,,,,
Communications - Copper,checklist,,,,,,4244.12-025,,,,,
Communications - Copper,checklist,,,,,,4244.12-026,,,,,
Communications - Copper,checklist,,,,,,4244.12-027,,,,,
Communications - Copper,checklist,,,,,,4244.12-028,,,,,
Communications - Copper,checklist,,,,,,4244.12-029,,,,,
Communications - Copper,checklist,,,,,,4244.12-030,,,,,
Communications - Copper,checklist,,,,,,4244.12-031,,,,,
Communications - Copper,checklist,,,,,,4244.12-032,,,,,
Communications - Copper,checklist,,,,,,4244.12-033,,,,,
Communications - Copper,checklist,,,,,,4244.12-034,,,,,
Communications - Copper,checklist,,,,,,4244.12-035,,,,,
Communications - Copper,checklist,,,,,,4244.12-036,,,,,
Communications - Copper,checklist,,,,,,4244.12-037,,,,,
Communications - Copper,checklist,,,,,,4244.12-038,,,,,
Communications - Copper,checklist,,,,,,4244.12-039,,,,,
Communications - Copper,checklist,,,,,,4244.12-040,,,,,
Communications - Copper,checklist,,,,,,4244.12-041,,,,,
Communications - Copper,checklist,,,,,,4244.12-042,,,,,
Communications - Copper,checklist,,,,,,4244.12-043,,,,,
Communications - Copper,checklist,,,,,,4244.12-044,,,,,
Communications - Copper,checklist,,,,,,4244.12-045,,,,,
Communications - Copper,checklist,,,,,,4244.12-046,,,,,
Communications - Copper,checklist,,,,,,4244.12-047,,,,,
Communications - Copper,checklist,,,,,,4244.12-048,,,,,
,step,,,,,Patch Panel: 4244.12-PPT-00003,,,,,,
Communications - Copper,checklist,,,,,,4244.12-049,,,,,
Communications - Copper,checklist,,,,,,4244.12-050,,,,,
Communications - Copper,checklist,,,,,,4244.12-051,,,,,
Communications - Copper,checklist,,,,,,4244.12-052,,,,,
Communications - Copper,checklist,,,,,,4244.12-053,,,,,
Communications - Copper,checklist,,,,,,4244.12-054,,,,,
Communications - Copper,checklist,,,,,,4244.12-055,,,,,
Communications - Copper,checklist,,,,,,4244.12-056,,,,,
Communications - Copper,checklist,,,,,,4244.12-057,,,,,
Communications - Copper,checklist,,,,,,4244.12-058,,,,,
Communications - Copper,checklist,,,,,,4244.12-059,,,,,
Communications - Copper,checklist,,,,,,4244.12-060,,,,,
Communications - Copper,checklist,,,,,,4244.12-061,,,,,
Communications - Copper,checklist,,,,,,SPARE 1,,,,,
Communications - Copper,checklist,,,,,,SPARE 2,,,,,
Communications - Copper,checklist,,,,,,SPARE 3,,,,,
Communications - Copper,checklist,,,,,,SPARE 4,,,,,
Communications - Copper,checklist,,,,,,SPARE 5,,,,,
Communications - Copper,checklist,,,,,,SPARE 6,,,,,
Communications - Copper,checklist,,,,,,SPARE 7,,,,,
Communications - Copper,checklist,,,,,,SPARE 8,,,,,
Communications - Copper,checklist,,,,,,SPARE 9,,,,,
Communications - Copper,checklist,,,,,,SPARE 10,,,,,
Communications - Copper,checklist,,,,,,SPARE 11,,,,,
,step,,,,Rack: 4244.13-PPC-00001,,,,,,,
Communications - Cabinet,checklist,,,,,Cabinet ITC,,,,,,
,step,,,,,Patch Panel: 4244.13-PPT-00001,,,,,,
Communications - Copper,checklist,,,,,,4244.13-001,,,,,
Communications - Copper,checklist,,,,,,4244.13-002,,,,,
Communications - Copper,checklist,,,,,,4244.13-003,,,,,
Communications - Copper,checklist,,,,,,4244.13-004,,,,,
Communications - Copper,checklist,,,,,,4244.13-005,,,,,
Communications - Copper,checklist,,,,,,4244.13-006,,,,,
Communications - Copper,checklist,,,,,,4244.13-007,,,,,
Communications - Copper,checklist,,,,,,4244.13-008,,,,,
Communications - Copper,checklist,,,,,,4244.13-009,,,,,
Communications - Copper,checklist,,,,,,4244.13-010,,,,,
Communications - Copper,checklist,,,,,,4244.13-011,,,,,
Communications - Copper,checklist,,,,,,4244.13-012,,,,,
Communications - Copper,checklist,,,,,,4244.13-013,,,,,
Communications - Copper,checklist,,,,,,4244.13-014,,,,,
Communications - Copper,checklist,,,,,,4244.13-015,,,,,
Communications - Copper,checklist,,,,,,4244.13-016,,,,,
Communications - Copper,checklist,,,,,,4244.13-017,,,,,
Communications - Copper,checklist,,,,,,4244.13-018,,,,,
Communications - Copper,checklist,,,,,,4244.13-019,,,,,
Communications - Copper,checklist,,,,,,4244.13-020,,,,,
Communications - Copper,checklist,,,,,,4244.13-021,,,,,
Communications - Copper,checklist,,,,,,4244.13-022,,,,,
Communications - Copper,checklist,,,,,,4244.13-023,,,,,
Communications - Copper,checklist,,,,,,4244.13-024,,,,,
,step,,,,,Patch Panel: 4244.13-PPT-00002,,,,,,
Communications - Copper,checklist,,,,,,4244.13-025,,,,,
Communications - Copper,checklist,,,,,,4244.13-026,,,,,
Communications - Copper,checklist,,,,,,4244.13-027,,,,,
Communications - Copper,checklist,,,,,,4244.13-028,,,,,
Communications - Copper,checklist,,,,,,4244.13-029,,,,,
Communications - Copper,checklist,,,,,,4244.13-030,,,,,
Communications - Copper,checklist,,,,,,4244.13-031,,,,,
Communications - Copper,checklist,,,,,,4244.13-032,,,,,
Communications - Copper,checklist,,,,,,4244.13-033,,,,,
Communications - Copper,checklist,,,,,,4244.13-034,,,,,
Communications - Copper,checklist,,,,,,4244.13-035,,,,,
Communications - Copper,checklist,,,,,,4244.13-036,,,,,
Communications - Copper,checklist,,,,,,4244.13-037,,,,,
Communications - Copper,checklist,,,,,,4244.13-038,,,,,
Communications - Copper,checklist,,,,,,4244.13-039,,,,,
Communications - Copper,checklist,,,,,,4244.13-040,,,,,
Communications - Copper,checklist,,,,,,4244.13-041,,,,,
Communications - Copper,checklist,,,,,,4244.13-042,,,,,
Communications - Copper,checklist,,,,,,4244.13-043,,,,,
Communications - Copper,checklist,,,,,,4244.13-044,,,,,
Communications - Copper,checklist,,,,,,4244.13-045,,,,,
Communications - Copper,checklist,,,,,,4244.13-046,,,,,
Communications - Copper,checklist,,,,,,4244.13-047,,,,,
Communications - Copper,checklist,,,,,,4244.13-048,,,,,
,step,,,,,Patch Panel: 4244.13-PPT-00003,,,,,,
Communications - Copper,checklist,,,,,,4244.13-049,,,,,
Communications - Copper,checklist,,,,,,4244.13-050,,,,,
Communications - Copper,checklist,,,,,,4244.13-051,,,,,
Communications - Copper,checklist,,,,,,4244.13-052,,,,,
Communications - Copper,checklist,,,,,,4244.13-053,,,,,
Communications - Copper,checklist,,,,,,4244.13-054,,,,,
Communications - Copper,checklist,,,,,,4244.13-055,,,,,
Communications - Copper,checklist,,,,,,4244.13-056,,,,,
Communications - Copper,checklist,,,,,,4244.13-057,,,,,
Communications - Copper,checklist,,,,,,4244.13-058,,,,,
Communications - Copper,checklist,,,,,,4244.13-059,,,,,
Communications - Copper,checklist,,,,,,4244.13-060,,,,,
Communications - Copper,checklist,,,,,,4244.13-061,,,,,
Communications - Copper,checklist,,,,,,4244.13-062,,,,,
Communications - Copper,checklist,,,,,,4244.13-063,,,,,
Communications - Copper,checklist,,,,,,4244.13-064,,,,,
Communications - Copper,checklist,,,,,,4244.13-065,,,,,
Communications - Copper,checklist,,,,,,4244.13-066,,,,,
Communications - Copper,checklist,,,,,,4244.13-067,,,,,
Communications - Copper,checklist,,,,,,4244.13-068,,,,,
Communications - Copper,checklist,,,,,,4244.13-069,,,,,
Communications - Copper,checklist,,,,,,4244.13-070,,,,,
Communications - Copper,checklist,,,,,,4244.13-071,,,,,
Communications - Copper,checklist,,,,,,4244.13-072,,,,,
,step,,,,,Patch Panel: 4244.13-PPT-00004,,,,,,
Communications - Copper,checklist,,,,,,4244.13-073,,,,,
Communications - Copper,checklist,,,,,,4244.13-074,,,,,
Communications - Copper,checklist,,,,,,SPARE 1,,,,,
Communications - Copper,checklist,,,,,,SPARE 2,,,,,
Communications - Copper,checklist,,,,,,SPARE 3,,,,,
Communications - Copper,checklist,,,,,,SPARE 4,,,,,
Communications - Copper,checklist,,,,,,SPARE 5,,,,,
Communications - Copper,checklist,,,,,,SPARE 6,,,,,
Communications - Copper,checklist,,,,,,SPARE 7,,,,,
Communications - Copper,checklist,,,,,,SPARE 8,,,,,
Communications - Copper,checklist,,,,,,SPARE 9,,,,,
Communications - Copper,checklist,,,,,,SPARE 10,,,,,
Communications - Copper,checklist,,,,,,SPARE 11,,,,,
Communications - Copper,checklist,,,,,,SPARE 12,,,,,
Communications - Copper,checklist,,,,,,SPARE 13,,,,,
Communications - Copper,checklist,,,,,,SPARE 14,,,,,
Communications - Copper,checklist,,,,,,SPARE 15,,,,,
Communications - Copper,checklist,,,,,,SPARE 16,,,,,
Communications - Copper,checklist,,,,,,SPARE 17,,,,,
Communications - Copper,checklist,,,,,,SPARE 18,,,,,
Communications - Copper,checklist,,,,,,SPARE 19,,,,,
Communications - Copper,checklist,,,,,,SPARE 20,,,,,
Communications - Copper,checklist,,,,,,SPARE 21,,,,,
Communications - Copper,checklist,,,,,,SPARE 22,,,,,
,step,,,,Rack: 4244.14-PPC-00001,,,,,,,
Communications - Cabinet,checklist,,,,,Cabinet ITC,,,,,,
,step,,,,,Patch Panel: 4244.14-PPT-00001,,,,,,
Communications - Copper,checklist,,,,,,4244.14-001,,,,,
Communications - Copper,checklist,,,,,,4244.14-002,,,,,
Communications - Copper,checklist,,,,,,4244.14-003,,,,,
Communications - Copper,checklist,,,,,,4244.14-004,,,,,
Communications - Copper,checklist,,,,,,4244.14-005,,,,,
Communications - Copper,checklist,,,,,,4244.14-006,,,,,
Communications - Copper,checklist,,,,,,4244.14-007,,,,,
Communications - Copper,checklist,,,,,,4244.14-008,,,,,
Communications - Copper,checklist,,,,,,4244.14-009,,,,,
Communications - Copper,checklist,,,,,,4244.14-010,,,,,
Communications - Copper,checklist,,,,,,4244.14-011,,,,,
Communications - Copper,checklist,,,,,,4244.14-012,,,,,
Communications - Copper,checklist,,,,,,4244.14-013,,,,,
Communications - Copper,checklist,,,,,,4244.14-014,,,,,
Communications - Copper,checklist,,,,,,4244.14-015,,,,,
Communications - Copper,checklist,,,,,,4244.14-016,,,,,
Communications - Copper,checklist,,,,,,4244.14-017,,,,,
Communications - Copper,checklist,,,,,,4244.14-018,,,,,
Communications - Copper,checklist,,,,,,4244.14-019,,,,,
Communications - Copper,checklist,,,,,,4244.14-020,,,,,
Communications - Copper,checklist,,,,,,4244.14-021,,,,,
Communications - Copper,checklist,,,,,,4244.14-022,,,,,
Communications - Copper,checklist,,,,,,4244.14-023,,,,,
Communications - Copper,checklist,,,,,,4244.14-024,,,,,
,step,,,,,Patch Panel: 4244.14-PPT-00002,,,,,,
Communications - Copper,checklist,,,,,,4244.14-025,,,,,
Communications - Copper,checklist,,,,,,4244.14-026,,,,,
Communications - Copper,checklist,,,,,,4244.14-027,,,,,
Communications - Copper,checklist,,,,,,4244.14-028,,,,,
Communications - Copper,checklist,,,,,,4244.14-029,,,,,
Communications - Copper,checklist,,,,,,4244.14-030,,,,,
Communications - Copper,checklist,,,,,,4244.14-031,,,,,
Communications - Copper,checklist,,,,,,4244.14-032,,,,,
Communications - Copper,checklist,,,,,,4244.14-033,,,,,
Communications - Copper,checklist,,,,,,4244.14-034,,,,,
Communications - Copper,checklist,,,,,,4244.14-035,,,,,
Communications - Copper,checklist,,,,,,4244.14-036,,,,,
Communications - Copper,checklist,,,,,,4244.14-037,,,,,
Communications - Copper,checklist,,,,,,4244.14-038,,,,,
Communications - Copper,checklist,,,,,,4244.14-039,,,,,
Communications - Copper,checklist,,,,,,4244.14-040,,,,,
Communications - Copper,checklist,,,,,,4244.14-041,,,,,
Communications - Copper,checklist,,,,,,4244.14-042,,,,,
Communications - Copper,checklist,,,,,,4244.14-043,,,,,
Communications - Copper,checklist,,,,,,4244.14-044,,,,,
Communications - Copper,checklist,,,,,,4244.14-045,,,,,
Communications - Copper,checklist,,,,,,4244.14-046,,,,,
Communications - Copper,checklist,,,,,,4244.14-047,,,,,
Communications - Copper,checklist,,,,,,4244.14-048,,,,,
,step,,,,,Patch Panel: 4244.14-PPT-00003,,,,,,
Communications - Copper,checklist,,,,,,4244.14-049,,,,,
Communications - Copper,checklist,,,,,,4244.14-050,,,,,
Communications - Copper,checklist,,,,,,4244.14-051,,,,,
Communications - Copper,checklist,,,,,,4244.14-052,,,,,
Communications - Copper,checklist,,,,,,4244.14-053,,,,,
Communications - Copper,checklist,,,,,,4244.14-054,,,,,
Communications - Copper,checklist,,,,,,SPARE 1,,,,,
Communications - Copper,checklist,,,,,,SPARE 2,,,,,
Communications - Copper,checklist,,,,,,SPARE 3,,,,,
Communications - Copper,checklist,,,,,,SPARE 4,,,,,
Communications - Copper,checklist,,,,,,SPARE 5,,,,,
Communications - Copper,checklist,,,,,,SPARE 6,,,,,
Communications - Copper,checklist,,,,,,SPARE 7,,,,,
Communications - Copper,checklist,,,,,,SPARE 8,,,,,
Communications - Copper,checklist,,,,,,SPARE 9,,,,,
Communications - Copper,checklist,,,,,,SPARE 10,,,,,
Communications - Copper,checklist,,,,,,SPARE 11,,,,,
Communications - Copper,checklist,,,,,,SPARE 12,,,,,
Communications - Copper,checklist,,,,,,SPARE 13,,,,,
Communications - Copper,checklist,,,,,,SPARE 14,,,,,
Communications - Copper,checklist,,,,,,SPARE 15,,,,,
Communications - Copper,checklist,,,,,,SPARE 16,,,,,
Communications - Copper,checklist,,,,,,SPARE 17,,,,,
Communications - Copper,checklist,,,,,,SPARE 18,,,,,
,step,,,,Rack: 4244.15-PPC-00001,,,,,,,
Communications - Cabinet,checklist,,,,,Cabinet ITC,,,,,,
,step,,,,,Patch Panel: 4244.15-PPT-00001,,,,,,
Communications - Copper,checklist,,,,,,4244.15-001,,,,,
Communications - Copper,checklist,,,,,,4244.15-002,,,,,
Communications - Copper,checklist,,,,,,4244.15-003,,,,,
Communications - Copper,checklist,,,,,,4244.15-004,,,,,
Communications - Copper,checklist,,,,,,4244.15-005,,,,,
Communications - Copper,checklist,,,,,,4244.15-006,,,,,
Communications - Copper,checklist,,,,,,4244.15-007,,,,,
Communications - Copper,checklist,,,,,,4244.15-008,,,,,
Communications - Copper,checklist,,,,,,4244.15-009,,,,,
Communications - Copper,checklist,,,,,,4244.15-010,,,,,
Communications - Copper,checklist,,,,,,4244.15-011,,,,,
Communications - Copper,checklist,,,,,,4244.15-012,,,,,
Communications - Copper,checklist,,,,,,4244.15-013,,,,,
Communications - Copper,checklist,,,,,,4244.15-014,,,,,
Communications - Copper,checklist,,,,,,4244.15-015,,,,,
Communications - Copper,checklist,,,,,,4244.15-016,,,,,
Communications - Copper,checklist,,,,,,4244.15-017,,,,,
Communications - Copper,checklist,,,,,,4244.15-018,,,,,
Communications - Copper,checklist,,,,,,4244.15-019,,,,,
Communications - Copper,checklist,,,,,,4244.15-020,,,,,
Communications - Copper,checklist,,,,,,4244.15-021,,,,,
Communications - Copper,checklist,,,,,,4244.15-022,,,,,
Communications - Copper,checklist,,,,,,4244.15-023,,,,,
Communications - Copper,checklist,,,,,,4244.15-024,,,,,
,step,,,,,Patch Panel: 4244.15-PPT-00002,,,,,,
Communications - Copper,checklist,,,,,,4244.15-025,,,,,
Communications - Copper,checklist,,,,,,4244.15-026,,,,,
Communications - Copper,checklist,,,,,,4244.15-027,,,,,
Communications - Copper,checklist,,,,,,4244.15-028,,,,,
Communications - Copper,checklist,,,,,,4244.15-029,,,,,
Communications - Copper,checklist,,,,,,4244.15-030,,,,,
Communications - Copper,checklist,,,,,,4244.15-031,,,,,
Communications - Copper,checklist,,,,,,4244.15-032,,,,,
Communications - Copper,checklist,,,,,,4244.15-033,,,,,
Communications - Copper,checklist,,,,,,4244.15-034,,,,,
Communications - Copper,checklist,,,,,,4244.15-035,,,,,
Communications - Copper,checklist,,,,,,4244.15-036,,,,,
Communications - Copper,checklist,,,,,,4244.15-037,,,,,
Communications - Copper,checklist,,,,,,4244.15-038,,,,,
Communications - Copper,checklist,,,,,,4244.15-039,,,,,
Communications - Copper,checklist,,,,,,4244.15-040,,,,,
Communications - Copper,checklist,,,,,,4244.15-041,,,,,
Communications - Copper,checklist,,,,,,SPARE 1,,,,,
Communications - Copper,checklist,,,,,,SPARE 2,,,,,
Communications - Copper,checklist,,,,,,SPARE 3,,,,,
Communications - Copper,checklist,,,,,,SPARE 4,,,,,
Communications - Copper,checklist,,,,,,SPARE 5,,,,,
Communications - Copper,checklist,,,,,,SPARE 6,,,,,
Communications - Copper,checklist,,,,,,SPARE 7,,,,,
,step,,,,,Patch Panel: 4244.15-PPT-00003,,,,,,
Communications - Copper,checklist,,,,,,4244.15-3-001,,,,,
Communications - Copper,checklist,,,,,,4244.15-3-002,,,,,
Communications - Copper,checklist,,,,,,4244.15-3-003,,,,,
Communications - Copper,checklist,,,,,,SPARE 1,,,,,
Communications - Copper,checklist,,,,,,SPARE 2,,,,,
Communications - Copper,checklist,,,,,,SPARE 3,,,,,
Communications - Copper,checklist,,,,,,SPARE 4,,,,,
Communications - Copper,checklist,,,,,,SPARE 5,,,,,
Communications - Copper,checklist,,,,,,SPARE 6,,,,,
Communications - Copper,checklist,,,,,,SPARE 7,,,,,
Communications - Copper,checklist,,,,,,SPARE 8,,,,,
Communications - Copper,checklist,,,,,,SPARE 9,,,,,
Communications - Copper,checklist,,,,,,SPARE 10,,,,,
Communications - Copper,checklist,,,,,,SPARE 11,,,,,
Communications - Copper,checklist,,,,,,SPARE 12,,,,,
Communications - Copper,checklist,,,,,,SPARE 13,,,,,
Communications - Copper,checklist,,,,,,SPARE 14,,,,,
Communications - Copper,checklist,,,,,,SPARE 15,,,,,
Communications - Copper,checklist,,,,,,SPARE 16,,,,,
Communications - Copper,checklist,,,,,,SPARE 17,,,,,
Communications - Copper,checklist,,,,,,SPARE 18,,,,,
Communications - Copper,checklist,,,,,,SPARE 19,,,,,
Communications - Copper,checklist,,,,,,SPARE 20,,,,,
Communications - Copper,checklist,,,,,,SPARE 21,,,,,
,step,,,,Rack: 4244.16-PPC-00001,,,,,,,
Communications - Cabinet,checklist,,,,,Cabinet ITC,,,,,,
,step,,,,,Patch Panel: 4244.16-PPT-00001,,,,,,
Communications - Copper,checklist,,,,,,4244.16-001,,,,,
Communications - Copper,checklist,,,,,,4244.16-002,,,,,
Communications - Copper,checklist,,,,,,4244.16-003,,,,,
Communications - Copper,checklist,,,,,,4244.16-004,,,,,
Communications - Copper,checklist,,,,,,4244.16-005,,,,,
Communications - Copper,checklist,,,,,,4244.16-006,,,,,
Communications - Copper,checklist,,,,,,4244.16-007,,,,,
Communications - Copper,checklist,,,,,,4244.16-008,,,,,
Communications - Copper,checklist,,,,,,4244.16-009,,,,,
Communications - Copper,checklist,,,,,,4244.16-010,,,,,
Communications - Copper,checklist,,,,,,4244.16-011,,,,,
Communications - Copper,checklist,,,,,,4244.16-012,,,,,
Communications - Copper,checklist,,,,,,4244.16-013,,,,,
Communications - Copper,checklist,,,,,,4244.16-014,,,,,
Communications - Copper,checklist,,,,,,4244.16-015,,,,,
Communications - Copper,checklist,,,,,,4244.16-016,,,,,
Communications - Copper,checklist,,,,,,4244.16-017,,,,,
Communications - Copper,checklist,,,,,,4244.16-018,,,,,
Communications - Copper,checklist,,,,,,4244.16-019,,,,,
Communications - Copper,checklist,,,,,,4244.16-020,,,,,
Communications - Copper,checklist,,,,,,4244.16-021,,,,,
Communications - Copper,checklist,,,,,,4244.16-022,,,,,
Communications - Copper,checklist,,,,,,4244.16-023,,,,,
Communications - Copper,checklist,,,,,,4244.16-024,,,,,
,step,,,,,Patch Panel: 4244.16-PPT-00002,,,,,,
Communications - Copper,checklist,,,,,,4244.16-025,,,,,
Communications - Copper,checklist,,,,,,4244.16-026,,,,,
Communications - Copper,checklist,,,,,,4244.16-027,,,,,
Communications - Copper,checklist,,,,,,4244.16-028,,,,,
Communications - Copper,checklist,,,,,,4244.16-029,,,,,
Communications - Copper,checklist,,,,,,4244.16-030,,,,,
Communications - Copper,checklist,,,,,,4244.16-031,,,,,
Communications - Copper,checklist,,,,,,4244.16-032,,,,,
Communications - Copper,checklist,,,,,,4244.16-033,,,,,
Communications - Copper,checklist,,,,,,4244.16-034,,,,,
Communications - Copper,checklist,,,,,,4244.16-035,,,,,
Communications - Copper,checklist,,,,,,4244.16-036,,,,,
Communications - Copper,checklist,,,,,,4244.16-037,,,,,
Communications - Copper,checklist,,,,,,4244.16-038,,,,,
Communications - Copper,checklist,,,,,,4244.16-039,,,,,
Communications - Copper,checklist,,,,,,4244.16-040,,,,,
Communications - Copper,checklist,,,,,,4244.16-041,,,,,
Communications - Copper,checklist,,,,,,4244.16-042,,,,,
Communications - Copper,checklist,,,,,,4244.16-043,,,,,
Communications - Copper,checklist,,,,,,4244.16-044,,,,,
Communications - Copper,checklist,,,,,,4244.16-045,,,,,
Communications - Copper,checklist,,,,,,4244.16-046,,,,,
Communications - Copper,checklist,,,,,,4244.16-047,,,,,
Communications - Copper,checklist,,,,,,4244.16-048,,,,,
,step,,,,,Patch Panel: 4244.16-PPT-00003,,,,,,
Communications - Copper,checklist,,,,,,4244.16-049,,,,,
Communications - Copper,checklist,,,,,,4244.16-050,,,,,
Communications - Copper,checklist,,,,,,4244.16-051,,,,,
Communications - Copper,checklist,,,,,,4244.16-052,,,,,
Communications - Copper,checklist,,,,,,4244.16-053,,,,,
Communications - Copper,checklist,,,,,,4244.16-054,,,,,
Communications - Copper,checklist,,,,,,4244.16-055,,,,,
Communications - Copper,checklist,,,,,,4244.16-056,,,,,
Communications - Copper,checklist,,,,,,4244.16-057,,,,,
Communications - Copper,checklist,,,,,,4244.16-058,,,,,
Communications - Copper,checklist,,,,,,4244.16-059,,,,,
Communications - Copper,checklist,,,,,,4244.16-060,,,,,
Communications - Copper,checklist,,,,,,4244.16-061,,,,,
Communications - Copper,checklist,,,,,,4244.16-062,,,,,
Communications - Copper,checklist,,,,,,4244.16-063,,,,,
Communications - Copper,checklist,,,,,,4244.16-064,,,,,
Communications - Copper,checklist,,,,,,4244.16-065,,,,,
Communications - Copper,checklist,,,,,,4244.16-066,,,,,
Communications - Copper,checklist,,,,,,4244.16-067,,,,,
Communications - Copper,checklist,,,,,,4244.16-068,,,,,
Communications - Copper,checklist,,,,,,4244.16-069,,,,,
Communications - Copper,checklist,,,,,,4244.16-070,,,,,
Communications - Copper,checklist,,,,,,4244.16-071,,,,,
Communications - Copper,checklist,,,,,,4244.16-072,,,,,
,step,,,,,Patch Panel: 4244.16-PPT-00004,,,,,,
Communications - Copper,checklist,,,,,,4244.16-073,,,,,
Communications - Copper,checklist,,,,,,4244.16-074,,,,,
Communications - Copper,checklist,,,,,,4244.16-075,,,,,
Communications - Copper,checklist,,,,,,4244.16-076,,,,,
Communications - Copper,checklist,,,,,,4244.16-077,,,,,
Communications - Copper,checklist,,,,,,4244.16-078,,,,,
Communications - Copper,checklist,,,,,,4244.16-079,,,,,
Communications - Copper,checklist,,,,,,4244.16-080,,,,,
Communications - Copper,checklist,,,,,,4244.16-081,,,,,
Communications - Copper,checklist,,,,,,4244.16-082,,,,,
Communications - Copper,checklist,,,,,,4244.16-083,,,,,
Communications - Copper,checklist,,,,,,4244.16-084,,,,,
Communications - Copper,checklist,,,,,,4244.16-085,,,,,
Communications - Copper,checklist,,,,,,4244.16-086,,,,,
Communications - Copper,checklist,,,,,,4244.16-087,,,,,
Communications - Copper,checklist,,,,,,4244.16-088,,,,,
Communications - Copper,checklist,,,,,,4244.16-089,,,,,
Communications - Copper,checklist,,,,,,4244.16-090,,,,,
Communications - Copper,checklist,,,,,,4244.16-091,,,,,
Communications - Copper,checklist,,,,,,4244.16-092,,,,,
Communications - Copper,checklist,,,,,,4244.16-093,,,,,
Communications - Copper,checklist,,,,,,4244.16-094,,,,,
Communications - Copper,checklist,,,,,,4244.16-095,,,,,
Communications - Copper,checklist,,,,,,4244.16-096,,,,,
,step,,,,,Patch Panel: 4244.16-PPT-00005,,,,,,
Communications - Copper,checklist,,,,,,4244.16-097,,,,,
Communications - Copper,checklist,,,,,,4244.16-098,,,,,
Communications - Copper,checklist,,,,,,4244.16-099,,,,,
Communications - Copper,checklist,,,,,,4244.16-100,,,,,
Communications - Copper,checklist,,,,,,4244.16-101,,,,,
Communications - Copper,checklist,,,,,,4244.16-102,,,,,
Communications - Copper,checklist,,,,,,4244.16-103,,,,,
Communications - Copper,checklist,,,,,,4244.16-104,,,,,
Communications - Copper,checklist,,,,,,4244.16-105,,,,,
Communications - Copper,checklist,,,,,,4244.16-106,,,,,
Communications - Copper,checklist,,,,,,4244.16-107,,,,,
Communications - Copper,checklist,,,,,,4244.16-108,,,,,
Communications - Copper,checklist,,,,,,4244.16-109,,,,,
Communications - Copper,checklist,,,,,,4244.16-110,,,,,
Communications - Copper,checklist,,,,,,4244.16-111,,,,,
Communications - Copper,checklist,,,,,,4244.16-112,,,,,
Communications - Copper,checklist,,,,,,4244.16-113,,,,,
Communications - Copper,checklist,,,,,,4244.16-114,,,,,
Communications - Copper,checklist,,,,,,4244.16-115,,,,,
Communications - Copper,checklist,,,,,,4244.16-116,,,,,
Communications - Copper,checklist,,,,,,4244.16-117,,,,,
Communications - Copper,checklist,,,,,,4244.16-118,,,,,
Communications - Copper,checklist,,,,,,4244.16-119,,,,,
Communications - Copper,checklist,,,,,,4244.16-120,,,,,
,step,,,,,Patch Panel: 4244.16-PPT-00006,,,,,,
Communications - Copper,checklist,,,,,,4244.16-121,,,,,
Communications - Copper,checklist,,,,,,4244.16-122,,,,,
Communications - Copper,checklist,,,,,,4244.16-123,,,,,
Communications - Copper,checklist,,,,,,4244.16-124,,,,,
Communications - Copper,checklist,,,,,,4244.16-125,,,,,
Communications - Copper,checklist,,,,,,4244.16-126,,,,,
Communications - Copper,checklist,,,,,,4244.16-127,,,,,
Communications - Copper,checklist,,,,,,4244.16-128,,,,,
Communications - Copper,checklist,,,,,,4244.16-129,,,,,
Communications - Copper,checklist,,,,,,4244.16-130,,,,,
Communications - Copper,checklist,,,,,,4244.16-131,,,,,
Communications - Copper,checklist,,,,,,4244.16-132,,,,,
Communications - Copper,checklist,,,,,,4244.16-133,,,,,
Communications - Copper,checklist,,,,,,4244.16-134,,,,,
Communications - Copper,checklist,,,,,,4244.16-135,,,,,
Communications - Copper,checklist,,,,,,4244.16-136,,,,,
Communications - Copper,checklist,,,,,,4244.16-137,,,,,
Communications - Copper,checklist,,,,,,4244.16-138,,,,,
Communications - Copper,checklist,,,,,,4244.16-139,,,,,
Communications - Copper,checklist,,,,,,4244.16-140,,,,,
Communications - Copper,checklist,,,,,,4244.16-141,,,,,
Communications - Copper,checklist,,,,,,4244.16-142,,,,,
Communications - Copper,checklist,,,,,,4244.16-143,,,,,
Communications - Copper,checklist,,,,,,4244.16-144,,,,,
,step,,,,,Patch Panel: 4244.16-PPT-00007,,,,,,
Communications - Copper,checklist,,,,,,4244.16-145,,,,,
Communications - Copper,checklist,,,,,,4244.16-146,,,,,
Communications - Copper,checklist,,,,,,4244.16-147,,,,,
Communications - Copper,checklist,,,,,,4244.16-148,,,,,
Communications - Copper,checklist,,,,,,4244.16-149,,,,,
Communications - Copper,checklist,,,,,,4244.16-150,,,,,
Communications - Copper,checklist,,,,,,4244.16-151,,,,,
Communications - Copper,checklist,,,,,,4244.16-152,,,,,
Communications - Copper,checklist,,,,,,4244.16-153,,,,,
Communications - Copper,checklist,,,,,,4244.16-154,,,,,
Communications - Copper,checklist,,,,,,4244.16-155,,,,,
Communications - Copper,checklist,,,,,,4244.16-156,,,,,
Communications - Copper,checklist,,,,,,4244.16-157,,,,,
Communications - Copper,checklist,,,,,,4244.16-158,,,,,
Communications - Copper,checklist,,,,,,4244.16-159,,,,,
Communications - Copper,checklist,,,,,,4244.16-160,,,,,
Communications - Copper,checklist,,,,,,4244.16-161,,,,,
Communications - Copper,checklist,,,,,,4244.16-162,,,,,
Communications - Copper,checklist,,,,,,4244.16-163,,,,,
Communications - Copper,checklist,,,,,,4244.16-164,,,,,
Communications - Copper,checklist,,,,,,4244.16-165,,,,,
Communications - Copper,checklist,,,,,,4244.16-166,,,,,
Communications - Copper,checklist,,,,,,4244.16-167,,,,,
Communications - Copper,checklist,,,,,,4244.16-168,,,,,
,step,,,,,Patch Panel: 4244.16-PPT-00008,,,,,,
Communications - Copper,checklist,,,,,,4244.16-169,,,,,
Communications - Copper,checklist,,,,,,4244.16-170,,,,,
Communications - Copper,checklist,,,,,,4244.16-171,,,,,
Communications - Copper,checklist,,,,,,4244.16-172,,,,,
Communications - Copper,checklist,,,,,,4244.16-173,,,,,
Communications - Copper,checklist,,,,,,4244.16-174,,,,,
Communications - Copper,checklist,,,,,,4244.16-175,,,,,
Communications - Copper,checklist,,,,,,4244.16-176,,,,,
Communications - Copper,checklist,,,,,,4244.16-177,,,,,
Communications - Copper,checklist,,,,,,4244.16-178,,,,,
Communications - Copper,checklist,,,,,,4244.16-179,,,,,
Communications - Copper,checklist,,,,,,4244.16-180,,,,,
Communications - Copper,checklist,,,,,,4244.16-181,,,,,
Communications - Copper,checklist,,,,,,4244.16-182,,,,,
Communications - Copper,checklist,,,,,,4244.16-183,,,,,
Communications - Copper,checklist,,,,,,4244.16-184,,,,,
Communications - Copper,checklist,,,,,,4244.16-185,,,,,
Communications - Copper,checklist,,,,,,4244.16-186,,,,,
Communications - Copper,checklist,,,,,,4244.16-187,,,,,
Communications - Copper,checklist,,,,,,4244.16-188,,,,,
Communications - Copper,checklist,,,,,,4244.16-189,,,,,
Communications - Copper,checklist,,,,,,4244.16-190,,,,,
Communications - Copper,checklist,,,,,,4244.16-191,,,,,
Communications - Copper,checklist,,,,,,4244.16-192,,,,,
,step,,,,,Patch Panel: 4244.16-PPT-00009,,,,,,
Communications - Copper,checklist,,,,,,4244.16-193,,,,,
Communications - Copper,checklist,,,,,,4244.16-194,,,,,
Communications - Copper,checklist,,,,,,4244.16-195,,,,,
Communications - Copper,checklist,,,,,,4244.16-196,,,,,
Communications - Copper,checklist,,,,,,4244.16-197,,,,,
Communications - Copper,checklist,,,,,,4244.16-198,,,,,
Communications - Copper,checklist,,,,,,4244.16-199,,,,,
Communications - Copper,checklist,,,,,,4244.16-200,,,,,
Communications - Copper,checklist,,,,,,4244.16-201,,,,,
Communications - Copper,checklist,,,,,,4244.16-202,,,,,
Communications - Copper,checklist,,,,,,4244.16-203,,,,,
Communications - Copper,checklist,,,,,,4244.16-204,,,,,
Communications - Copper,checklist,,,,,,4244.16-205,,,,,
Communications - Copper,checklist,,,,,,4244.16-206,,,,,
Communications - Copper,checklist,,,,,,4244.16-207,,,,,
Communications - Copper,checklist,,,,,,SPARE 1,,,,,
Communications - Copper,checklist,,,,,,SPARE 2,,,,,
Communications - Copper,checklist,,,,,,SPARE 3,,,,,
Communications - Copper,checklist,,,,,,SPARE 4,,,,,
Communications - Copper,checklist,,,,,,SPARE 5,,,,,
Communications - Copper,checklist,,,,,,SPARE 6,,,,,
Communications - Copper,checklist,,,,,,SPARE 7,,,,,
Communications - Copper,checklist,,,,,,SPARE 8,,,,,
Communications - Copper,checklist,,,,,,SPARE 9,,,,,
,step,,,,,Patch Panel: 4244.16-PPT-00010,,,,,,
Communications - Copper,checklist,,,,,,SPARE 1,,,,,
Communications - Copper,checklist,,,,,,SPARE 2,,,,,
Communications - Copper,checklist,,,,,,SPARE 3,,,,,
Communications - Copper,checklist,,,,,,SPARE 4,,,,,
Communications - Copper,checklist,,,,,,SPARE 5,,,,,
Communications - Copper,checklist,,,,,,SPARE 6,,,,,
Communications - Copper,checklist,,,,,,SPARE 7,,,,,
Communications - Copper,checklist,,,,,,SPARE 8,,,,,
Communications - Copper,checklist,,,,,,SPARE 9,,,,,
Communications - Copper,checklist,,,,,,SPARE 10,,,,,
Communications - Copper,checklist,,,,,,SPARE 11,,,,,
Communications - Copper,checklist,,,,,,SPARE 12,,,,,
Communications - Copper,checklist,,,,,,SPARE 13,,,,,
Communications - Copper,checklist,,,,,,SPARE 14,,,,,
Communications - Copper,checklist,,,,,,SPARE 15,,,,,
Communications - Copper,checklist,,,,,,SPARE 16,,,,,
Communications - Copper,checklist,,,,,,SPARE 17,,,,,
Communications - Copper,checklist,,,,,,SPARE 18,,,,,
Communications - Copper,checklist,,,,,,SPARE 19,,,,,
Communications - Copper,checklist,,,,,,SPARE 20,,,,,
Communications - Copper,checklist,,,,,,SPARE 21,,,,,
Communications - Copper,checklist,,,,,,SPARE 22,,,,,
Communications - Copper,checklist,,,,,,SPARE 23,,,,,
Communications - Copper,checklist,,,,,,SPARE 24,,,,,
,step,,,,,Patch Panel: 4244.16-PPT-00011,,,,,,
Communications - Copper,checklist,,,,,,4244.16-3-001,,,,,
Communications - Copper,checklist,,,,,,4244.16-3-002,,,,,
Communications - Copper,checklist,,,,,,4244.16-3-003,,,,,
Communications - Copper,checklist,,,,,,4244.16-3-004,,,,,
Communications - Copper,checklist,,,,,,4244.16-3-005,,,,,
Communications - Copper,checklist,,,,,,4244.16-3-006,,,,,
Communications - Copper,checklist,,,,,,4244.16-3-007,,,,,
Communications - Copper,checklist,,,,,,4244.16-3-008,,,,,
Communications - Copper,checklist,,,,,,4244.16-3-009,,,,,
Communications - Copper,checklist,,,,,,4244.16-3-010,,,,,
Communications - Copper,checklist,,,,,,4244.16-3-011,,,,,
Communications - Copper,checklist,,,,,,4244.16-3-012,,,,,
Communications - Copper,checklist,,,,,,4244.16-3-013,,,,,
Communications - Copper,checklist,,,,,,4244.16-3-014,,,,,
Communications - Copper,checklist,,,,,,4244.16-3-015,,,,,
Communications - Copper,checklist,,,,,,4244.16-3-016,,,,,
Communications - Copper,checklist,,,,,,4244.16-3-017,,,,,
Communications - Copper,checklist,,,,,,4244.16-3-018,,,,,
Communications - Copper,checklist,,,,,,4244.16-3-019,,,,,
Communications - Copper,checklist,,,,,,4244.16-3-020,,,,,
Communications - Copper,checklist,,,,,,4244.16-3-021,,,,,
Communications - Copper,checklist,,,,,,4244.16-3-022,,,,,
Communications - Copper,checklist,,,,,,4244.16-3-023,,,,,
Communications - Copper,checklist,,,,,,4244.16-3-024,,,,,
,step,,,,,Patch Panel: 4244.16-PPT-00012,,,,,,
Communications - Copper,checklist,,,,,,4244.16-3-025,,,,,
Communications - Copper,checklist,,,,,,4244.16-3-026,,,,,
Communications - Copper,checklist,,,,,,4244.16-3-027,,,,,
Communications - Copper,checklist,,,,,,4244.16-3-028,,,,,
Communications - Copper,checklist,,,,,,4244.16-3-029,,,,,
Communications - Copper,checklist,,,,,,4244.16-3-030,,,,,
Communications - Copper,checklist,,,,,,4244.16-3-031,,,,,
Communications - Copper,checklist,,,,,,SPARE 1,,,,,
Communications - Copper,checklist,,,,,,SPARE 2,,,,,
Communications - Copper,checklist,,,,,,SPARE 3,,,,,
Communications - Copper,checklist,,,,,,SPARE 4,,,,,
Communications - Copper,checklist,,,,,,SPARE 5,,,,,
Communications - Copper,checklist,,,,,,SPARE 6,,,,,
Communications - Copper,checklist,,,,,,SPARE 7,,,,,
Communications - Copper,checklist,,,,,,SPARE 8,,,,,
Communications - Copper,checklist,,,,,,SPARE 9,,,,,
Communications - Copper,checklist,,,,,,SPARE 10,,,,,
Communications - Copper,checklist,,,,,,SPARE 11,,,,,
Communications - Copper,checklist,,,,,,SPARE 12,,,,,
Communications - Copper,checklist,,,,,,SPARE 13,,,,,
Communications - Copper,checklist,,,,,,SPARE 14,,,,,
Communications - Copper,checklist,,,,,,SPARE 15,,,,,
Communications - Copper,checklist,,,,,,SPARE 16,,,,,
Communications - Copper,checklist,,,,,,SPARE 17,,,,,
,step,,,,,Patch Panel: 4244.16-PPT-00013,,,,,,
Communications - Copper,checklist,,,,,,4244.16-4-001,,,,,
Communications - Copper,checklist,,,,,,4244.16-4-002,,,,,
Communications - Copper,checklist,,,,,,4244.16-4-003,,,,,
Communications - Copper,checklist,,,,,,4244.16-4-004,,,,,
Communications - Copper,checklist,,,,,,4244.16-4-005,,,,,
Communications - Copper,checklist,,,,,,4244.16-4-006,,,,,
Communications - Copper,checklist,,,,,,SPARE 1,,,,,
Communications - Copper,checklist,,,,,,SPARE 2,,,,,
Communications - Copper,checklist,,,,,,SPARE 3,,,,,
Communications - Copper,checklist,,,,,,SPARE 4,,,,,
Communications - Copper,checklist,,,,,,SPARE 5,,,,,
Communications - Copper,checklist,,,,,,SPARE 6,,,,,
Communications - Copper,checklist,,,,,,SPARE 7,,,,,
Communications - Copper,checklist,,,,,,SPARE 8,,,,,
Communications - Copper,checklist,,,,,,SPARE 9,,,,,
Communications - Copper,checklist,,,,,,SPARE 10,,,,,
Communications - Copper,checklist,,,,,,SPARE 11,,,,,
Communications - Copper,checklist,,,,,,SPARE 12,,,,,
Communications - Copper,checklist,,,,,,SPARE 13,,,,,
Communications - Copper,checklist,,,,,,SPARE 14,,,,,
Communications - Copper,checklist,,,,,,SPARE 15,,,,,
Communications - Copper,checklist,,,,,,SPARE 16,,,,,
Communications - Copper,checklist,,,,,,SPARE 17,,,,,
Communications - Copper,checklist,,,,,,SPARE 18,,,,,
,step,,,,Rack: 4244.17-PPC-00001,,,,,,,
Communications - Cabinet,checklist,,,,,Cabinet ITC,,,,,,
,step,,,,,Patch Panel: 4244.17-PPT-00001,,,,,,
Communications - Copper,checklist,,,,,,4244.17-001,,,,,
Communications - Copper,checklist,,,,,,4244.17-002,,,,,
Communications - Copper,checklist,,,,,,4244.17-003,,,,,
Communications - Copper,checklist,,,,,,4244.17-004,,,,,
Communications - Copper,checklist,,,,,,4244.17-005,,,,,
Communications - Copper,checklist,,,,,,4244.17-006,,,,,
Communications - Copper,checklist,,,,,,4244.17-007,,,,,
Communications - Copper,checklist,,,,,,4244.17-008,,,,,
Communications - Copper,checklist,,,,,,4244.17-009,,,,,
Communications - Copper,checklist,,,,,,4244.17-010,,,,,
Communications - Copper,checklist,,,,,,4244.17-011,,,,,
Communications - Copper,checklist,,,,,,4244.17-012,,,,,
Communications - Copper,checklist,,,,,,4244.17-013,,,,,
Communications - Copper,checklist,,,,,,4244.17-014,,,,,
Communications - Copper,checklist,,,,,,4244.17-015,,,,,
Communications - Copper,checklist,,,,,,4244.17-016,,,,,
Communications - Copper,checklist,,,,,,4244.17-017,,,,,
Communications - Copper,checklist,,,,,,4244.17-018,,,,,
Communications - Copper,checklist,,,,,,4244.17-019,,,,,
Communications - Copper,checklist,,,,,,4244.17-020,,,,,
Communications - Copper,checklist,,,,,,4244.17-021,,,,,
Communications - Copper,checklist,,,,,,4244.17-022,,,,,
Communications - Copper,checklist,,,,,,4244.17-023,,,,,
Communications - Copper,checklist,,,,,,4244.17-024,,,,,
,step,,,,,Patch Panel: 4244.17-PPT-00002,,,,,,
Communications - Copper,checklist,,,,,,4244.17-025,,,,,
Communications - Copper,checklist,,,,,,4244.17-026,,,,,
Communications - Copper,checklist,,,,,,4244.17-027,,,,,
Communications - Copper,checklist,,,,,,4244.17-028,,,,,
Communications - Copper,checklist,,,,,,4244.17-029,,,,,
Communications - Copper,checklist,,,,,,4244.17-030,,,,,
Communications - Copper,checklist,,,,,,4244.17-031,,,,,
Communications - Copper,checklist,,,,,,4244.17-032,,,,,
Communications - Copper,checklist,,,,,,4244.17-033,,,,,
Communications - Copper,checklist,,,,,,4244.17-034,,,,,
Communications - Copper,checklist,,,,,,4244.17-035,,,,,
Communications - Copper,checklist,,,,,,4244.17-036,,,,,
Communications - Copper,checklist,,,,,,4244.17-037,,,,,
Communications - Copper,checklist,,,,,,4244.17-038,,,,,
Communications - Copper,checklist,,,,,,4244.17-039,,,,,
Communications - Copper,checklist,,,,,,4244.17-040,,,,,
Communications - Copper,checklist,,,,,,4244.17-041,,,,,
Communications - Copper,checklist,,,,,,4244.17-042,,,,,
Communications - Copper,checklist,,,,,,4244.17-043,,,,,
Communications - Copper,checklist,,,,,,4244.17-044,,,,,
Communications - Copper,checklist,,,,,,4244.17-045,,,,,
Communications - Copper,checklist,,,,,,4244.17-046,,,,,
Communications - Copper,checklist,,,,,,4244.17-047,,,,,
Communications - Copper,checklist,,,,,,4244.17-048,,,,,
,step,,,,,Patch Panel: 4244.17-PPT-00003,,,,,,
Communications - Copper,checklist,,,,,,4244.17-049,,,,,
Communications - Copper,checklist,,,,,,4244.17-050,,,,,
Communications - Copper,checklist,,,,,,4244.17-051,,,,,
Communications - Copper,checklist,,,,,,4244.17-052,,,,,
Communications - Copper,checklist,,,,,,4244.17-053,,,,,
Communications - Copper,checklist,,,,,,4244.17-054,,,,,
Communications - Copper,checklist,,,,,,4244.17-055,,,,,
Communications - Copper,checklist,,,,,,4244.17-056,,,,,
Communications - Copper,checklist,,,,,,4244.17-057,,,,,
Communications - Copper,checklist,,,,,,4244.17-058,,,,,
Communications - Copper,checklist,,,,,,4244.17-059,,,,,
Communications - Copper,checklist,,,,,,4244.17-060,,,,,
Communications - Copper,checklist,,,,,,4244.17-061,,,,,
Communications - Copper,checklist,,,,,,4244.17-062,,,,,
Communications - Copper,checklist,,,,,,4244.17-063,,,,,
Communications - Copper,checklist,,,,,,4244.17-064,,,,,
Communications - Copper,checklist,,,,,,4244.17-065,,,,,
Communications - Copper,checklist,,,,,,4244.17-066,,,,,
Communications - Copper,checklist,,,,,,4244.17-067,,,,,
Communications - Copper,checklist,,,,,,4244.17-068,,,,,
Communications - Copper,checklist,,,,,,4244.17-069,,,,,
Communications - Copper,checklist,,,,,,4244.17-070,,,,,
Communications - Copper,checklist,,,,,,4244.17-071,,,,,
Communications - Copper,checklist,,,,,,4244.17-072,,,,,
,step,,,,,Patch Panel: 4244.17-PPT-00004,,,,,,
Communications - Copper,checklist,,,,,,4244.17-073,,,,,
Communications - Copper,checklist,,,,,,4244.17-074,,,,,
Communications - Copper,checklist,,,,,,4244.17-075,,,,,
Communications - Copper,checklist,,,,,,4244.17-076,,,,,
Communications - Copper,checklist,,,,,,4244.17-077,,,,,
Communications - Copper,checklist,,,,,,4244.17-078,,,,,
Communications - Copper,checklist,,,,,,4244.17-079,,,,,
Communications - Copper,checklist,,,,,,4244.17-080,,,,,
Communications - Copper,checklist,,,,,,4244.17-081,,,,,
Communications - Copper,checklist,,,,,,4244.17-082,,,,,
Communications - Copper,checklist,,,,,,4244.17-083,,,,,
Communications - Copper,checklist,,,,,,4244.17-084,,,,,
Communications - Copper,checklist,,,,,,4244.17-085,,,,,
Communications - Copper,checklist,,,,,,4244.17-086,,,,,
Communications - Copper,checklist,,,,,,4244.17-087,,,,,
Communications - Copper,checklist,,,,,,4244.17-088,,,,,
Communications - Copper,checklist,,,,,,4244.17-089,,,,,
Communications - Copper,checklist,,,,,,4244.17-090,,,,,
Communications - Copper,checklist,,,,,,4244.17-091,,,,,
Communications - Copper,checklist,,,,,,4244.17-092,,,,,
Communications - Copper,checklist,,,,,,4244.17-093,,,,,
Communications - Copper,checklist,,,,,,4244.17-094,,,,,
Communications - Copper,checklist,,,,,,SPARE 1,,,,,
Communications - Copper,checklist,,,,,,SPARE 2,,,,,
,step,,,,,Patch Panel: 4244.17-PPT-00005,,,,,,
Communications - Copper,checklist,,,,,,SPARE 1,,,,,
Communications - Copper,checklist,,,,,,SPARE 2,,,,,
Communications - Copper,checklist,,,,,,SPARE 3,,,,,
Communications - Copper,checklist,,,,,,SPARE 4,,,,,
Communications - Copper,checklist,,,,,,SPARE 5,,,,,
Communications - Copper,checklist,,,,,,SPARE 6,,,,,
Communications - Copper,checklist,,,,,,SPARE 7,,,,,
Communications - Copper,checklist,,,,,,SPARE 8,,,,,
Communications - Copper,checklist,,,,,,SPARE 9,,,,,
Communications - Copper,checklist,,,,,,SPARE 10,,,,,
Communications - Copper,checklist,,,,,,SPARE 11,,,,,
Communications - Copper,checklist,,,,,,SPARE 12,,,,,
Communications - Copper,checklist,,,,,,SPARE 13,,,,,
Communications - Copper,checklist,,,,,,SPARE 14,,,,,
Communications - Copper,checklist,,,,,,SPARE 15,,,,,
Communications - Copper,checklist,,,,,,SPARE 16,,,,,
Communications - Copper,checklist,,,,,,SPARE 17,,,,,
Communications - Copper,checklist,,,,,,SPARE 18,,,,,
Communications - Copper,checklist,,,,,,SPARE 19,,,,,
Communications - Copper,checklist,,,,,,SPARE 20,,,,,
Communications - Copper,checklist,,,,,,SPARE 21,,,,,
Communications - Copper,checklist,,,,,,SPARE 22,,,,,
Communications - Copper,checklist,,,,,,SPARE 23,,,,,
Communications - Copper,checklist,,,,,,SPARE 24,,,,,
,step,,,,Rack: 4244.18-PPC-00001,,,,,,,
Communications - Cabinet,checklist,,,,,Cabinet ITC,,,,,,
,step,,,,,Patch Panel: 4244.18-PPT-00001,,,,,,
Communications - Copper,checklist,,,,,,4244.18-001,,,,,
Communications - Copper,checklist,,,,,,4244.18-002,,,,,
Communications - Copper,checklist,,,,,,4244.18-003,,,,,
Communications - Copper,checklist,,,,,,4244.18-004,,,,,
Communications - Copper,checklist,,,,,,4244.18-005,,,,,
Communications - Copper,checklist,,,,,,4244.18-006,,,,,
Communications - Copper,checklist,,,,,,4244.18-007,,,,,
Communications - Copper,checklist,,,,,,4244.18-008,,,,,
Communications - Copper,checklist,,,,,,4244.18-009,,,,,
Communications - Copper,checklist,,,,,,4244.18-010,,,,,
Communications - Copper,checklist,,,,,,4244.18-011,,,,,
Communications - Copper,checklist,,,,,,4244.18-012,,,,,
Communications - Copper,checklist,,,,,,4244.18-013,,,,,
Communications - Copper,checklist,,,,,,4244.18-014,,,,,
Communications - Copper,checklist,,,,,,4244.18-015,,,,,
Communications - Copper,checklist,,,,,,4244.18-016,,,,,
Communications - Copper,checklist,,,,,,4244.18-017,,,,,
Communications - Copper,checklist,,,,,,4244.18-018,,,,,
Communications - Copper,checklist,,,,,,4244.18-019,,,,,
Communications - Copper,checklist,,,,,,4244.18-020,,,,,
Communications - Copper,checklist,,,,,,4244.18-021,,,,,
Communications - Copper,checklist,,,,,,4244.18-022,,,,,
Communications - Copper,checklist,,,,,,4244.18-023,,,,,
Communications - Copper,checklist,,,,,,4244.18-024,,,,,
,step,,,,,Patch Panel: 4244.18-PPT-00002,,,,,,
Communications - Copper,checklist,,,,,,4244.18-025,,,,,
Communications - Copper,checklist,,,,,,4244.18-026,,,,,
Communications - Copper,checklist,,,,,,4244.18-027,,,,,
Communications - Copper,checklist,,,,,,4244.18-028,,,,,
Communications - Copper,checklist,,,,,,4244.18-029,,,,,
Communications - Copper,checklist,,,,,,4244.18-030,,,,,
Communications - Copper,checklist,,,,,,4244.18-031,,,,,
Communications - Copper,checklist,,,,,,4244.18-032,,,,,
Communications - Copper,checklist,,,,,,4244.18-033,,,,,
Communications - Copper,checklist,,,,,,4244.18-034,,,,,
Communications - Copper,checklist,,,,,,4244.18-035,,,,,
Communications - Copper,checklist,,,,,,4244.18-036,,,,,
Communications - Copper,checklist,,,,,,4244.18-037,,,,,
Communications - Copper,checklist,,,,,,4244.18-038,,,,,
Communications - Copper,checklist,,,,,,4244.18-039,,,,,
Communications - Copper,checklist,,,,,,4244.18-040,,,,,
Communications - Copper,checklist,,,,,,4244.18-041,,,,,
Communications - Copper,checklist,,,,,,4244.18-042,,,,,
Communications - Copper,checklist,,,,,,4244.18-043,,,,,
Communications - Copper,checklist,,,,,,4244.18-044,,,,,
Communications - Copper,checklist,,,,,,4244.18-045,,,,,
Communications - Copper,checklist,,,,,,4244.18-046,,,,,
Communications - Copper,checklist,,,,,,4244.18-047,,,,,
Communications - Copper,checklist,,,,,,4244.18-048,,,,,
,step,,,,,Patch Panel: 4244.18-PPT-00003,,,,,,
Communications - Copper,checklist,,,,,,4244.18-049,,,,,
Communications - Copper,checklist,,,,,,4244.18-050,,,,,
Communications - Copper,checklist,,,,,,4244.18-051,,,,,
Communications - Copper,checklist,,,,,,4244.18-052,,,,,
Communications - Copper,checklist,,,,,,4244.18-053,,,,,
Communications - Copper,checklist,,,,,,4244.18-054,,,,,
Communications - Copper,checklist,,,,,,4244.18-055,,,,,
Communications - Copper,checklist,,,,,,4244.18-056,,,,,
Communications - Copper,checklist,,,,,,4244.18-057,,,,,
Communications - Copper,checklist,,,,,,4244.18-058,,,,,
Communications - Copper,checklist,,,,,,4244.18-059,,,,,
Communications - Copper,checklist,,,,,,4244.18-060,,,,,
Communications - Copper,checklist,,,,,,4244.18-061,,,,,
Communications - Copper,checklist,,,,,,4244.18-062,,,,,
Communications - Copper,checklist,,,,,,4244.18-063,,,,,
Communications - Copper,checklist,,,,,,4244.18-064,,,,,
Communications - Copper,checklist,,,,,,4244.18-065,,,,,
Communications - Copper,checklist,,,,,,4244.18-066,,,,,
Communications - Copper,checklist,,,,,,4244.18-067,,,,,
Communications - Copper,checklist,,,,,,4244.18-068,,,,,
Communications - Copper,checklist,,,,,,4244.18-069,,,,,
Communications - Copper,checklist,,,,,,4244.18-070,,,,,
Communications - Copper,checklist,,,,,,4244.18-071,,,,,
Communications - Copper,checklist,,,,,,4244.18-072,,,,,
,step,,,,,Patch Panel: 4244.18-PPT-00004,,,,,,
Communications - Copper,checklist,,,,,,4244.18-073,,,,,
Communications - Copper,checklist,,,,,,4244.18-074,,,,,
Communications - Copper,checklist,,,,,,4244.18-075,,,,,
Communications - Copper,checklist,,,,,,4244.18-076,,,,,
Communications - Copper,checklist,,,,,,4244.18-077,,,,,
Communications - Copper,checklist,,,,,,4244.18-078,,,,,
Communications - Copper,checklist,,,,,,4244.18-079,,,,,
Communications - Copper,checklist,,,,,,4244.18-080,,,,,
Communications - Copper,checklist,,,,,,4244.18-081,,,,,
Communications - Copper,checklist,,,,,,4244.18-082,,,,,
Communications - Copper,checklist,,,,,,4244.18-083,,,,,
Communications - Copper,checklist,,,,,,4244.18-084,,,,,
Communications - Copper,checklist,,,,,,4244.18-085,,,,,
Communications - Copper,checklist,,,,,,4244.18-086,,,,,
Communications - Copper,checklist,,,,,,4244.18-087,,,,,
Communications - Copper,checklist,,,,,,4244.18-088,,,,,
Communications - Copper,checklist,,,,,,4244.18-089,,,,,
Communications - Copper,checklist,,,,,,4244.18-090,,,,,
Communications - Copper,checklist,,,,,,4244.18-091,,,,,
Communications - Copper,checklist,,,,,,4244.18-092,,,,,
Communications - Copper,checklist,,,,,,4244.18-093,,,,,
Communications - Copper,checklist,,,,,,4244.18-094,,,,,
Communications - Copper,checklist,,,,,,4244.18-095,,,,,
Communications - Copper,checklist,,,,,,4244.18-096,,,,,
,step,,,,,Patch Panel: 4244.18-PPT-00005,,,,,,
Communications - Copper,checklist,,,,,,4244.18-097,,,,,
Communications - Copper,checklist,,,,,,4244.18-098,,,,,
Communications - Copper,checklist,,,,,,4244.18-099,,,,,
Communications - Copper,checklist,,,,,,4244.18-100,,,,,
Communications - Copper,checklist,,,,,,4244.18-101,,,,,
Communications - Copper,checklist,,,,,,4244.18-102,,,,,
Communications - Copper,checklist,,,,,,4244.18-103,,,,,
Communications - Copper,checklist,,,,,,4244.18-104,,,,,
Communications - Copper,checklist,,,,,,4244.18-105,,,,,
Communications - Copper,checklist,,,,,,4244.18-106,,,,,
Communications - Copper,checklist,,,,,,4244.18-107,,,,,
Communications - Copper,checklist,,,,,,4244.18-108,,,,,
Communications - Copper,checklist,,,,,,4244.18-109,,,,,
Communications - Copper,checklist,,,,,,4244.18-110,,,,,
Communications - Copper,checklist,,,,,,4244.18-111,,,,,
Communications - Copper,checklist,,,,,,4244.18-112,,,,,
Communications - Copper,checklist,,,,,,4244.18-113,,,,,
Communications - Copper,checklist,,,,,,4244.18-114,,,,,
Communications - Copper,checklist,,,,,,4244.18-115,,,,,
Communications - Copper,checklist,,,,,,4244.18-116,,,,,
Communications - Copper,checklist,,,,,,4244.18-117,,,,,
Communications - Copper,checklist,,,,,,4244.18-118,,,,,
Communications - Copper,checklist,,,,,,4244.18-119,,,,,
Communications - Copper,checklist,,,,,,4244.18-120,,,,,
,step,,,,,Patch Panel: 4244.18-PPT-00006,,,,,,
Communications - Copper,checklist,,,,,,4244.18-121,,,,,
Communications - Copper,checklist,,,,,,4244.18-122,,,,,
Communications - Copper,checklist,,,,,,4244.18-123,,,,,
Communications - Copper,checklist,,,,,,4244.18-124,,,,,
Communications - Copper,checklist,,,,,,4244.18-125,,,,,
Communications - Copper,checklist,,,,,,4244.18-126,,,,,
Communications - Copper,checklist,,,,,,4244.18-127,,,,,
Communications - Copper,checklist,,,,,,4244.18-128,,,,,
Communications - Copper,checklist,,,,,,4244.18-129,,,,,
Communications - Copper,checklist,,,,,,4244.18-130,,,,,
Communications - Copper,checklist,,,,,,4244.18-131,,,,,
Communications - Copper,checklist,,,,,,4244.18-132,,,,,
Communications - Copper,checklist,,,,,,4244.18-133,,,,,
Communications - Copper,checklist,,,,,,4244.18-134,,,,,
Communications - Copper,checklist,,,,,,4244.18-135,,,,,
Communications - Copper,checklist,,,,,,4244.18-136,,,,,
Communications - Copper,checklist,,,,,,4244.18-137,,,,,
Communications - Copper,checklist,,,,,,4244.18-138,,,,,
Communications - Copper,checklist,,,,,,4244.18-139,,,,,
Communications - Copper,checklist,,,,,,4244.18-140,,,,,
Communications - Copper,checklist,,,,,,4244.18-141,,,,,
Communications - Copper,checklist,,,,,,4244.18-142,,,,,
Communications - Copper,checklist,,,,,,4244.18-143,,,,,
Communications - Copper,checklist,,,,,,4244.18-144,,,,,
,step,,,,,Patch Panel: 4244.18-PPT-00007,,,,,,
Communications - Copper,checklist,,,,,,4244.18-145,,,,,
Communications - Copper,checklist,,,,,,4244.18-146,,,,,
Communications - Copper,checklist,,,,,,4244.18-147,,,,,
Communications - Copper,checklist,,,,,,4244.18-148,,,,,
Communications - Copper,checklist,,,,,,4244.18-149,,,,,
Communications - Copper,checklist,,,,,,4244.18-150,,,,,
Communications - Copper,checklist,,,,,,4244.18-151,,,,,
Communications - Copper,checklist,,,,,,4244.18-152,,,,,
Communications - Copper,checklist,,,,,,4244.18-153,,,,,
Communications - Copper,checklist,,,,,,4244.18-154,,,,,
Communications - Copper,checklist,,,,,,4244.18-155,,,,,
Communications - Copper,checklist,,,,,,4244.18-156,,,,,
Communications - Copper,checklist,,,,,,4244.18-157,,,,,
Communications - Copper,checklist,,,,,,SPARE 1,,,,,
Communications - Copper,checklist,,,,,,SPARE 2,,,,,
Communications - Copper,checklist,,,,,,SPARE 3,,,,,
Communications - Copper,checklist,,,,,,SPARE 4,,,,,
Communications - Copper,checklist,,,,,,SPARE 5,,,,,
Communications - Copper,checklist,,,,,,SPARE 6,,,,,
Communications - Copper,checklist,,,,,,SPARE 7,,,,,
Communications - Copper,checklist,,,,,,SPARE 8,,,,,
Communications - Copper,checklist,,,,,,SPARE 9,,,,,
Communications - Copper,checklist,,,,,,SPARE 10,,,,,
Communications - Copper,checklist,,,,,,SPARE 11,,,,,
,step,,,,Rack: 4244.19-PPC-00001,,,,,,,
Communications - Cabinet,checklist,,,,,Cabinet ITC,,,,,,
,step,,,,,Patch Panel: 4244.19-PPT-00001,,,,,,
Communications - Copper,checklist,,,,,,4244.19-001,,,,,
Communications - Copper,checklist,,,,,,4244.19-002,,,,,
Communications - Copper,checklist,,,,,,4244.19-003,,,,,
Communications - Copper,checklist,,,,,,4244.19-004,,,,,
Communications - Copper,checklist,,,,,,4244.19-005,,,,,
Communications - Copper,checklist,,,,,,4244.19-006,,,,,
Communications - Copper,checklist,,,,,,4244.19-007,,,,,
Communications - Copper,checklist,,,,,,4244.19-008,,,,,
Communications - Copper,checklist,,,,,,4244.19-009,,,,,
Communications - Copper,checklist,,,,,,4244.19-010,,,,,
Communications - Copper,checklist,,,,,,4244.19-011,,,,,
Communications - Copper,checklist,,,,,,4244.19-012,,,,,
Communications - Copper,checklist,,,,,,4244.19-013,,,,,
Communications - Copper,checklist,,,,,,4244.19-014,,,,,
Communications - Copper,checklist,,,,,,4244.19-015,,,,,
Communications - Copper,checklist,,,,,,4244.19-016,,,,,
Communications - Copper,checklist,,,,,,4244.19-017,,,,,
Communications - Copper,checklist,,,,,,4244.19-018,,,,,
Communications - Copper,checklist,,,,,,4244.19-019,,,,,
Communications - Copper,checklist,,,,,,4244.19-020,,,,,
Communications - Copper,checklist,,,,,,4244.19-021,,,,,
Communications - Copper,checklist,,,,,,4244.19-022,,,,,
Communications - Copper,checklist,,,,,,4244.19-023,,,,,
Communications - Copper,checklist,,,,,,4244.19-024,,,,,
,step,,,,,Patch Panel: 4244.19-PPT-00002,,,,,,
Communications - Copper,checklist,,,,,,4244.19-025,,,,,
Communications - Copper,checklist,,,,,,4244.19-026,,,,,
Communications - Copper,checklist,,,,,,4244.19-027,,,,,
Communications - Copper,checklist,,,,,,4244.19-028,,,,,
Communications - Copper,checklist,,,,,,4244.19-029,,,,,
Communications - Copper,checklist,,,,,,4244.19-030,,,,,
Communications - Copper,checklist,,,,,,4244.19-031,,,,,
Communications - Copper,checklist,,,,,,4244.19-032,,,,,
Communications - Copper,checklist,,,,,,4244.19-033,,,,,
Communications - Copper,checklist,,,,,,4244.19-034,,,,,
Communications - Copper,checklist,,,,,,4244.19-035,,,,,
Communications - Copper,checklist,,,,,,4244.19-036,,,,,
Communications - Copper,checklist,,,,,,4244.19-037,,,,,
Communications - Copper,checklist,,,,,,4244.19-038,,,,,
Communications - Copper,checklist,,,,,,4244.19-039,,,,,
Communications - Copper,checklist,,,,,,4244.19-040,,,,,
Communications - Copper,checklist,,,,,,4244.19-041,,,,,
Communications - Copper,checklist,,,,,,4244.19-042,,,,,
Communications - Copper,checklist,,,,,,4244.19-043,,,,,
Communications - Copper,checklist,,,,,,4244.19-044,,,,,
Communications - Copper,checklist,,,,,,4244.19-045,,,,,
Communications - Copper,checklist,,,,,,4244.19-046,,,,,
Communications - Copper,checklist,,,,,,4244.19-047,,,,,
Communications - Copper,checklist,,,,,,4244.19-048,,,,,
,step,,,,,Patch Panel: 4244.19-PPT-00003,,,,,,
Communications - Copper,checklist,,,,,,4244.19-049,,,,,
Communications - Copper,checklist,,,,,,4244.19-050,,,,,
Communications - Copper,checklist,,,,,,4244.19-051,,,,,
Communications - Copper,checklist,,,,,,4244.19-052,,,,,
Communications - Copper,checklist,,,,,,4244.19-053,,,,,
Communications - Copper,checklist,,,,,,4244.19-054,,,,,
Communications - Copper,checklist,,,,,,4244.19-055,,,,,
Communications - Copper,checklist,,,,,,4244.19-056,,,,,
Communications - Copper,checklist,,,,,,4244.19-057,,,,,
Communications - Copper,checklist,,,,,,4244.19-058,,,,,
Communications - Copper,checklist,,,,,,4244.19-059,,,,,
Communications - Copper,checklist,,,,,,4244.19-060,,,,,
Communications - Copper,checklist,,,,,,4244.19-061,,,,,
Communications - Copper,checklist,,,,,,4244.19-062,,,,,
Communications - Copper,checklist,,,,,,4244.19-063,,,,,
Communications - Copper,checklist,,,,,,4244.19-064,,,,,
Communications - Copper,checklist,,,,,,4244.19-065,,,,,
Communications - Copper,checklist,,,,,,4244.19-066,,,,,
Communications - Copper,checklist,,,,,,4244.19-067,,,,,
Communications - Copper,checklist,,,,,,4244.19-068,,,,,
Communications - Copper,checklist,,,,,,4244.19-069,,,,,
Communications - Copper,checklist,,,,,,4244.19-070,,,,,
Communications - Copper,checklist,,,,,,4244.19-071,,,,,
Communications - Copper,checklist,,,,,,4244.19-072,,,,,
,step,,,,,Patch Panel: 4244.19-PPT-00004,,,,,,
Communications - Copper,checklist,,,,,,4244.19-073,,,,,
Communications - Copper,checklist,,,,,,4244.19-074,,,,,
Communications - Copper,checklist,,,,,,4244.19-075,,,,,
Communications - Copper,checklist,,,,,,4244.19-076,,,,,
Communications - Copper,checklist,,,,,,4244.19-077,,,,,
Communications - Copper,checklist,,,,,,4244.19-078,,,,,
Communications - Copper,checklist,,,,,,4244.19-079,,,,,
Communications - Copper,checklist,,,,,,4244.19-080,,,,,
Communications - Copper,checklist,,,,,,4244.19-081,,,,,
Communications - Copper,checklist,,,,,,4244.19-082,,,,,
Communications - Copper,checklist,,,,,,4244.19-083,,,,,
Communications - Copper,checklist,,,,,,4244.19-084,,,,,
Communications - Copper,checklist,,,,,,4244.19-085,,,,,
Communications - Copper,checklist,,,,,,4244.19-086,,,,,
Communications - Copper,checklist,,,,,,4244.19-087,,,,,
Communications - Copper,checklist,,,,,,4244.19-088,,,,,
Communications - Copper,checklist,,,,,,4244.19-089,,,,,
Communications - Copper,checklist,,,,,,4244.19-090,,,,,
Communications - Copper,checklist,,,,,,4244.19-091,,,,,
Communications - Copper,checklist,,,,,,4244.19-092,,,,,
Communications - Copper,checklist,,,,,,4244.19-093,,,,,
Communications - Copper,checklist,,,,,,SPARE 1,,,,,
Communications - Copper,checklist,,,,,,SPARE 2,,,,,
Communications - Copper,checklist,,,,,,SPARE 3,,,,,
,step,,,,,Patch Panel: 4244.19-PPT-00005,,,,,,
Communications - Copper,checklist,,,,,,SPARE 1,,,,,
Communications - Copper,checklist,,,,,,SPARE 2,,,,,
Communications - Copper,checklist,,,,,,SPARE 3,,,,,
Communications - Copper,checklist,,,,,,SPARE 4,,,,,
Communications - Copper,checklist,,,,,,SPARE 5,,,,,
Communications - Copper,checklist,,,,,,SPARE 6,,,,,
Communications - Copper,checklist,,,,,,SPARE 7,,,,,
Communications - Copper,checklist,,,,,,SPARE 8,,,,,
Communications - Copper,checklist,,,,,,SPARE 9,,,,,
Communications - Copper,checklist,,,,,,SPARE 10,,,,,
Communications - Copper,checklist,,,,,,SPARE 11,,,,,
Communications - Copper,checklist,,,,,,SPARE 12,,,,,
Communications - Copper,checklist,,,,,,SPARE 13,,,,,
Communications - Copper,checklist,,,,,,SPARE 14,,,,,
Communications - Copper,checklist,,,,,,SPARE 15,,,,,
Communications - Copper,checklist,,,,,,SPARE 16,,,,,
Communications - Copper,checklist,,,,,,SPARE 17,,,,,
Communications - Copper,checklist,,,,,,SPARE 18,,,,,
Communications - Copper,checklist,,,,,,SPARE 19,,,,,
Communications - Copper,checklist,,,,,,SPARE 20,,,,,
Communications - Copper,checklist,,,,,,SPARE 21,,,,,
Communications - Copper,checklist,,,,,,SPARE 22,,,,,
Communications - Copper,checklist,,,,,,SPARE 23,,,,,
Communications - Copper,checklist,,,,,,SPARE 24,,,,,
,step,,,,,Patch Panel: 4244.19-PPT-00006,,,,,,
Communications - Copper,checklist,,,,,,4244.19-3-001,,,,,
Communications - Copper,checklist,,,,,,4244.19-3-002,,,,,
Communications - Copper,checklist,,,,,,4244.19-3-003,,,,,
Communications - Copper,checklist,,,,,,4244.19-3-004,,,,,
Communications - Copper,checklist,,,,,,4244.19-3-005,,,,,
Communications - Copper,checklist,,,,,,4244.19-3-006,,,,,
Communications - Copper,checklist,,,,,,4244.19-3-007,,,,,
Communications - Copper,checklist,,,,,,4244.19-3-008,,,,,
Communications - Copper,checklist,,,,,,4244.19-3-009,,,,,
Communications - Copper,checklist,,,,,,4244.19-3-010,,,,,
Communications - Copper,checklist,,,,,,4244.19-3-011,,,,,
Communications - Copper,checklist,,,,,,4244.19-3-012,,,,,
Communications - Copper,checklist,,,,,,4244.19-3-013,,,,,
Communications - Copper,checklist,,,,,,4244.19-3-014,,,,,
Communications - Copper,checklist,,,,,,4244.19-3-015,,,,,
Communications - Copper,checklist,,,,,,4244.19-3-016,,,,,
Communications - Copper,checklist,,,,,,4244.19-3-017,,,,,
Communications - Copper,checklist,,,,,,4244.19-3-018,,,,,
Communications - Copper,checklist,,,,,,4244.19-3-019,,,,,
Communications - Copper,checklist,,,,,,4244.19-3-020,,,,,
Communications - Copper,checklist,,,,,,4244.19-3-021,,,,,
Communications - Copper,checklist,,,,,,4244.19-3-022,,,,,
Communications - Copper,checklist,,,,,,4244.19-3-023,,,,,
Communications - Copper,checklist,,,,,,4244.19-3-024,,,,,
,step,,,,,Patch Panel: 4244.19-PPT-00007,,,,,,
Communications - Copper,checklist,,,,,,4244.19-3-025,,,,,
Communications - Copper,checklist,,,,,,4244.19-3-026,,,,,
Communications - Copper,checklist,,,,,,4244.19-3-027,,,,,
Communications - Copper,checklist,,,,,,4244.19-3-028,,,,,
Communications - Copper,checklist,,,,,,4244.19-3-029,,,,,
Communications - Copper,checklist,,,,,,4244.19-3-030,,,,,
Communications - Copper,checklist,,,,,,4244.19-3-031,,,,,
Communications - Copper,checklist,,,,,,4244.19-3-032,,,,,
Communications - Copper,checklist,,,,,,4244.19-3-033,,,,,
Communications - Copper,checklist,,,,,,4244.19-3-034,,,,,
Communications - Copper,checklist,,,,,,4244.19-3-035,,,,,
Communications - Copper,checklist,,,,,,4244.19-3-036,,,,,
Communications - Copper,checklist,,,,,,4244.19-3-037,,,,,
Communications - Copper,checklist,,,,,,SPARE 1,,,,,
Communications - Copper,checklist,,,,,,SPARE 2,,,,,
Communications - Copper,checklist,,,,,,SPARE 3,,,,,
Communications - Copper,checklist,,,,,,SPARE 4,,,,,
Communications - Copper,checklist,,,,,,SPARE 5,,,,,
Communications - Copper,checklist,,,,,,SPARE 6,,,,,
Communications - Copper,checklist,,,,,,SPARE 7,,,,,
Communications - Copper,checklist,,,,,,SPARE 8,,,,,
Communications - Copper,checklist,,,,,,SPARE 9,,,,,
Communications - Copper,checklist,,,,,,SPARE 10,,,,,
Communications - Copper,checklist,,,,,,SPARE 11,,,,,
,step,,,,,Patch Panel: 4244.19-PPT-00008,,,,,,
Communications - Copper,checklist,,,,,,4244.19-4-001,,,,,
Communications - Copper,checklist,,,,,,4244.19-4-002,,,,,
Communications - Copper,checklist,,,,,,4244.19-4-003,,,,,
Communications - Copper,checklist,,,,,,4244.19-4-004,,,,,
Communications - Copper,checklist,,,,,,SPARE 1,,,,,
Communications - Copper,checklist,,,,,,SPARE 2,,,,,
Communications - Copper,checklist,,,,,,SPARE 3,,,,,
Communications - Copper,checklist,,,,,,SPARE 4,,,,,
Communications - Copper,checklist,,,,,,SPARE 5,,,,,
Communications - Copper,checklist,,,,,,SPARE 6,,,,,
Communications - Copper,checklist,,,,,,SPARE 7,,,,,
Communications - Copper,checklist,,,,,,SPARE 8,,,,,
Communications - Copper,checklist,,,,,,SPARE 9,,,,,
Communications - Copper,checklist,,,,,,SPARE 10,,,,,
Communications - Copper,checklist,,,,,,SPARE 11,,,,,
Communications - Copper,checklist,,,,,,SPARE 12,,,,,
Communications - Copper,checklist,,,,,,SPARE 13,,,,,
Communications - Copper,checklist,,,,,,SPARE 14,,,,,
Communications - Copper,checklist,,,,,,SPARE 15,,,,,
Communications - Copper,checklist,,,,,,SPARE 16,,,,,
Communications - Copper,checklist,,,,,,SPARE 17,,,,,
Communications - Copper,checklist,,,,,,SPARE 18,,,,,
Communications - Copper,checklist,,,,,,SPARE 19,,,,,
Communications - Copper,checklist,,,,,,SPARE 20,,,,,
,step,,,,Rack: 4244.20-PPC-00001,,,,,,,
Communications - Cabinet,checklist,,,,,Cabinet ITC,,,,,,
,step,,,,,Patch Panel: 4244.20-PPT-00001,,,,,,
Communications - Copper,checklist,,,,,,4244.20-001,,,,,
Communications - Copper,checklist,,,,,,4244.20-002,,,,,
Communications - Copper,checklist,,,,,,4244.20-003,,,,,
Communications - Copper,checklist,,,,,,4244.20-004,,,,,
Communications - Copper,checklist,,,,,,4244.20-005,,,,,
Communications - Copper,checklist,,,,,,4244.20-006,,,,,
Communications - Copper,checklist,,,,,,4244.20-007,,,,,
Communications - Copper,checklist,,,,,,4244.20-008,,,,,
Communications - Copper,checklist,,,,,,4244.20-009,,,,,
Communications - Copper,checklist,,,,,,4244.20-010,,,,,
Communications - Copper,checklist,,,,,,4244.20-011,,,,,
Communications - Copper,checklist,,,,,,4244.20-012,,,,,
Communications - Copper,checklist,,,,,,4244.20-013,,,,,
Communications - Copper,checklist,,,,,,4244.20-014,,,,,
Communications - Copper,checklist,,,,,,4244.20-015,,,,,
Communications - Copper,checklist,,,,,,4244.20-016,,,,,
Communications - Copper,checklist,,,,,,4244.20-017,,,,,
Communications - Copper,checklist,,,,,,4244.20-018,,,,,
Communications - Copper,checklist,,,,,,4244.20-019,,,,,
Communications - Copper,checklist,,,,,,4244.20-020,,,,,
Communications - Copper,checklist,,,,,,4244.20-021,,,,,
Communications - Copper,checklist,,,,,,4244.20-022,,,,,
Communications - Copper,checklist,,,,,,4244.20-023,,,,,
Communications - Copper,checklist,,,,,,4244.20-024,,,,,
,step,,,,,Patch Panel: 4244.20-PPT-00002,,,,,,
Communications - Copper,checklist,,,,,,4244.20-025,,,,,
Communications - Copper,checklist,,,,,,4244.20-026,,,,,
Communications - Copper,checklist,,,,,,4244.20-027,,,,,
Communications - Copper,checklist,,,,,,4244.20-028,,,,,
Communications - Copper,checklist,,,,,,4244.20-029,,,,,
Communications - Copper,checklist,,,,,,4244.20-030,,,,,
Communications - Copper,checklist,,,,,,4244.20-031,,,,,
Communications - Copper,checklist,,,,,,4244.20-032,,,,,
Communications - Copper,checklist,,,,,,4244.20-033,,,,,
Communications - Copper,checklist,,,,,,4244.20-034,,,,,
Communications - Copper,checklist,,,,,,4244.20-035,,,,,
Communications - Copper,checklist,,,,,,4244.20-036,,,,,
Communications - Copper,checklist,,,,,,4244.20-037,,,,,
Communications - Copper,checklist,,,,,,4244.20-038,,,,,
Communications - Copper,checklist,,,,,,4244.20-039,,,,,
Communications - Copper,checklist,,,,,,4244.20-040,,,,,
Communications - Copper,checklist,,,,,,4244.20-041,,,,,
Communications - Copper,checklist,,,,,,4244.20-042,,,,,
Communications - Copper,checklist,,,,,,4244.20-043,,,,,
Communications - Copper,checklist,,,,,,4244.20-044,,,,,
Communications - Copper,checklist,,,,,,4244.20-045,,,,,
Communications - Copper,checklist,,,,,,4244.20-046,,,,,
Communications - Copper,checklist,,,,,,4244.20-047,,,,,
Communications - Copper,checklist,,,,,,4244.20-048,,,,,
,step,,,,,Patch Panel: 4244.20-PPT-00003,,,,,,
Communications - Copper,checklist,,,,,,4244.20-049,,,,,
Communications - Copper,checklist,,,,,,4244.20-050,,,,,
Communications - Copper,checklist,,,,,,4244.20-051,,,,,
Communications - Copper,checklist,,,,,,4244.20-052,,,,,
Communications - Copper,checklist,,,,,,4244.20-053,,,,,
Communications - Copper,checklist,,,,,,4244.20-054,,,,,
Communications - Copper,checklist,,,,,,4244.20-055,,,,,
Communications - Copper,checklist,,,,,,4244.20-056,,,,,
Communications - Copper,checklist,,,,,,4244.20-057,,,,,
Communications - Copper,checklist,,,,,,4244.20-058,,,,,
Communications - Copper,checklist,,,,,,4244.20-059,,,,,
Communications - Copper,checklist,,,,,,4244.20-060,,,,,
Communications - Copper,checklist,,,,,,4244.20-061,,,,,
Communications - Copper,checklist,,,,,,4244.20-062,,,,,
Communications - Copper,checklist,,,,,,4244.20-063,,,,,
Communications - Copper,checklist,,,,,,4244.20-064,,,,,
Communications - Copper,checklist,,,,,,4244.20-065,,,,,
Communications - Copper,checklist,,,,,,4244.20-066,,,,,
Communications - Copper,checklist,,,,,,4244.20-067,,,,,
Communications - Copper,checklist,,,,,,4244.20-068,,,,,
Communications - Copper,checklist,,,,,,4244.20-069,,,,,
Communications - Copper,checklist,,,,,,4244.20-070,,,,,
Communications - Copper,checklist,,,,,,4244.20-071,,,,,
Communications - Copper,checklist,,,,,,4244.20-072,,,,,
,step,,,,,Patch Panel: 4244.20-PPT-00004,,,,,,
Communications - Copper,checklist,,,,,,4244.20-073,,,,,
Communications - Copper,checklist,,,,,,4244.20-074,,,,,
Communications - Copper,checklist,,,,,,4244.20-075,,,,,
Communications - Copper,checklist,,,,,,4244.20-076,,,,,
Communications - Copper,checklist,,,,,,4244.20-077,,,,,
Communications - Copper,checklist,,,,,,4244.20-078,,,,,
Communications - Copper,checklist,,,,,,4244.20-079,,,,,
Communications - Copper,checklist,,,,,,4244.20-080,,,,,
Communications - Copper,checklist,,,,,,4244.20-081,,,,,
Communications - Copper,checklist,,,,,,4244.20-082,,,,,
Communications - Copper,checklist,,,,,,4244.20-083,,,,,
Communications - Copper,checklist,,,,,,4244.20-084,,,,,
Communications - Copper,checklist,,,,,,4244.20-085,,,,,
Communications - Copper,checklist,,,,,,4244.20-086,,,,,
Communications - Copper,checklist,,,,,,4244.20-087,,,,,
Communications - Copper,checklist,,,,,,4244.20-088,,,,,
Communications - Copper,checklist,,,,,,4244.20-089,,,,,
Communications - Copper,checklist,,,,,,4244.20-090,,,,,
Communications - Copper,checklist,,,,,,4244.20-091,,,,,
Communications - Copper,checklist,,,,,,4244.20-092,,,,,
Communications - Copper,checklist,,,,,,4244.20-093,,,,,
Communications - Copper,checklist,,,,,,4244.20-094,,,,,
Communications - Copper,checklist,,,,,,4244.20-095,,,,,
Communications - Copper,checklist,,,,,,4244.20-096,,,,,
,step,,,,,Patch Panel: 4244.20-PPT-00005,,,,,,
Communications - Copper,checklist,,,,,,4244.20-097,,,,,
Communications - Copper,checklist,,,,,,4244.20-098,,,,,
Communications - Copper,checklist,,,,,,4244.20-099,,,,,
Communications - Copper,checklist,,,,,,4244.20-100,,,,,
Communications - Copper,checklist,,,,,,4244.20-101,,,,,
Communications - Copper,checklist,,,,,,4244.20-102,,,,,
Communications - Copper,checklist,,,,,,4244.20-103,,,,,
Communications - Copper,checklist,,,,,,4244.20-104,,,,,
Communications - Copper,checklist,,,,,,4244.20-105,,,,,
Communications - Copper,checklist,,,,,,4244.20-106,,,,,
Communications - Copper,checklist,,,,,,4244.20-107,,,,,
Communications - Copper,checklist,,,,,,4244.20-108,,,,,
Communications - Copper,checklist,,,,,,4244.20-109,,,,,
Communications - Copper,checklist,,,,,,4244.20-110,,,,,
Communications - Copper,checklist,,,,,,4244.20-111,,,,,
Communications - Copper,checklist,,,,,,4244.20-112,,,,,
Communications - Copper,checklist,,,,,,4244.20-113,,,,,
Communications - Copper,checklist,,,,,,4244.20-114,,,,,
Communications - Copper,checklist,,,,,,4244.20-115,,,,,
Communications - Copper,checklist,,,,,,4244.20-116,,,,,
Communications - Copper,checklist,,,,,,4244.20-117,,,,,
Communications - Copper,checklist,,,,,,4244.20-118,,,,,
Communications - Copper,checklist,,,,,,4244.20-119,,,,,
Communications - Copper,checklist,,,,,,4244.20-120,,,,,
,step,,,,,Patch Panel: 4244.20-PPT-00006,,,,,,
Communications - Copper,checklist,,,,,,4244.20-121,,,,,
Communications - Copper,checklist,,,,,,4244.20-122,,,,,
Communications - Copper,checklist,,,,,,4244.20-123,,,,,
Communications - Copper,checklist,,,,,,4244.20-124,,,,,
Communications - Copper,checklist,,,,,,4244.20-125,,,,,
Communications - Copper,checklist,,,,,,4244.20-126,,,,,
Communications - Copper,checklist,,,,,,4244.20-127,,,,,
Communications - Copper,checklist,,,,,,4244.20-128,,,,,
Communications - Copper,checklist,,,,,,4244.20-129,,,,,
Communications - Copper,checklist,,,,,,4244.20-130,,,,,
Communications - Copper,checklist,,,,,,4244.20-131,,,,,
Communications - Copper,checklist,,,,,,4244.20-132,,,,,
Communications - Copper,checklist,,,,,,4244.20-133,,,,,
Communications - Copper,checklist,,,,,,4244.20-134,,,,,
Communications - Copper,checklist,,,,,,4244.20-135,,,,,
Communications - Copper,checklist,,,,,,4244.20-136,,,,,
Communications - Copper,checklist,,,,,,4244.20-137,,,,,
Communications - Copper,checklist,,,,,,4244.20-138,,,,,
Communications - Copper,checklist,,,,,,4244.20-139,,,,,
Communications - Copper,checklist,,,,,,4244.20-140,,,,,
Communications - Copper,checklist,,,,,,4244.20-141,,,,,
Communications - Copper,checklist,,,,,,4244.20-142,,,,,
Communications - Copper,checklist,,,,,,4244.20-143,,,,,
Communications - Copper,checklist,,,,,,4244.20-144,,,,,
,step,,,,,Patch Panel: 4244.20-PPT-00007,,,,,,
Communications - Copper,checklist,,,,,,4244.20-145,,,,,
Communications - Copper,checklist,,,,,,4244.20-146,,,,,
Communications - Copper,checklist,,,,,,4244.20-147,,,,,
Communications - Copper,checklist,,,,,,4244.20-148,,,,,
Communications - Copper,checklist,,,,,,SPARE 1,,,,,
Communications - Copper,checklist,,,,,,SPARE 2,,,,,
Communications - Copper,checklist,,,,,,SPARE 3,,,,,
Communications - Copper,checklist,,,,,,SPARE 4,,,,,
Communications - Copper,checklist,,,,,,SPARE 5,,,,,
Communications - Copper,checklist,,,,,,SPARE 6,,,,,
Communications - Copper,checklist,,,,,,SPARE 7,,,,,
Communications - Copper,checklist,,,,,,SPARE 8,,,,,
Communications - Copper,checklist,,,,,,SPARE 9,,,,,
Communications - Copper,checklist,,,,,,SPARE 10,,,,,
Communications - Copper,checklist,,,,,,SPARE 11,,,,,
Communications - Copper,checklist,,,,,,SPARE 12,,,,,
Communications - Copper,checklist,,,,,,SPARE 13,,,,,
Communications - Copper,checklist,,,,,,SPARE 14,,,,,
Communications - Copper,checklist,,,,,,SPARE 15,,,,,
Communications - Copper,checklist,,,,,,SPARE 16,,,,,
Communications - Copper,checklist,,,,,,SPARE 17,,,,,
Communications - Copper,checklist,,,,,,SPARE 18,,,,,
Communications - Copper,checklist,,,,,,SPARE 19,,,,,
Communications - Copper,checklist,,,,,,SPARE 20,,,,,
,step,,,,,Patch Panel: 4244.20-PPT-00008,,,,,,
Communications - Copper,checklist,,,,,,4244.20-3-001,,,,,
Communications - Copper,checklist,,,,,,4244.20-3-002,,,,,
Communications - Copper,checklist,,,,,,4244.20-3-003,,,,,
Communications - Copper,checklist,,,,,,4244.20-3-004,,,,,
Communications - Copper,checklist,,,,,,4244.20-3-005,,,,,
Communications - Copper,checklist,,,,,,4244.20-3-006,,,,,
Communications - Copper,checklist,,,,,,4244.20-3-007,,,,,
Communications - Copper,checklist,,,,,,4244.20-3-008,,,,,
Communications - Copper,checklist,,,,,,4244.20-3-009,,,,,
Communications - Copper,checklist,,,,,,4244.20-3-010,,,,,
Communications - Copper,checklist,,,,,,4244.20-3-011,,,,,
Communications - Copper,checklist,,,,,,4244.20-3-012,,,,,
Communications - Copper,checklist,,,,,,SPARE 1,,,,,
Communications - Copper,checklist,,,,,,SPARE 2,,,,,
Communications - Copper,checklist,,,,,,SPARE 3,,,,,
Communications - Copper,checklist,,,,,,SPARE 4,,,,,
Communications - Copper,checklist,,,,,,SPARE 5,,,,,
Communications - Copper,checklist,,,,,,SPARE 6,,,,,
Communications - Copper,checklist,,,,,,SPARE 7,,,,,
Communications - Copper,checklist,,,,,,SPARE 8,,,,,
Communications - Copper,checklist,,,,,,SPARE 9,,,,,
Communications - Copper,checklist,,,,,,SPARE 10,,,,,
Communications - Copper,checklist,,,,,,SPARE 11,,,,,
Communications - Copper,checklist,,,,,,SPARE 12,,,,,
,step,,,,Rack: 4201.12-PPC-00001,,,,,,,
Communications - Cabinet,checklist,,,,,Cabinet ITC,,,,,,
,step,,,,,Patch Panel: 4201.12-PPT-00001,,,,,,
Communications - Copper,checklist,,,,,,4201.12-001,,,,,
Communications - Copper,checklist,,,,,,4201.12-002,,,,,
Communications - Copper,checklist,,,,,,4201.12-003,,,,,
Communications - Copper,checklist,,,,,,4201.12-004,,,,,
Communications - Copper,checklist,,,,,,4201.12-005,,,,,
Communications - Copper,checklist,,,,,,4201.12-006,,,,,
Communications - Copper,checklist,,,,,,4201.12-007,,,,,
Communications - Copper,checklist,,,,,,4201.12-008,,,,,
Communications - Copper,checklist,,,,,,4201.12-009,,,,,
Communications - Copper,checklist,,,,,,4201.12-010,,,,,
Communications - Copper,checklist,,,,,,4201.12-011,,,,,
Communications - Copper,checklist,,,,,,4201.12-012,,,,,
Communications - Copper,checklist,,,,,,4201.12-013,,,,,
Communications - Copper,checklist,,,,,,4201.12-014,,,,,
Communications - Copper,checklist,,,,,,4201.12-015,,,,,
Communications - Copper,checklist,,,,,,4201.12-016,,,,,
Communications - Copper,checklist,,,,,,4201.12-017,,,,,
Communications - Copper,checklist,,,,,,4201.12-018,,,,,
Communications - Copper,checklist,,,,,,4201.12-019,,,,,
Communications - Copper,checklist,,,,,,4201.12-020,,,,,
Communications - Copper,checklist,,,,,,4201.12-021,,,,,
Communications - Copper,checklist,,,,,,4201.12-022,,,,,
Communications - Copper,checklist,,,,,,4201.12-023,,,,,
Communications - Copper,checklist,,,,,,4201.12-024,,,,,
,step,,,,,Patch Panel: 4201.12-PPT-00002,,,,,,
Communications - Copper,checklist,,,,,,4201.12-025,,,,,
Communications - Copper,checklist,,,,,,4201.12-026,,,,,
Communications - Copper,checklist,,,,,,4201.12-027,,,,,
Communications - Copper,checklist,,,,,,4201.12-028,,,,,
Communications - Copper,checklist,,,,,,4201.12-029,,,,,
Communications - Copper,checklist,,,,,,4201.12-030,,,,,
Communications - Copper,checklist,,,,,,4201.12-031,,,,,
Communications - Copper,checklist,,,,,,4201.12-032,,,,,
Communications - Copper,checklist,,,,,,4201.12-033,,,,,
Communications - Copper,checklist,,,,,,4201.12-034,,,,,
Communications - Copper,checklist,,,,,,4201.12-035,,,,,
Communications - Copper,checklist,,,,,,4201.12-036,,,,,
Communications - Copper,checklist,,,,,,4201.12-037,,,,,
Communications - Copper,checklist,,,,,,4201.12-038,,,,,
Communications - Copper,checklist,,,,,,4201.12-039,,,,,
Communications - Copper,checklist,,,,,,4201.12-040,,,,,
Communications - Copper,checklist,,,,,,4201.12-041,,,,,
Communications - Copper,checklist,,,,,,4201.12-042,,,,,
Communications - Copper,checklist,,,,,,4201.12-043,,,,,
Communications - Copper,checklist,,,,,,4201.12-044,,,,,
Communications - Copper,checklist,,,,,,4201.12-045,,,,,
Communications - Copper,checklist,,,,,,4201.12-046,,,,,
Communications - Copper,checklist,,,,,,4201.12-047,,,,,
Communications - Copper,checklist,,,,,,4201.12-048,,,,,
,step,,,,,Patch Panel: 4201.12-PPT-00003,,,,,,
Communications - Copper,checklist,,,,,,4201.12-049,,,,,
Communications - Copper,checklist,,,,,,4201.12-050,,,,,
Communications - Copper,checklist,,,,,,4201.12-051,,,,,
Communications - Copper,checklist,,,,,,4201.12-052,,,,,
Communications - Copper,checklist,,,,,,4201.12-053,,,,,
Communications - Copper,checklist,,,,,,4201.12-054,,,,,
Communications - Copper,checklist,,,,,,4201.12-055,,,,,
Communications - Copper,checklist,,,,,,4201.12-056,,,,,
Communications - Copper,checklist,,,,,,4201.12-057,,,,,
Communications - Copper,checklist,,,,,,4201.12-058,,,,,
Communications - Copper,checklist,,,,,,4201.12-059,,,,,
Communications - Copper,checklist,,,,,,4201.12-060,,,,,
Communications - Copper,checklist,,,,,,4201.12-061,,,,,
Communications - Copper,checklist,,,,,,4201.12-062,,,,,
Communications - Copper,checklist,,,,,,4201.12-063,,,,,
Communications - Copper,checklist,,,,,,4201.12-064,,,,,
Communications - Copper,checklist,,,,,,4201.12-065,,,,,
Communications - Copper,checklist,,,,,,4201.12-066,,,,,
Communications - Copper,checklist,,,,,,4201.12-067,,,,,
Communications - Copper,checklist,,,,,,4201.12-068,,,,,
Communications - Copper,checklist,,,,,,4201.12-069,,,,,
Communications - Copper,checklist,,,,,,4201.12-070,,,,,
Communications - Copper,checklist,,,,,,4201.12-071,,,,,
Communications - Copper,checklist,,,,,,4201.12-072,,,,,
,step,,,,,Patch Panel: 4201.12-PPT-00004,,,,,,
Communications - Copper,checklist,,,,,,4201.12-073,,,,,
Communications - Copper,checklist,,,,,,4201.12-074,,,,,
Communications - Copper,checklist,,,,,,4201.12-075,,,,,
Communications - Copper,checklist,,,,,,4201.12-076,,,,,
Communications - Copper,checklist,,,,,,4201.12-077,,,,,
Communications - Copper,checklist,,,,,,4201.12-078,,,,,
Communications - Copper,checklist,,,,,,4201.12-079,,,,,
Communications - Copper,checklist,,,,,,4201.12-080,,,,,
Communications - Copper,checklist,,,,,,4201.12-081,,,,,
Communications - Copper,checklist,,,,,,4201.12-082,,,,,
Communications - Copper,checklist,,,,,,4201.12-083,,,,,
Communications - Copper,checklist,,,,,,4201.12-084,,,,,
Communications - Copper,checklist,,,,,,4201.12-085,,,,,
Communications - Copper,checklist,,,,,,4201.12-086,,,,,
Communications - Copper,checklist,,,,,,4201.12-087,,,,,
Communications - Copper,checklist,,,,,,4201.12-088,,,,,
Communications - Copper,checklist,,,,,,4201.12-089,,,,,
Communications - Copper,checklist,,,,,,4201.12-090,,,,,
Communications - Copper,checklist,,,,,,4201.12-091,,,,,
Communications - Copper,checklist,,,,,,4201.12-092,,,,,
Communications - Copper,checklist,,,,,,SPARE 1,,,,,
Communications - Copper,checklist,,,,,,SPARE 2,,,,,
Communications - Copper,checklist,,,,,,SPARE 3,,,,,
Communications - Copper,checklist,,,,,,SPARE 4,,,,,
,step,,,,Rack: 4201.12-PPC-00002,,,,,,,
Communications - Cabinet,checklist,,,,,Cabinet ITC,,,,,,
,step,,,,,Patch Panel: 4201.12-PPT-00001,,,,,,
Communications - Copper,checklist,,,,,,4201.12-3-001,,,,,
Communications - Copper,checklist,,,,,,4201.12-3-002,,,,,
Communications - Copper,checklist,,,,,,4201.12-3-003,,,,,
Communications - Copper,checklist,,,,,,4201.12-3-004,,,,,
Communications - Copper,checklist,,,,,,4201.12-3-005,,,,,
Communications - Copper,checklist,,,,,,4201.12-3-006,,,,,
Communications - Copper,checklist,,,,,,4201.12-3-007,,,,,
Communications - Copper,checklist,,,,,,4201.12-3-008,,,,,
Communications - Copper,checklist,,,,,,4201.12-3-009,,,,,
Communications - Copper,checklist,,,,,,4201.12-3-010,,,,,
Communications - Copper,checklist,,,,,,4201.12-3-011,,,,,
Communications - Copper,checklist,,,,,,4201.12-3-012,,,,,
Communications - Copper,checklist,,,,,,4201.12-3-013,,,,,
Communications - Copper,checklist,,,,,,4201.12-3-014,,,,,
Communications - Copper,checklist,,,,,,4201.12-3-015,,,,,
Communications - Copper,checklist,,,,,,4201.12-3-016,,,,,
Communications - Copper,checklist,,,,,,4201.12-3-017,,,,,
Communications - Copper,checklist,,,,,,4201.12-3-018,,,,,
Communications - Copper,checklist,,,,,,4201.12-3-019,,,,,
Communications - Copper,checklist,,,,,,4201.12-3-020,,,,,
Communications - Copper,checklist,,,,,,4201.12-3-021,,,,,
Communications - Copper,checklist,,,,,,4201.12-3-022,,,,,
Communications - Copper,checklist,,,,,,4201.12-3-023,,,,,
Communications - Copper,checklist,,,,,,4201.12-3-024,,,,,
,step,,,,,Patch Panel: 4201.12-PPT-00002,,,,,,
Communications - Copper,checklist,,,,,,4201.12-3-025,,,,,
Communications - Copper,checklist,,,,,,4201.12-3-026,,,,,
Communications - Copper,checklist,,,,,,4201.12-3-027,,,,,
Communications - Copper,checklist,,,,,,4201.12-3-028,,,,,
Communications - Copper,checklist,,,,,,4201.12-3-029,,,,,
Communications - Copper,checklist,,,,,,4201.12-3-030,,,,,
Communications - Copper,checklist,,,,,,4201.12-3-031,,,,,
Communications - Copper,checklist,,,,,,4201.12-3-032,,,,,
Communications - Copper,checklist,,,,,,4201.12-3-033,,,,,
Communications - Copper,checklist,,,,,,4201.12-3-034,,,,,
Communications - Copper,checklist,,,,,,4201.12-3-035,,,,,
Communications - Copper,checklist,,,,,,4201.12-3-036,,,,,
Communications - Copper,checklist,,,,,,4201.12-3-037,,,,,
Communications - Copper,checklist,,,,,,4201.12-3-038,,,,,
Communications - Copper,checklist,,,,,,4201.12-3-039,,,,,
Communications - Copper,checklist,,,,,,4201.12-3-040,,,,,
Communications - Copper,checklist,,,,,,4201.12-3-041,,,,,
Communications - Copper,checklist,,,,,,4201.12-3-042,,,,,
Communications - Copper,checklist,,,,,,4201.12-3-043,,,,,
Communications - Copper,checklist,,,,,,4201.12-3-044,,,,,
Communications - Copper,checklist,,,,,,4201.12-3-045,,,,,
Communications - Copper,checklist,,,,,,4201.12-3-046,,,,,
Communications - Copper,checklist,,,,,,4201.12-3-047,,,,,
Communications - Copper,checklist,,,,,,SPARE 1,,,,,
,step,,,Level 3,,,,,,,,
,step,,,,Rack: 4344.01-PPC-00001,,,,,,,
Communications - Cabinet,checklist,,,,,Cabinet ITC,,,,,,
,step,,,,,Patch Panel: 4344.01-PPT-00001,,,,,,
Communications - Copper,checklist,,,,,,4344.01-001,,,,,
Communications - Copper,checklist,,,,,,4344.01-002,,,,,
Communications - Copper,checklist,,,,,,4344.01-003,,,,,
Communications - Copper,checklist,,,,,,4344.01-004,,,,,
Communications - Copper,checklist,,,,,,4344.01-005,,,,,
Communications - Copper,checklist,,,,,,4344.01-006,,,,,
Communications - Copper,checklist,,,,,,4344.01-007,,,,,
Communications - Copper,checklist,,,,,,4344.01-008,,,,,
Communications - Copper,checklist,,,,,,4344.01-009,,,,,
Communications - Copper,checklist,,,,,,4344.01-010,,,,,
Communications - Copper,checklist,,,,,,4344.01-011,,,,,
Communications - Copper,checklist,,,,,,4344.01-012,,,,,
Communications - Copper,checklist,,,,,,4344.01-013,,,,,
Communications - Copper,checklist,,,,,,4344.01-014,,,,,
Communications - Copper,checklist,,,,,,4344.01-015,,,,,
Communications - Copper,checklist,,,,,,4344.01-016,,,,,
Communications - Copper,checklist,,,,,,4344.01-017,,,,,
Communications - Copper,checklist,,,,,,4344.01-018,,,,,
Communications - Copper,checklist,,,,,,4344.01-019,,,,,
Communications - Copper,checklist,,,,,,4344.01-020,,,,,
Communications - Copper,checklist,,,,,,4344.01-021,,,,,
Communications - Copper,checklist,,,,,,4344.01-022,,,,,
Communications - Copper,checklist,,,,,,4344.01-023,,,,,
Communications - Copper,checklist,,,,,,4344.01-024,,,,,
,step,,,,,Patch Panel: 4344.01-PPT-00002,,,,,,
Communications - Copper,checklist,,,,,,4344.01-025,,,,,
Communications - Copper,checklist,,,,,,4344.01-026,,,,,
Communications - Copper,checklist,,,,,,4344.01-027,,,,,
Communications - Copper,checklist,,,,,,4344.01-028,,,,,
Communications - Copper,checklist,,,,,,4344.01-029,,,,,
Communications - Copper,checklist,,,,,,4344.01-030,,,,,
Communications - Copper,checklist,,,,,,4344.01-031,,,,,
Communications - Copper,checklist,,,,,,4344.01-032,,,,,
Communications - Copper,checklist,,,,,,4344.01-033,,,,,
Communications - Copper,checklist,,,,,,4344.01-034,,,,,
Communications - Copper,checklist,,,,,,4344.01-035,,,,,
Communications - Copper,checklist,,,,,,4344.01-036,,,,,
Communications - Copper,checklist,,,,,,4344.01-037,,,,,
Communications - Copper,checklist,,,,,,4344.01-038,,,,,
Communications - Copper,checklist,,,,,,4344.01-039,,,,,
Communications - Copper,checklist,,,,,,4344.01-040,,,,,
Communications - Copper,checklist,,,,,,4344.01-041,,,,,
Communications - Copper,checklist,,,,,,4344.01-042,,,,,
Communications - Copper,checklist,,,,,,4344.01-043,,,,,
Communications - Copper,checklist,,,,,,4344.01-044,,,,,
Communications - Copper,checklist,,,,,,4344.01-045,,,,,
Communications - Copper,checklist,,,,,,4344.01-046,,,,,
Communications - Copper,checklist,,,,,,4344.01-047,,,,,
Communications - Copper,checklist,,,,,,4344.01-048,,,,,
,step,,,,,Patch Panel: 4344.01-PPT-00003,,,,,,
Communications - Copper,checklist,,,,,,4344.01-049,,,,,
Communications - Copper,checklist,,,,,,4344.01-050,,,,,
Communications - Copper,checklist,,,,,,4344.01-051,,,,,
Communications - Copper,checklist,,,,,,4344.01-052,,,,,
Communications - Copper,checklist,,,,,,4344.01-053,,,,,
Communications - Copper,checklist,,,,,,4344.01-054,,,,,
Communications - Copper,checklist,,,,,,4344.01-055,,,,,
Communications - Copper,checklist,,,,,,4344.01-056,,,,,
Communications - Copper,checklist,,,,,,4344.01-057,,,,,
Communications - Copper,checklist,,,,,,4344.01-058,,,,,
Communications - Copper,checklist,,,,,,4344.01-059,,,,,
Communications - Copper,checklist,,,,,,SPARE 1,,,,,
Communications - Copper,checklist,,,,,,SPARE 2,,,,,
Communications - Copper,checklist,,,,,,SPARE 3,,,,,
Communications - Copper,checklist,,,,,,SPARE 4,,,,,
Communications - Copper,checklist,,,,,,SPARE 5,,,,,
Communications - Copper,checklist,,,,,,SPARE 6,,,,,
Communications - Copper,checklist,,,,,,SPARE 7,,,,,
Communications - Copper,checklist,,,,,,SPARE 8,,,,,
Communications - Copper,checklist,,,,,,SPARE 9,,,,,
Communications - Copper,checklist,,,,,,SPARE 10,,,,,
Communications - Copper,checklist,,,,,,SPARE 11,,,,,
Communications - Copper,checklist,,,,,,SPARE 12,,,,,
Communications - Copper,checklist,,,,,,SPARE 13,,,,,
,step,,,,Rack: 4344.02-PPC-00001,,,,,,,
Communications - Cabinet,checklist,,,,,Cabinet ITC,,,,,,
,step,,,,,Patch Panel: 4344.02-PPT-00001,,,,,,
Communications - Copper,checklist,,,,,,4344.02-001,,,,,
Communications - Copper,checklist,,,,,,4344.02-002,,,,,
Communications - Copper,checklist,,,,,,4344.02-003,,,,,
Communications - Copper,checklist,,,,,,4344.02-004,,,,,
Communications - Copper,checklist,,,,,,4344.02-005,,,,,
Communications - Copper,checklist,,,,,,4344.02-006,,,,,
Communications - Copper,checklist,,,,,,4344.02-007,,,,,
Communications - Copper,checklist,,,,,,4344.02-008,,,,,
Communications - Copper,checklist,,,,,,4344.02-009,,,,,
Communications - Copper,checklist,,,,,,4344.02-010,,,,,
Communications - Copper,checklist,,,,,,4344.02-011,,,,,
Communications - Copper,checklist,,,,,,4344.02-012,,,,,
Communications - Copper,checklist,,,,,,4344.02-013,,,,,
Communications - Copper,checklist,,,,,,4344.02-014,,,,,
Communications - Copper,checklist,,,,,,4344.02-015,,,,,
Communications - Copper,checklist,,,,,,4344.02-016,,,,,
Communications - Copper,checklist,,,,,,4344.02-017,,,,,
Communications - Copper,checklist,,,,,,4344.02-018,,,,,
Communications - Copper,checklist,,,,,,4344.02-019,,,,,
Communications - Copper,checklist,,,,,,4344.02-020,,,,,
Communications - Copper,checklist,,,,,,4344.02-021,,,,,
Communications - Copper,checklist,,,,,,4344.02-022,,,,,
Communications - Copper,checklist,,,,,,4344.02-023,,,,,
Communications - Copper,checklist,,,,,,4344.02-024,,,,,
,step,,,,,Patch Panel: 4344.02-PPT-00002,,,,,,
Communications - Copper,checklist,,,,,,4344.02-025,,,,,
Communications - Copper,checklist,,,,,,4344.02-026,,,,,
Communications - Copper,checklist,,,,,,4344.02-027,,,,,
Communications - Copper,checklist,,,,,,4344.02-028,,,,,
Communications - Copper,checklist,,,,,,4344.02-029,,,,,
Communications - Copper,checklist,,,,,,4344.02-030,,,,,
Communications - Copper,checklist,,,,,,4344.02-031,,,,,
Communications - Copper,checklist,,,,,,4344.02-032,,,,,
Communications - Copper,checklist,,,,,,4344.02-033,,,,,
Communications - Copper,checklist,,,,,,4344.02-034,,,,,
Communications - Copper,checklist,,,,,,4344.02-035,,,,,
Communications - Copper,checklist,,,,,,4344.02-036,,,,,
Communications - Copper,checklist,,,,,,4344.02-037,,,,,
Communications - Copper,checklist,,,,,,4344.02-038,,,,,
Communications - Copper,checklist,,,,,,SPARE 1,,,,,
Communications - Copper,checklist,,,,,,SPARE 2,,,,,
Communications - Copper,checklist,,,,,,SPARE 3,,,,,
Communications - Copper,checklist,,,,,,SPARE 4,,,,,
Communications - Copper,checklist,,,,,,SPARE 5,,,,,
Communications - Copper,checklist,,,,,,SPARE 6,,,,,
Communications - Copper,checklist,,,,,,SPARE 7,,,,,
Communications - Copper,checklist,,,,,,SPARE 8,,,,,
Communications - Copper,checklist,,,,,,SPARE 9,,,,,
Communications - Copper,checklist,,,,,,SPARE 10,,,,,
,step,,,,Rack: 4344.03-PPC-00001,,,,,,,
Communications - Cabinet,checklist,,,,,Cabinet ITC,,,,,,
,step,,,,,Patch Panel: 4344.03-PPT-00001,,,,,,
Communications - Copper,checklist,,,,,,4344.03-001,,,,,
Communications - Copper,checklist,,,,,,4344.03-002,,,,,
Communications - Copper,checklist,,,,,,4344.03-003,,,,,
Communications - Copper,checklist,,,,,,4344.03-004,,,,,
Communications - Copper,checklist,,,,,,4344.03-005,,,,,
Communications - Copper,checklist,,,,,,4344.03-006,,,,,
Communications - Copper,checklist,,,,,,4344.03-007,,,,,
Communications - Copper,checklist,,,,,,4344.03-008,,,,,
Communications - Copper,checklist,,,,,,4344.03-009,,,,,
Communications - Copper,checklist,,,,,,4344.03-010,,,,,
Communications - Copper,checklist,,,,,,4344.03-011,,,,,
Communications - Copper,checklist,,,,,,4344.03-012,,,,,
Communications - Copper,checklist,,,,,,4344.03-013,,,,,
Communications - Copper,checklist,,,,,,4344.03-014,,,,,
Communications - Copper,checklist,,,,,,4344.03-015,,,,,
Communications - Copper,checklist,,,,,,4344.03-016,,,,,
Communications - Copper,checklist,,,,,,4344.03-017,,,,,
Communications - Copper,checklist,,,,,,4344.03-018,,,,,
Communications - Copper,checklist,,,,,,4344.03-019,,,,,
Communications - Copper,checklist,,,,,,4344.03-020,,,,,
Communications - Copper,checklist,,,,,,4344.03-021,,,,,
Communications - Copper,checklist,,,,,,4344.03-022,,,,,
Communications - Copper,checklist,,,,,,4344.03-023,,,,,
Communications - Copper,checklist,,,,,,4344.03-024,,,,,
,step,,,,,Patch Panel: 4344.03-PPT-00002,,,,,,
Communications - Copper,checklist,,,,,,4344.03-025,,,,,
Communications - Copper,checklist,,,,,,4344.03-026,,,,,
Communications - Copper,checklist,,,,,,4344.03-027,,,,,
Communications - Copper,checklist,,,,,,4344.03-028,,,,,
Communications - Copper,checklist,,,,,,4344.03-029,,,,,
Communications - Copper,checklist,,,,,,4344.03-030,,,,,
Communications - Copper,checklist,,,,,,4344.03-031,,,,,
Communications - Copper,checklist,,,,,,4344.03-032,,,,,
Communications - Copper,checklist,,,,,,4344.03-033,,,,,
Communications - Copper,checklist,,,,,,4344.03-034,,,,,
Communications - Copper,checklist,,,,,,4344.03-035,,,,,
Communications - Copper,checklist,,,,,,4344.03-036,,,,,
Communications - Copper,checklist,,,,,,4344.03-037,,,,,
Communications - Copper,checklist,,,,,,4344.03-038,,,,,
Communications - Copper,checklist,,,,,,4344.03-039,,,,,
Communications - Copper,checklist,,,,,,4344.03-040,,,,,
Communications - Copper,checklist,,,,,,4344.03-041,,,,,
Communications - Copper,checklist,,,,,,SPARE 1,,,,,
Communications - Copper,checklist,,,,,,SPARE 2,,,,,
Communications - Copper,checklist,,,,,,SPARE 3,,,,,
Communications - Copper,checklist,,,,,,SPARE 4,,,,,
Communications - Copper,checklist,,,,,,SPARE 5,,,,,
Communications - Copper,checklist,,,,,,SPARE 6,,,,,
Communications - Copper,checklist,,,,,,SPARE 7,,,,,
,step,,,,Rack: 4344.06-PPC-00001,,,,,,,
Communications - Cabinet,checklist,,,,,Cabinet ITC,,,,,,
,step,,,,,Patch Panel: 4344.06-PPT-00001,,,,,,
Communications - Copper,checklist,,,,,,4344.06-001,,,,,
Communications - Copper,checklist,,,,,,4344.06-002,,,,,
Communications - Copper,checklist,,,,,,4344.06-003,,,,,
Communications - Copper,checklist,,,,,,4344.06-004,,,,,
Communications - Copper,checklist,,,,,,4344.06-005,,,,,
Communications - Copper,checklist,,,,,,4344.06-006,,,,,
Communications - Copper,checklist,,,,,,4344.06-007,,,,,
Communications - Copper,checklist,,,,,,4344.06-008,,,,,
Communications - Copper,checklist,,,,,,4344.06-009,,,,,
Communications - Copper,checklist,,,,,,4344.06-010,,,,,
Communications - Copper,checklist,,,,,,4344.06-011,,,,,
Communications - Copper,checklist,,,,,,4344.06-012,,,,,
Communications - Copper,checklist,,,,,,4344.06-013,,,,,
Communications - Copper,checklist,,,,,,4344.06-014,,,,,
Communications - Copper,checklist,,,,,,4344.06-015,,,,,
Communications - Copper,checklist,,,,,,4344.06-016,,,,,
Communications - Copper,checklist,,,,,,4344.06-017,,,,,
Communications - Copper,checklist,,,,,,4344.06-018,,,,,
Communications - Copper,checklist,,,,,,4344.06-019,,,,,
Communications - Copper,checklist,,,,,,4344.06-020,,,,,
Communications - Copper,checklist,,,,,,4344.06-021,,,,,
Communications - Copper,checklist,,,,,,4344.06-022,,,,,
Communications - Copper,checklist,,,,,,4344.06-023,,,,,
Communications - Copper,checklist,,,,,,4344.06-024,,,,,
,step,,,,,Patch Panel: 4344.06-PPT-00002,,,,,,
Communications - Copper,checklist,,,,,,4344.06-025,,,,,
Communications - Copper,checklist,,,,,,4344.06-026,,,,,
Communications - Copper,checklist,,,,,,4344.06-027,,,,,
Communications - Copper,checklist,,,,,,4344.06-028,,,,,
Communications - Copper,checklist,,,,,,4344.06-029,,,,,
Communications - Copper,checklist,,,,,,4344.06-030,,,,,
Communications - Copper,checklist,,,,,,4344.06-031,,,,,
Communications - Copper,checklist,,,,,,4344.06-032,,,,,
Communications - Copper,checklist,,,,,,4344.06-033,,,,,
Communications - Copper,checklist,,,,,,4344.06-034,,,,,
Communications - Copper,checklist,,,,,,4344.06-035,,,,,
Communications - Copper,checklist,,,,,,4344.06-036,,,,,
Communications - Copper,checklist,,,,,,4344.06-037,,,,,
Communications - Copper,checklist,,,,,,4344.06-038,,,,,
Communications - Copper,checklist,,,,,,4344.06-039,,,,,
Communications - Copper,checklist,,,,,,SPARE 1,,,,,
Communications - Copper,checklist,,,,,,SPARE 2,,,,,
Communications - Copper,checklist,,,,,,SPARE 3,,,,,
Communications - Copper,checklist,,,,,,SPARE 4,,,,,
Communications - Copper,checklist,,,,,,SPARE 5,,,,,
Communications - Copper,checklist,,,,,,SPARE 6,,,,,
Communications - Copper,checklist,,,,,,SPARE 7,,,,,
Communications - Copper,checklist,,,,,,SPARE 8,,,,,
Communications - Copper,checklist,,,,,,SPARE 9,,,,,
,step,,,,Rack: 4344.09-PPC-00001,,,,,,,
Communications - Cabinet,checklist,,,,,Cabinet ITC,,,,,,
,step,,,,,Patch Panel: 4344.09-PPT-00001,,,,,,
Communications - Copper,checklist,,,,,,4344.09-001,,,,,
Communications - Copper,checklist,,,,,,4344.09-002,,,,,
Communications - Copper,checklist,,,,,,4344.09-003,,,,,
Communications - Copper,checklist,,,,,,4344.09-004,,,,,
Communications - Copper,checklist,,,,,,4344.09-005,,,,,
Communications - Copper,checklist,,,,,,4344.09-006,,,,,
Communications - Copper,checklist,,,,,,4344.09-007,,,,,
Communications - Copper,checklist,,,,,,4344.09-008,,,,,
Communications - Copper,checklist,,,,,,4344.09-009,,,,,
Communications - Copper,checklist,,,,,,4344.09-010,,,,,
Communications - Copper,checklist,,,,,,4344.09-011,,,,,
Communications - Copper,checklist,,,,,,4344.09-012,,,,,
Communications - Copper,checklist,,,,,,4344.09-013,,,,,
Communications - Copper,checklist,,,,,,4344.09-014,,,,,
Communications - Copper,checklist,,,,,,4344.09-015,,,,,
Communications - Copper,checklist,,,,,,4344.09-016,,,,,
Communications - Copper,checklist,,,,,,4344.09-017,,,,,
Communications - Copper,checklist,,,,,,4344.09-018,,,,,
Communications - Copper,checklist,,,,,,4344.09-019,,,,,
Communications - Copper,checklist,,,,,,4344.09-020,,,,,
Communications - Copper,checklist,,,,,,4344.09-021,,,,,
Communications - Copper,checklist,,,,,,4344.09-022,,,,,
Communications - Copper,checklist,,,,,,4344.09-023,,,,,
Communications - Copper,checklist,,,,,,4344.09-024,,,,,
,step,,,,,Patch Panel: 4344.09-PPT-00002,,,,,,
Communications - Copper,checklist,,,,,,4344.09-025,,,,,
Communications - Copper,checklist,,,,,,4344.09-026,,,,,
Communications - Copper,checklist,,,,,,4344.09-027,,,,,
Communications - Copper,checklist,,,,,,4344.09-028,,,,,
Communications - Copper,checklist,,,,,,4344.09-029,,,,,
Communications - Copper,checklist,,,,,,4344.09-030,,,,,
Communications - Copper,checklist,,,,,,4344.09-031,,,,,
Communications - Copper,checklist,,,,,,4344.09-032,,,,,
Communications - Copper,checklist,,,,,,4344.09-033,,,,,
Communications - Copper,checklist,,,,,,4344.09-034,,,,,
Communications - Copper,checklist,,,,,,4344.09-035,,,,,
Communications - Copper,checklist,,,,,,4344.09-036,,,,,
Communications - Copper,checklist,,,,,,4344.09-037,,,,,
Communications - Copper,checklist,,,,,,4344.09-038,,,,,
Communications - Copper,checklist,,,,,,4344.09-039,,,,,
Communications - Copper,checklist,,,,,,4344.09-040,,,,,
Communications - Copper,checklist,,,,,,4344.09-041,,,,,
Communications - Copper,checklist,,,,,,4344.09-042,,,,,
Communications - Copper,checklist,,,,,,4344.09-043,,,,,
Communications - Copper,checklist,,,,,,4344.09-044,,,,,
Communications - Copper,checklist,,,,,,4344.09-045,,,,,
Communications - Copper,checklist,,,,,,4344.09-046,,,,,
Communications - Copper,checklist,,,,,,4344.09-047,,,,,
Communications - Copper,checklist,,,,,,4344.09-048,,,,,
,step,,,,,Patch Panel: 4344.09-PPT-00003,,,,,,
Communications - Copper,checklist,,,,,,4344.09-049,,,,,
Communications - Copper,checklist,,,,,,4344.09-050,,,,,
Communications - Copper,checklist,,,,,,4344.09-051,,,,,
Communications - Copper,checklist,,,,,,4344.09-052,,,,,
Communications - Copper,checklist,,,,,,4344.09-053,,,,,
Communications - Copper,checklist,,,,,,4344.09-054,,,,,
Communications - Copper,checklist,,,,,,4344.09-055,,,,,
Communications - Copper,checklist,,,,,,4344.09-056,,,,,
Communications - Copper,checklist,,,,,,4344.09-057,,,,,
Communications - Copper,checklist,,,,,,4344.09-058,,,,,
Communications - Copper,checklist,,,,,,4344.09-059,,,,,
Communications - Copper,checklist,,,,,,4344.09-060,,,,,
Communications - Copper,checklist,,,,,,4344.09-061,,,,,
Communications - Copper,checklist,,,,,,4344.09-062,,,,,
Communications - Copper,checklist,,,,,,4344.09-063,,,,,
Communications - Copper,checklist,,,,,,4344.09-064,,,,,
Communications - Copper,checklist,,,,,,4344.09-065,,,,,
Communications - Copper,checklist,,,,,,4344.09-066,,,,,
Communications - Copper,checklist,,,,,,4344.09-067,,,,,
Communications - Copper,checklist,,,,,,4344.09-068,,,,,
Communications - Copper,checklist,,,,,,4344.09-069,,,,,
Communications - Copper,checklist,,,,,,SPARE 1,,,,,
Communications - Copper,checklist,,,,,,SPARE 2,,,,,
Communications - Copper,checklist,,,,,,SPARE 3,,,,,
,step,,,,,Patch Panel: 4344.09-PPT-00004,,,,,,
Communications - Copper,checklist,,,,,,SPARE 1,,,,,
Communications - Copper,checklist,,,,,,SPARE 2,,,,,
Communications - Copper,checklist,,,,,,SPARE 3,,,,,
Communications - Copper,checklist,,,,,,SPARE 4,,,,,
Communications - Copper,checklist,,,,,,SPARE 5,,,,,
Communications - Copper,checklist,,,,,,SPARE 6,,,,,
Communications - Copper,checklist,,,,,,SPARE 7,,,,,
Communications - Copper,checklist,,,,,,SPARE 8,,,,,
Communications - Copper,checklist,,,,,,SPARE 9,,,,,
Communications - Copper,checklist,,,,,,SPARE 10,,,,,
Communications - Copper,checklist,,,,,,SPARE 11,,,,,
Communications - Copper,checklist,,,,,,SPARE 12,,,,,
Communications - Copper,checklist,,,,,,SPARE 13,,,,,
Communications - Copper,checklist,,,,,,SPARE 14,,,,,
Communications - Copper,checklist,,,,,,SPARE 15,,,,,
Communications - Copper,checklist,,,,,,SPARE 16,,,,,
Communications - Copper,checklist,,,,,,SPARE 17,,,,,
Communications - Copper,checklist,,,,,,SPARE 18,,,,,
Communications - Copper,checklist,,,,,,SPARE 19,,,,,
Communications - Copper,checklist,,,,,,SPARE 20,,,,,
Communications - Copper,checklist,,,,,,SPARE 21,,,,,
Communications - Copper,checklist,,,,,,SPARE 22,,,,,
Communications - Copper,checklist,,,,,,SPARE 23,,,,,
Communications - Copper,checklist,,,,,,SPARE 24,,,,,
,step,,,,,Patch Panel: 4344.09-PPT-00005,,,,,,
Communications - Copper,checklist,,,,,,4344.09-4-001,,,,,
Communications - Copper,checklist,,,,,,4344.09-4-002,,,,,
Communications - Copper,checklist,,,,,,4344.09-4-003,,,,,
Communications - Copper,checklist,,,,,,4344.09-4-004,,,,,
Communications - Copper,checklist,,,,,,4344.09-4-005,,,,,
Communications - Copper,checklist,,,,,,4344.09-4-006,,,,,
Communications - Copper,checklist,,,,,,4344.09-4-007,,,,,
Communications - Copper,checklist,,,,,,4344.09-4-008,,,,,
Communications - Copper,checklist,,,,,,4344.09-4-009,,,,,
Communications - Copper,checklist,,,,,,4344.09-4-010,,,,,
Communications - Copper,checklist,,,,,,4344.09-4-011,,,,,
Communications - Copper,checklist,,,,,,4344.09-4-012,,,,,
Communications - Copper,checklist,,,,,,4344.09-4-013,,,,,
Communications - Copper,checklist,,,,,,4344.09-4-014,,,,,
Communications - Copper,checklist,,,,,,4344.09-4-015,,,,,
Communications - Copper,checklist,,,,,,4344.09-4-016,,,,,
Communications - Copper,checklist,,,,,,4344.09-4-017,,,,,
Communications - Copper,checklist,,,,,,4344.09-4-018,,,,,
Communications - Copper,checklist,,,,,,4344.09-4-019,,,,,
Communications - Copper,checklist,,,,,,4344.09-4-020,,,,,
Communications - Copper,checklist,,,,,,4344.09-4-021,,,,,
Communications - Copper,checklist,,,,,,4344.09-4-022,,,,,
Communications - Copper,checklist,,,,,,4344.09-4-023,,,,,
Communications - Copper,checklist,,,,,,4344.09-4-024,,,,,
,step,,,,,Patch Panel: 4344.09-PPT-00006,,,,,,
Communications - Copper,checklist,,,,,,4344.09-4-025,,,,,
Communications - Copper,checklist,,,,,,4344.09-4-026,,,,,
Communications - Copper,checklist,,,,,,4344.09-4-027,,,,,
Communications - Copper,checklist,,,,,,4344.09-4-028,,,,,
Communications - Copper,checklist,,,,,,4344.09-4-029,,,,,
Communications - Copper,checklist,,,,,,4344.09-4-030,,,,,
Communications - Copper,checklist,,,,,,4344.09-4-031,,,,,
Communications - Copper,checklist,,,,,,4344.09-4-032,,,,,
Communications - Copper,checklist,,,,,,4344.09-4-033,,,,,
Communications - Copper,checklist,,,,,,4344.09-4-034,,,,,
Communications - Copper,checklist,,,,,,4344.09-4-035,,,,,
Communications - Copper,checklist,,,,,,4344.09-4-036,,,,,
Communications - Copper,checklist,,,,,,4344.09-4-037,,,,,
Communications - Copper,checklist,,,,,,SPARE 1,,,,,
Communications - Copper,checklist,,,,,,SPARE 2,,,,,
Communications - Copper,checklist,,,,,,SPARE 3,,,,,
Communications - Copper,checklist,,,,,,SPARE 4,,,,,
Communications - Copper,checklist,,,,,,SPARE 5,,,,,
Communications - Copper,checklist,,,,,,SPARE 6,,,,,
Communications - Copper,checklist,,,,,,SPARE 7,,,,,
Communications - Copper,checklist,,,,,,SPARE 8,,,,,
Communications - Copper,checklist,,,,,,SPARE 9,,,,,
Communications - Copper,checklist,,,,,,SPARE 10,,,,,
Communications - Copper,checklist,,,,,,SPARE 11,,,,,
,step,,,,Rack: 4344.10-PPC-00001,,,,,,,
Communications - Cabinet,checklist,,,,,Cabinet ITC,,,,,,
,step,,,,,Patch Panel: 4344.10-PPT-00001,,,,,,
Communications - Copper,checklist,,,,,,4344.10-001,,,,,
Communications - Copper,checklist,,,,,,4344.10-002,,,,,
Communications - Copper,checklist,,,,,,4344.10-003,,,,,
Communications - Copper,checklist,,,,,,4344.10-004,,,,,
Communications - Copper,checklist,,,,,,4344.10-005,,,,,
Communications - Copper,checklist,,,,,,4344.10-006,,,,,
Communications - Copper,checklist,,,,,,4344.10-007,,,,,
Communications - Copper,checklist,,,,,,4344.10-008,,,,,
Communications - Copper,checklist,,,,,,4344.10-009,,,,,
Communications - Copper,checklist,,,,,,4344.10-010,,,,,
Communications - Copper,checklist,,,,,,4344.10-011,,,,,
Communications - Copper,checklist,,,,,,4344.10-012,,,,,
Communications - Copper,checklist,,,,,,4344.10-013,,,,,
Communications - Copper,checklist,,,,,,4344.10-014,,,,,
Communications - Copper,checklist,,,,,,4344.10-015,,,,,
Communications - Copper,checklist,,,,,,4344.10-016,,,,,
Communications - Copper,checklist,,,,,,4344.10-017,,,,,
Communications - Copper,checklist,,,,,,4344.10-018,,,,,
Communications - Copper,checklist,,,,,,4344.10-019,,,,,
Communications - Copper,checklist,,,,,,4344.10-020,,,,,
Communications - Copper,checklist,,,,,,4344.10-021,,,,,
Communications - Copper,checklist,,,,,,4344.10-022,,,,,
Communications - Copper,checklist,,,,,,4344.10-023,,,,,
Communications - Copper,checklist,,,,,,4344.10-024,,,,,
,step,,,,,Patch Panel: 4344.10-PPT-00002,,,,,,
Communications - Copper,checklist,,,,,,4344.10-025,,,,,
Communications - Copper,checklist,,,,,,4344.10-026,,,,,
Communications - Copper,checklist,,,,,,4344.10-027,,,,,
Communications - Copper,checklist,,,,,,4344.10-028,,,,,
Communications - Copper,checklist,,,,,,4344.10-029,,,,,
Communications - Copper,checklist,,,,,,4344.10-030,,,,,
Communications - Copper,checklist,,,,,,4344.10-031,,,,,
Communications - Copper,checklist,,,,,,4344.10-032,,,,,
Communications - Copper,checklist,,,,,,4344.10-033,,,,,
Communications - Copper,checklist,,,,,,4344.10-034,,,,,
Communications - Copper,checklist,,,,,,4344.10-035,,,,,
Communications - Copper,checklist,,,,,,4344.10-036,,,,,
Communications - Copper,checklist,,,,,,4344.10-037,,,,,
Communications - Copper,checklist,,,,,,4344.10-038,,,,,
Communications - Copper,checklist,,,,,,4344.10-039,,,,,
Communications - Copper,checklist,,,,,,4344.10-040,,,,,
Communications - Copper,checklist,,,,,,4344.10-041,,,,,
Communications - Copper,checklist,,,,,,4344.10-042,,,,,
Communications - Copper,checklist,,,,,,4344.10-043,,,,,
Communications - Copper,checklist,,,,,,4344.10-044,,,,,
Communications - Copper,checklist,,,,,,4344.10-045,,,,,
Communications - Copper,checklist,,,,,,4344.10-046,,,,,
Communications - Copper,checklist,,,,,,4344.10-047,,,,,
Communications - Copper,checklist,,,,,,4344.10-048,,,,,
,step,,,,,Patch Panel: 4344.10-PPT-00003,,,,,,
Communications - Copper,checklist,,,,,,4344.10-049,,,,,
Communications - Copper,checklist,,,,,,4344.10-050,,,,,
Communications - Copper,checklist,,,,,,4344.10-051,,,,,
Communications - Copper,checklist,,,,,,4344.10-052,,,,,
Communications - Copper,checklist,,,,,,4344.10-053,,,,,
Communications - Copper,checklist,,,,,,4344.10-054,,,,,
Communications - Copper,checklist,,,,,,4344.10-055,,,,,
Communications - Copper,checklist,,,,,,4344.10-056,,,,,
Communications - Copper,checklist,,,,,,4344.10-057,,,,,
Communications - Copper,checklist,,,,,,4344.10-058,,,,,
Communications - Copper,checklist,,,,,,4344.10-059,,,,,
Communications - Copper,checklist,,,,,,4344.10-060,,,,,
Communications - Copper,checklist,,,,,,4344.10-061,,,,,
Communications - Copper,checklist,,,,,,4344.10-062,,,,,
Communications - Copper,checklist,,,,,,4344.10-063,,,,,
Communications - Copper,checklist,,,,,,4344.10-064,,,,,
Communications - Copper,checklist,,,,,,4344.10-065,,,,,
Communications - Copper,checklist,,,,,,4344.10-066,,,,,
Communications - Copper,checklist,,,,,,4344.10-067,,,,,
Communications - Copper,checklist,,,,,,4344.10-068,,,,,
Communications - Copper,checklist,,,,,,4344.10-069,,,,,
Communications - Copper,checklist,,,,,,4344.10-070,,,,,
Communications - Copper,checklist,,,,,,4344.10-071,,,,,
Communications - Copper,checklist,,,,,,4344.10-072,,,,,
,step,,,,,Patch Panel: 4344.10-PPT-00004,,,,,,
Communications - Copper,checklist,,,,,,4344.10-073,,,,,
Communications - Copper,checklist,,,,,,4344.10-074,,,,,
Communications - Copper,checklist,,,,,,4344.10-075,,,,,
Communications - Copper,checklist,,,,,,4344.10-076,,,,,
Communications - Copper,checklist,,,,,,4344.10-077,,,,,
Communications - Copper,checklist,,,,,,4344.10-078,,,,,
Communications - Copper,checklist,,,,,,4344.10-079,,,,,
Communications - Copper,checklist,,,,,,4344.10-080,,,,,
Communications - Copper,checklist,,,,,,4344.10-081,,,,,
Communications - Copper,checklist,,,,,,4344.10-082,,,,,
Communications - Copper,checklist,,,,,,4344.10-083,,,,,
Communications - Copper,checklist,,,,,,4344.10-084,,,,,
Communications - Copper,checklist,,,,,,4344.10-085,,,,,
Communications - Copper,checklist,,,,,,4344.10-086,,,,,
Communications - Copper,checklist,,,,,,4344.10-087,,,,,
Communications - Copper,checklist,,,,,,4344.10-088,,,,,
Communications - Copper,checklist,,,,,,4344.10-089,,,,,
Communications - Copper,checklist,,,,,,4344.10-090,,,,,
Communications - Copper,checklist,,,,,,4344.10-091,,,,,
Communications - Copper,checklist,,,,,,4344.10-092,,,,,
Communications - Copper,checklist,,,,,,4344.10-093,,,,,
Communications - Copper,checklist,,,,,,4344.10-094,,,,,
Communications - Copper,checklist,,,,,,4344.10-095,,,,,
Communications - Copper,checklist,,,,,,4344.10-096,,,,,
,step,,,,,Patch Panel: 4344.10-PPT-00005,,,,,,
Communications - Copper,checklist,,,,,,4344.10-097,,,,,
Communications - Copper,checklist,,,,,,4344.10-098,,,,,
Communications - Copper,checklist,,,,,,4344.10-099,,,,,
Communications - Copper,checklist,,,,,,4344.10-100,,,,,
Communications - Copper,checklist,,,,,,4344.10-101,,,,,
Communications - Copper,checklist,,,,,,4344.10-102,,,,,
Communications - Copper,checklist,,,,,,4344.10-103,,,,,
Communications - Copper,checklist,,,,,,4344.10-104,,,,,
Communications - Copper,checklist,,,,,,4344.10-105,,,,,
Communications - Copper,checklist,,,,,,4344.10-106,,,,,
Communications - Copper,checklist,,,,,,4344.10-107,,,,,
Communications - Copper,checklist,,,,,,4344.10-108,,,,,
Communications - Copper,checklist,,,,,,4344.10-109,,,,,
Communications - Copper,checklist,,,,,,4344.10-110,,,,,
Communications - Copper,checklist,,,,,,4344.10-111,,,,,
Communications - Copper,checklist,,,,,,4344.10-112,,,,,
Communications - Copper,checklist,,,,,,4344.10-113,,,,,
Communications - Copper,checklist,,,,,,4344.10-114,,,,,
Communications - Copper,checklist,,,,,,4344.10-115,,,,,
Communications - Copper,checklist,,,,,,4344.10-116,,,,,
Communications - Copper,checklist,,,,,,4344.10-117,,,,,
Communications - Copper,checklist,,,,,,4344.10-118,,,,,
Communications - Copper,checklist,,,,,,4344.10-119,,,,,
Communications - Copper,checklist,,,,,,4344.10-120,,,,,
,step,,,,,Patch Panel: 4344.10-PPT-00006,,,,,,
Communications - Copper,checklist,,,,,,4344.10-121,,,,,
Communications - Copper,checklist,,,,,,4344.10-122,,,,,
Communications - Copper,checklist,,,,,,4344.10-123,,,,,
Communications - Copper,checklist,,,,,,4344.10-124,,,,,
Communications - Copper,checklist,,,,,,4344.10-125,,,,,
Communications - Copper,checklist,,,,,,4344.10-126,,,,,
Communications - Copper,checklist,,,,,,4344.10-127,,,,,
Communications - Copper,checklist,,,,,,4344.10-128,,,,,
Communications - Copper,checklist,,,,,,4344.10-129,,,,,
Communications - Copper,checklist,,,,,,4344.10-130,,,,,
Communications - Copper,checklist,,,,,,4344.10-131,,,,,
Communications - Copper,checklist,,,,,,SPARE 1,,,,,
Communications - Copper,checklist,,,,,,SPARE 2,,,,,
Communications - Copper,checklist,,,,,,SPARE 3,,,,,
Communications - Copper,checklist,,,,,,SPARE 4,,,,,
Communications - Copper,checklist,,,,,,SPARE 5,,,,,
Communications - Copper,checklist,,,,,,SPARE 6,,,,,
Communications - Copper,checklist,,,,,,SPARE 7,,,,,
Communications - Copper,checklist,,,,,,SPARE 8,,,,,
Communications - Copper,checklist,,,,,,SPARE 9,,,,,
Communications - Copper,checklist,,,,,,SPARE 10,,,,,
Communications - Copper,checklist,,,,,,SPARE 11,,,,,
Communications - Copper,checklist,,,,,,SPARE 12,,,,,
Communications - Copper,checklist,,,,,,SPARE 13,,,,,
,step,,,,,Patch Panel: 4344.10-PPT-00007,,,,,,
Communications - Copper,checklist,,,,,,4344.10-4-001,,,,,
Communications - Copper,checklist,,,,,,4344.10-4-002,,,,,
Communications - Copper,checklist,,,,,,4344.10-4-003,,,,,
Communications - Copper,checklist,,,,,,4344.10-4-004,,,,,
Communications - Copper,checklist,,,,,,4344.10-4-005,,,,,
Communications - Copper,checklist,,,,,,4344.10-4-006,,,,,
Communications - Copper,checklist,,,,,,4344.10-4-007,,,,,
Communications - Copper,checklist,,,,,,4344.10-4-008,,,,,
Communications - Copper,checklist,,,,,,4344.10-4-009,,,,,
Communications - Copper,checklist,,,,,,4344.10-4-010,,,,,
Communications - Copper,checklist,,,,,,4344.10-4-011,,,,,
Communications - Copper,checklist,,,,,,4344.10-4-012,,,,,
Communications - Copper,checklist,,,,,,4344.10-4-013,,,,,
Communications - Copper,checklist,,,,,,4344.10-4-014,,,,,
Communications - Copper,checklist,,,,,,4344.10-4-015,,,,,
Communications - Copper,checklist,,,,,,4344.10-4-016,,,,,
Communications - Copper,checklist,,,,,,4344.10-4-017,,,,,
Communications - Copper,checklist,,,,,,4344.10-4-018,,,,,
Communications - Copper,checklist,,,,,,4344.10-4-019,,,,,
Communications - Copper,checklist,,,,,,4344.10-4-010,,,,,
Communications - Copper,checklist,,,,,,4344.10-4-021,,,,,
Communications - Copper,checklist,,,,,,4344.10-4-022,,,,,
Communications - Copper,checklist,,,,,,4344.10-4-023,,,,,
Communications - Copper,checklist,,,,,,4344.10-4-024,,,,,
,step,,,,,Patch Panel: 4344.10-PPT-00008,,,,,,
Communications - Copper,checklist,,,,,,4344.10-4-025,,,,,
Communications - Copper,checklist,,,,,,4344.10-4-026,,,,,
Communications - Copper,checklist,,,,,,4344.10-4-027,,,,,
Communications - Copper,checklist,,,,,,4344.10-4-028,,,,,
Communications - Copper,checklist,,,,,,4344.10-4-029,,,,,
Communications - Copper,checklist,,,,,,4344.10-4-030,,,,,
Communications - Copper,checklist,,,,,,4344.10-4-031,,,,,
Communications - Copper,checklist,,,,,,4344.10-4-032,,,,,
Communications - Copper,checklist,,,,,,4344.10-4-033,,,,,
Communications - Copper,checklist,,,,,,4344.10-4-034,,,,,
Communications - Copper,checklist,,,,,,4344.10-4-035,,,,,
Communications - Copper,checklist,,,,,,4344.10-4-036,,,,,
Communications - Copper,checklist,,,,,,4344.10-4-037,,,,,
Communications - Copper,checklist,,,,,,4344.10-4-038,,,,,
Communications - Copper,checklist,,,,,,4344.10-4-039,,,,,
Communications - Copper,checklist,,,,,,4344.10-4-040,,,,,
Communications - Copper,checklist,,,,,,4344.10-4-041,,,,,
Communications - Copper,checklist,,,,,,4344.10-4-042,,,,,
Communications - Copper,checklist,,,,,,4344.10-4-043,,,,,
Communications - Copper,checklist,,,,,,4344.10-4-044,,,,,
Communications - Copper,checklist,,,,,,4344.10-4-045,,,,,
Communications - Copper,checklist,,,,,,SPARE 1,,,,,
Communications - Copper,checklist,,,,,,SPARE 2,,,,,
Communications - Copper,checklist,,,,,,SPARE 3,,,,,
,step,,,Terminal Plaza,,,,,,,,
,step,,,,Rack: 7060-1-PPC-00001,,,,,,,
Communications - Cabinet,checklist,,,,,Cabinet ITC,,,,,,
,step,,,,,Patch Panel: 7060-1-PPT-00001,,,,,,
Communications - Copper,checklist,,,,,,7060-1-001,,,,,
Communications - Copper,checklist,,,,,,7060-1-002,,,,,
Communications - Copper,checklist,,,,,,7060-1-003,,,,,
Communications - Copper,checklist,,,,,,7060-1-004,,,,,
Communications - Copper,checklist,,,,,,7060-1-005,,,,,
Communications - Copper,checklist,,,,,,7060-1-006,,,,,
Communications - Copper,checklist,,,,,,7060-1-007,,,,,
Communications - Copper,checklist,,,,,,7060-1-008,,,,,
Communications - Copper,checklist,,,,,,7060-1-009,,,,,
Communications - Copper,checklist,,,,,,7060-1-010,,,,,
Communications - Copper,checklist,,,,,,7060-1-011,,,,,
Communications - Copper,checklist,,,,,,7060-1-012,,,,,
Communications - Copper,checklist,,,,,,7060-1-013,,,,,
Communications - Copper,checklist,,,,,,7060-1-014,,,,,
Communications - Copper,checklist,,,,,,7060-1-015,,,,,
Communications - Copper,checklist,,,,,,7060-1-016,,,,,
Communications - Copper,checklist,,,,,,7060-1-017,,,,,
Communications - Copper,checklist,,,,,,7060-1-018,,,,,
Communications - Copper,checklist,,,,,,7060-1-019,,,,,
Communications - Copper,checklist,,,,,,7060-1-020,,,,,
Communications - Copper,checklist,,,,,,7060-1-021,,,,,
Communications - Copper,checklist,,,,,,7060-1-022,,,,,
Communications - Copper,checklist,,,,,,7060-1-023,,,,,
Communications - Copper,checklist,,,,,,SPARE 1,,,,,
,step,,,,Rack: 7060-2-PPC-00002,,,,,,,
Communications - Cabinet,checklist,,,,,Cabinet ITC,,,,,,
,step,,,,,Patch Panel: 7060-2-PPT-00001,,,,,,
Communications - Copper,checklist,,,,,,7060-2-001,,,,,
Communications - Copper,checklist,,,,,,7060-2-002,,,,,
Communications - Copper,checklist,,,,,,7060-2-003,,,,,
Communications - Copper,checklist,,,,,,7060-2-004,,,,,
Communications - Copper,checklist,,,,,,7060-2-005,,,,,
Communications - Copper,checklist,,,,,,7060-2-006,,,,,
Communications - Copper,checklist,,,,,,7060-2-007,,,,,
Communications - Copper,checklist,,,,,,7060-2-008,,,,,
Communications - Copper,checklist,,,,,,7060-2-009,,,,,
Communications - Copper,checklist,,,,,,7060-2-010,,,,,
Communications - Copper,checklist,,,,,,7060-2-011,,,,,
Communications - Copper,checklist,,,,,,7060-2-012,,,,,
Communications - Copper,checklist,,,,,,7060-2-013,,,,,
Communications - Copper,checklist,,,,,,7060-2-014,,,,,
Communications - Copper,checklist,,,,,,7060-2-015,,,,,
Communications - Copper,checklist,,,,,,7060-2-016,,,,,
Communications - Copper,checklist,,,,,,7060-2-017,,,,,
Communications - Copper,checklist,,,,,,SPARE 1,,,,,
Communications - Copper,checklist,,,,,,SPARE 2,,,,,
Communications - Copper,checklist,,,,,,SPARE 3,,,,,
Communications - Copper,checklist,,,,,,SPARE 4,,,,,
Communications - Copper,checklist,,,,,,SPARE 5,,,,,
Communications - Copper,checklist,,,,,,SPARE 6,,,,,
Communications - Copper,checklist,,,,,,SPARE 7,,,,,
,step,,,,Rack: 7060-3-PPC-00003,,,,,,,
Communications - Cabinet,checklist,,,,,Cabinet ITC,,,,,,
,step,,,,,Patch Panel: 7060-3-PPT-00001,,,,,,
Communications - Copper,checklist,,,,,,7060-3-001,,,,,
Communications - Copper,checklist,,,,,,7060-3-002,,,,,
Communications - Copper,checklist,,,,,,7060-3-003,,,,,
Communications - Copper,checklist,,,,,,7060-3-004,,,,,
Communications - Copper,checklist,,,,,,7060-3-005,,,,,
Communications - Copper,checklist,,,,,,7060-3-006,,,,,
Communications - Copper,checklist,,,,,,7060-3-007,,,,,
Communications - Copper,checklist,,,,,,7060-3-008,,,,,
Communications - Copper,checklist,,,,,,7060-3-009,,,,,
Communications - Copper,checklist,,,,,,7060-3-010,,,,,
Communications - Copper,checklist,,,,,,7060-3-011,,,,,
Communications - Copper,checklist,,,,,,7060-3-012,,,,,
Communications - Copper,checklist,,,,,,7060-3-013,,,,,
Communications - Copper,checklist,,,,,,7060-3-014,,,,,
Communications - Copper,checklist,,,,,,7060-3-015,,,,,
Communications - Copper,checklist,,,,,,7060-3-016,,,,,
Communications - Copper,checklist,,,,,,7060-3-017,,,,,
Communications - Copper,checklist,,,,,,7060-3-018,,,,,
Communications - Copper,checklist,,,,,,7060-3-019,,,,,
Communications - Copper,checklist,,,,,,7060-3-020,,,,,
Communications - Copper,checklist,,,,,,7060-3-021,,,,,
Communications - Copper,checklist,,,,,,SPARE 1,,,,,
Communications - Copper,checklist,,,,,,SPARE 2,,,,,
Communications - Copper,checklist,,,,,,SPARE 3,,,,,
,step,,,,Rack: 7060-4-PPC-00004,,,,,,,
Communications - Cabinet,checklist,,,,,Cabinet ITC,,,,,,
,step,,,,,Patch Panel: 7060-4-PPT-00001,,,,,,
Communications - Copper,checklist,,,,,,7060-4-001,,,,,
Communications - Copper,checklist,,,,,,7060-4-002,,,,,
Communications - Copper,checklist,,,,,,7060-4-003,,,,,
Communications - Copper,checklist,,,,,,7060-4-004,,,,,
Communications - Copper,checklist,,,,,,7060-4-005,,,,,
Communications - Copper,checklist,,,,,,7060-4-006,,,,,
Communications - Copper,checklist,,,,,,7060-4-007,,,,,
Communications - Copper,checklist,,,,,,7060-4-008,,,,,
Communications - Copper,checklist,,,,,,7060-4-009,,,,,
Communications - Copper,checklist,,,,,,7060-4-010,,,,,
Communications - Copper,checklist,,,,,,7060-4-011,,,,,
Communications - Copper,checklist,,,,,,7060-4-012,,,,,
Communications - Copper,checklist,,,,,,7060-4-013,,,,,
Communications - Copper,checklist,,,,,,7060-4-014,,,,,
Communications - Copper,checklist,,,,,,7060-4-015,,,,,
Communications - Copper,checklist,,,,,,7060-4-016,,,,,
Communications - Copper,checklist,,,,,,SPARE 1,,,,,
Communications - Copper,checklist,,,,,,SPARE 2,,,,,
Communications - Copper,checklist,,,,,,SPARE 3,,,,,
Communications - Copper,checklist,,,,,,SPARE 4,,,,,
Communications - Copper,checklist,,,,,,SPARE 5,,,,,
Communications - Copper,checklist,,,,,,SPARE 6,,,,,
Communications - Copper,checklist,,,,,,SPARE 7,,,,,
Communications - Copper,checklist,,,,,,SPARE 8,,,,,
,step,,,,Rack: 7060-5-PPC-00005,,,,,,,
Communications - Cabinet,checklist,,,,,Cabinet ITC,,,,,,
,step,,,,,Patch Panel: 7060-5-PPT-00001,,,,,,
Communications - Copper,checklist,,,,,,7060-5-001,,,,,
Communications - Copper,checklist,,,,,,7060-5-002,,,,,
Communications - Copper,checklist,,,,,,7060-5-003,,,,,
Communications - Copper,checklist,,,,,,7060-5-004,,,,,
Communications - Copper,checklist,,,,,,7060-5-005,,,,,
Communications - Copper,checklist,,,,,,7060-5-006,,,,,
Communications - Copper,checklist,,,,,,7060-5-007,,,,,
Communications - Copper,checklist,,,,,,7060-5-008,,,,,
Communications - Copper,checklist,,,,,,7060-5-009,,,,,
Communications - Copper,checklist,,,,,,7060-5-010,,,,,
Communications - Copper,checklist,,,,,,SPARE 1,,,,,
Communications - Copper,checklist,,,,,,SPARE 2,,,,,
Communications - Copper,checklist,,,,,,SPARE 3,,,,,
Communications - Copper,checklist,,,,,,SPARE 4,,,,,
Communications - Copper,checklist,,,,,,SPARE 5,,,,,
Communications - Copper,checklist,,,,,,SPARE 6,,,,,
Communications - Copper,checklist,,,,,,SPARE 7,,,,,
Communications - Copper,checklist,,,,,,SPARE 8,,,,,
Communications - Copper,checklist,,,,,,SPARE 9,,,,,
Communications - Copper,checklist,,,,,,SPARE 10,,,,,
Communications - Copper,checklist,,,,,,SPARE 11,,,,,
Communications - Copper,checklist,,,,,,SPARE 12,,,,,
Communications - Copper,checklist,,,,,,SPARE 13,,,,,
Communications - Copper,checklist,,,,,,SPARE 14,,,,,
,step,,,,Rack: 7060-6-PPC-00006,,,,,,,
Communications - Cabinet,checklist,,,,,Cabinet ITC,,,,,,
,step,,,,,Patch Panel: 7060-6-PPT-00001,,,,,,
Communications - Copper,checklist,,,,,,7060-6-001,,,,,
Communications - Copper,checklist,,,,,,7060-6-002,,,,,
Communications - Copper,checklist,,,,,,7060-6-003,,,,,
Communications - Copper,checklist,,,,,,7060-6-004,,,,,
Communications - Copper,checklist,,,,,,7060-6-005,,,,,
Communications - Copper,checklist,,,,,,7060-6-006,,,,,
Communications - Copper,checklist,,,,,,7060-6-007,,,,,
Communications - Copper,checklist,,,,,,7060-6-008,,,,,
Communications - Copper,checklist,,,,,,7060-6-009,,,,,
Communications - Copper,checklist,,,,,,7060-6-010,,,,,
Communications - Copper,checklist,,,,,,7060-6-011,,,,,
Communications - Copper,checklist,,,,,,7060-6-012,,,,,
Communications - Copper,checklist,,,,,,7060-6-013,,,,,
Communications - Copper,checklist,,,,,,7060-6-014,,,,,
Communications - Copper,checklist,,,,,,7060-6-015,,,,,
Communications - Copper,checklist,,,,,,7060-6-016,,,,,
Communications - Copper,checklist,,,,,,7060-6-017,,,,,
Communications - Copper,checklist,,,,,,7060-6-018,,,,,
Communications - Copper,checklist,,,,,,7060-6-019,,,,,
Communications - Copper,checklist,,,,,,7060-6-020,,,,,
Communications - Copper,checklist,,,,,,7060-6-021,,,,,
Communications - Copper,checklist,,,,,,7060-6-022,,,,,
Communications - Copper,checklist,,,,,,7060-6-023,,,,,
Communications - Copper,checklist,,,,,,7060-6-024,,,,,
,step,,,,,Patch Panel: 7060-6-PPT-00002,,,,,,
Communications - Copper,checklist,,,,,,7060-6-025,,,,,
Communications - Copper,checklist,,,,,,7060-6-026,,,,,
Communications - Copper,checklist,,,,,,7060-6-027,,,,,
Communications - Copper,checklist,,,,,,7060-6-028,,,,,
Communications - Copper,checklist,,,,,,7060-6-029,,,,,
Communications - Copper,checklist,,,,,,7060-6-030,,,,,
Communications - Copper,checklist,,,,,,7060-6-031,,,,,
Communications - Copper,checklist,,,,,,7060-6-032,,,,,
Communications - Copper,checklist,,,,,,7060-6-033,,,,,
Communications - Copper,checklist,,,,,,7060-6-034,,,,,
Communications - Copper,checklist,,,,,,7060-6-035,,,,,
Communications - Copper,checklist,,,,,,7060-6-036,,,,,
Communications - Copper,checklist,,,,,,7060-6-037,,,,,
Communications - Copper,checklist,,,,,,7060-6-038,,,,,
Communications - Copper,checklist,,,,,,7060-6-039,,,,,
Communications - Copper,checklist,,,,,,7060-6-040,,,,,
Communications - Copper,checklist,,,,,,7060-6-041,,,,,
Communications - Copper,checklist,,,,,,7060-6-042,,,,,
Communications - Copper,checklist,,,,,,7060-6-043,,,,,
Communications - Copper,checklist,,,,,,SPARE 1,,,,,
Communications - Copper,checklist,,,,,,SPARE 2,,,,,
Communications - Copper,checklist,,,,,,SPARE 3,,,,,
Communications - Copper,checklist,,,,,,SPARE 4,,,,,
Communications - Copper,checklist,,,,,,SPARE 5,,,,,
,step,,,,Rack: 7060-7-PPC-00007,,,,,,,
Communications - Cabinet,checklist,,,,,Cabinet ITC,,,,,,
,step,,,,,Patch Panel: 7060-7-PPT-00001,,,,,,
Communications - Copper,checklist,,,,,,7060-7-001,,,,,
Communications - Copper,checklist,,,,,,7060-7-002,,,,,
Communications - Copper,checklist,,,,,,7060-7-003,,,,,
Communications - Copper,checklist,,,,,,7060-7-004,,,,,
Communications - Copper,checklist,,,,,,SPARE 1,,,,,
Communications - Copper,checklist,,,,,,SPARE 2,,,,,
Communications - Copper,checklist,,,,,,SPARE 3,,,,,
Communications - Copper,checklist,,,,,,SPARE 4,,,,,
Communications - Copper,checklist,,,,,,SPARE 5,,,,,
Communications - Copper,checklist,,,,,,SPARE 6,,,,,
Communications - Copper,checklist,,,,,,SPARE 7,,,,,
Communications - Copper,checklist,,,,,,SPARE 8,,,,,
Communications - Copper,checklist,,,,,,SPARE 9,,,,,
Communications - Copper,checklist,,,,,,SPARE 10,,,,,
Communications - Copper,checklist,,,,,,SPARE 11,,,,,
Communications - Copper,checklist,,,,,,SPARE 12,,,,,
Communications - Copper,checklist,,,,,,SPARE 13,,,,,
Communications - Copper,checklist,,,,,,SPARE 14,,,,,
Communications - Copper,checklist,,,,,,SPARE 15,,,,,
Communications - Copper,checklist,,,,,,SPARE 16,,,,,
Communications - Copper,checklist,,,,,,SPARE 17,,,,,
Communications - Copper,checklist,,,,,,SPARE 18,,,,,
Communications - Copper,checklist,,,,,,SPARE 19,,,,,
Communications - Copper,checklist,,,,,,SPARE 20,,,,,
,step,,,,Rack: 7060-8-PPC-00008,,,,,,,
Communications - Cabinet,checklist,,,,,Cabinet ITC,,,,,,
,step,,,,,Patch Panel: 7060-8-PPT-00001,,,,,,
Communications - Copper,checklist,,,,,,7060-8-001,,,,,
Communications - Copper,checklist,,,,,,7060-8-002,,,,,
Communications - Copper,checklist,,,,,,7060-8-003,,,,,
Communications - Copper,checklist,,,,,,7060-8-004,,,,,
Communications - Copper,checklist,,,,,,SPARE 1,,,,,
Communications - Copper,checklist,,,,,,SPARE 2,,,,,
Communications - Copper,checklist,,,,,,SPARE 3,,,,,
Communications - Copper,checklist,,,,,,SPARE 4,,,,,
Communications - Copper,checklist,,,,,,SPARE 5,,,,,
Communications - Copper,checklist,,,,,,SPARE 6,,,,,
Communications - Copper,checklist,,,,,,SPARE 7,,,,,
Communications - Copper,checklist,,,,,,SPARE 8,,,,,
Communications - Copper,checklist,,,,,,SPARE 9,,,,,
Communications - Copper,checklist,,,,,,SPARE 10,,,,,
Communications - Copper,checklist,,,,,,SPARE 11,,,,,
Communications - Copper,checklist,,,,,,SPARE 12,,,,,
Communications - Copper,checklist,,,,,,SPARE 13,,,,,
Communications - Copper,checklist,,,,,,SPARE 14,,,,,
Communications - Copper,checklist,,,,,,SPARE 15,,,,,
Communications - Copper,checklist,,,,,,SPARE 16,,,,,
Communications - Copper,checklist,,,,,,SPARE 17,,,,,
Communications - Copper,checklist,,,,,,SPARE 18,,,,,
Communications - Copper,checklist,,,,,,SPARE 19,,,,,
Communications - Copper,checklist,,,,,,SPARE 20,,,,,
,step,,,CarPark 1-2 Arrivals,,,,,,,,
,step,,,,Rack: 7020-1-PPC-00001,,,,,,,
Communications - Cabinet,checklist,,,,,Cabinet ITC,,,,,,
,step,,,,,Patch Panel: 7020-1-PPT-00001,,,,,,
Communications - Copper,checklist,,,,,,7020-1-001,,,,,
Communications - Copper,checklist,,,,,,7020-1-002,,,,,
Communications - Copper,checklist,,,,,,7020-1-003,,,,,
Communications - Copper,checklist,,,,,,7020-1-004,,,,,
Communications - Copper,checklist,,,,,,7020-1-005,,,,,
Communications - Copper,checklist,,,,,,7020-1-006,,,,,
Communications - Copper,checklist,,,,,,7020-1-007,,,,,
Communications - Copper,checklist,,,,,,7020-1-008,,,,,
Communications - Copper,checklist,,,,,,7020-1-009,,,,,
Communications - Copper,checklist,,,,,,7020-1-010,,,,,
Communications - Copper,checklist,,,,,,7020-1-011,,,,,
Communications - Copper,checklist,,,,,,7020-1-012,,,,,
Communications - Copper,checklist,,,,,,7020-1-013,,,,,
Communications - Copper,checklist,,,,,,7020-1-014,,,,,
Communications - Copper,checklist,,,,,,7020-1-015,,,,,
Communications - Copper,checklist,,,,,,7020-1-016,,,,,
Communications - Copper,checklist,,,,,,7020-1-017,,,,,
Communications - Copper,checklist,,,,,,7020-1-018,,,,,
Communications - Copper,checklist,,,,,,7020-1-019,,,,,
Communications - Copper,checklist,,,,,,7020-1-020,,,,,
Communications - Copper,checklist,,,,,,7020-1-021,,,,,
Communications - Copper,checklist,,,,,,7020-1-022,,,,,
Communications - Copper,checklist,,,,,,7020-1-023,,,,,
Communications - Copper,checklist,,,,,,7020-1-024,,,,,
,step,,,,Rack: 7020-2-PPC-00002,,,,,,,
Communications - Cabinet,checklist,,,,,Cabinet ITC,,,,,,
,step,,,,,Patch Panel: 7020-2-PPT-00001,,,,,,
Communications - Copper,checklist,,,,,,7020-2-001,,,,,
Communications - Copper,checklist,,,,,,7020-2-002,,,,,
Communications - Copper,checklist,,,,,,7020-2-003,,,,,
Communications - Copper,checklist,,,,,,7020-2-004,,,,,
Communications - Copper,checklist,,,,,,7020-2-005,,,,,
Communications - Copper,checklist,,,,,,7020-2-006,,,,,
Communications - Copper,checklist,,,,,,7020-2-007,,,,,
Communications - Copper,checklist,,,,,,7020-2-008,,,,,
Communications - Copper,checklist,,,,,,7020-2-009,,,,,
Communications - Copper,checklist,,,,,,7020-2-010,,,,,
Communications - Copper,checklist,,,,,,7020-2-011,,,,,
Communications - Copper,checklist,,,,,,7020-2-012,,,,,
Communications - Copper,checklist,,,,,,7020-2-013,,,,,
Communications - Copper,checklist,,,,,,7020-2-014,,,,,
Communications - Copper,checklist,,,,,,7020-2-015,,,,,
Communications - Copper,checklist,,,,,,7020-2-016,,,,,
Communications - Copper,checklist,,,,,,7020-2-017,,,,,
Communications - Copper,checklist,,,,,,7020-2-018,,,,,
Communications - Copper,checklist,,,,,,7020-2-019,,,,,
Communications - Copper,checklist,,,,,,7020-2-020,,,,,
Communications - Copper,checklist,,,,,,7020-2-021,,,,,
Communications - Copper,checklist,,,,,,7020-2-022,,,,,
Communications - Copper,checklist,,,,,,7020-2-023,,,,,
Communications - Copper,checklist,,,,,,7020-2-024,,,,,
,step,,,,,Patch Panel: 7020-2-PPT-00002,,,,,,
Communications - Copper,checklist,,,,,,7020-2-025,,,,,
Communications - Copper,checklist,,,,,,7020-2-026,,,,,
Communications - Copper,checklist,,,,,,7020-2-027,,,,,
Communications - Copper,checklist,,,,,,7020-2-028,,,,,
Communications - Copper,checklist,,,,,,7020-2-029,,,,,
Communications - Copper,checklist,,,,,,7020-2-030,,,,,
Communications - Copper,checklist,,,,,,7020-2-031,,,,,
Communications - Copper,checklist,,,,,,7020-2-032,,,,,
Communications - Copper,checklist,,,,,,7020-2-033,,,,,
Communications - Copper,checklist,,,,,,7020-2-034,,,,,
Communications - Copper,checklist,,,,,,SPARE 1,,,,,
Communications - Copper,checklist,,,,,,SPARE 2,,,,,
Communications - Copper,checklist,,,,,,SPARE 3,,,,,
Communications - Copper,checklist,,,,,,SPARE 4,,,,,
Communications - Copper,checklist,,,,,,SPARE 5,,,,,
Communications - Copper,checklist,,,,,,SPARE 6,,,,,
Communications - Copper,checklist,,,,,,SPARE 7,,,,,
Communications - Copper,checklist,,,,,,SPARE 8,,,,,
Communications - Copper,checklist,,,,,,SPARE 9,,,,,
Communications - Copper,checklist,,,,,,SPARE 10,,,,,
Communications - Copper,checklist,,,,,,SPARE 11,,,,,
Communications - Copper,checklist,,,,,,SPARE 12,,,,,
Communications - Copper,checklist,,,,,,SPARE 13,,,,,
Communications - Copper,checklist,,,,,,SPARE 14,,,,,
,step,,,,Rack: 7020-3-PPC-00003,,,,,,,
Communications - Cabinet,checklist,,,,,Cabinet ITC,,,,,,
,step,,,,,Patch Panel: 7020-3-PPT-00001,,,,,,
Communications - Copper,checklist,,,,,,7020-3-001,,,,,
Communications - Copper,checklist,,,,,,7020-3-002,,,,,
Communications - Copper,checklist,,,,,,7020-3-003,,,,,
Communications - Copper,checklist,,,,,,7020-3-004,,,,,
Communications - Copper,checklist,,,,,,7020-3-005,,,,,
Communications - Copper,checklist,,,,,,7020-3-006,,,,,
Communications - Copper,checklist,,,,,,7020-3-007,,,,,
Communications - Copper,checklist,,,,,,7020-3-008,,,,,
Communications - Copper,checklist,,,,,,7020-3-009,,,,,
Communications - Copper,checklist,,,,,,7020-3-010,,,,,
Communications - Copper,checklist,,,,,,7020-3-011,,,,,
Communications - Copper,checklist,,,,,,7020-3-012,,,,,
Communications - Copper,checklist,,,,,,7020-3-013,,,,,
Communications - Copper,checklist,,,,,,7020-3-014,,,,,
Communications - Copper,checklist,,,,,,7020-3-015,,,,,
Communications - Copper,checklist,,,,,,7020-3-016,,,,,
Communications - Copper,checklist,,,,,,7020-3-017,,,,,
Communications - Copper,checklist,,,,,,7020-3-018,,,,,
Communications - Copper,checklist,,,,,,SPARE 1,,,,,
Communications - Copper,checklist,,,,,,SPARE 2,,,,,
Communications - Copper,checklist,,,,,,SPARE 3,,,,,
Communications - Copper,checklist,,,,,,SPARE 4,,,,,
Communications - Copper,checklist,,,,,,SPARE 5,,,,,
Communications - Copper,checklist,,,,,,SPARE 6,,,,,
,step,,,,Rack: 7020-4-PPC-00004,,,,,,,
Communications - Cabinet,checklist,,,,,Cabinet ITC,,,,,,
,step,,,,,Patch Panel: 7020-4-PPT-00001,,,,,,
Communications - Copper,checklist,,,,,,7020-4-001,,,,,
Communications - Copper,checklist,,,,,,7020-4-002,,,,,
Communications - Copper,checklist,,,,,,7020-4-003,,,,,
Communications - Copper,checklist,,,,,,7020-4-004,,,,,
Communications - Copper,checklist,,,,,,7020-4-005,,,,,
Communications - Copper,checklist,,,,,,7020-4-006,,,,,
Communications - Copper,checklist,,,,,,7020-4-007,,,,,
Communications - Copper,checklist,,,,,,7020-4-008,,,,,
Communications - Copper,checklist,,,,,,7020-4-009,,,,,
Communications - Copper,checklist,,,,,,7020-4-010,,,,,
Communications - Copper,checklist,,,,,,7020-4-011,,,,,
Communications - Copper,checklist,,,,,,SPARE 1,,,,,
Communications - Copper,checklist,,,,,,SPARE 2,,,,,
Communications - Copper,checklist,,,,,,SPARE 3,,,,,
Communications - Copper,checklist,,,,,,SPARE 4,,,,,
Communications - Copper,checklist,,,,,,SPARE 5,,,,,
Communications - Copper,checklist,,,,,,SPARE 6,,,,,
Communications - Copper,checklist,,,,,,SPARE 7,,,,,
Communications - Copper,checklist,,,,,,SPARE 8,,,,,
Communications - Copper,checklist,,,,,,SPARE 9,,,,,
Communications - Copper,checklist,,,,,,SPARE 10,,,,,
Communications - Copper,checklist,,,,,,SPARE 11,,,,,
Communications - Copper,checklist,,,,,,SPARE 12,,,,,
Communications - Copper,checklist,,,,,,SPARE 13,,,,,
,step,,,,Rack: 7020-5-PPC-00005,,,,,,,
Communications - Cabinet,checklist,,,,,Cabinet ITC,,,,,,
,step,,,,,Patch Panel: 7020-5-PPT-00001,,,,,,
Communications - Copper,checklist,,,,,,7020-5-001,,,,,
Communications - Copper,checklist,,,,,,7020-5-002,,,,,
Communications - Copper,checklist,,,,,,7020-5-003,,,,,
Communications - Copper,checklist,,,,,,7020-5-004,,,,,
Communications - Copper,checklist,,,,,,7020-5-005,,,,,
Communications - Copper,checklist,,,,,,7020-5-006,,,,,
Communications - Copper,checklist,,,,,,7020-5-007,,,,,
Communications - Copper,checklist,,,,,,7020-5-008,,,,,
Communications - Copper,checklist,,,,,,7020-5-009,,,,,
Communications - Copper,checklist,,,,,,7020-5-010,,,,,
Communications - Copper,checklist,,,,,,7020-5-011,,,,,
Communications - Copper,checklist,,,,,,7020-5-012,,,,,
Communications - Copper,checklist,,,,,,7020-5-013,,,,,
Communications - Copper,checklist,,,,,,7020-5-014,,,,,
Communications - Copper,checklist,,,,,,SPARE 1,,,,,
Communications - Copper,checklist,,,,,,SPARE 2,,,,,
Communications - Copper,checklist,,,,,,SPARE 3,,,,,
Communications - Copper,checklist,,,,,,SPARE 4,,,,,
Communications - Copper,checklist,,,,,,SPARE 5,,,,,
Communications - Copper,checklist,,,,,,SPARE 6,,,,,
Communications - Copper,checklist,,,,,,SPARE 7,,,,,
Communications - Copper,checklist,,,,,,SPARE 8,,,,,
Communications - Copper,checklist,,,,,,SPARE 9,,,,,
Communications - Copper,checklist,,,,,,SPARE 10,,,,,
,step,,,,Rack: 7020-6-PPC-00006,,,,,,,
Communications - Cabinet,checklist,,,,,Cabinet ITC,,,,,,
,step,,,,,Patch Panel: 7020-6-PPT-00001,,,,,,
Communications - Copper,checklist,,,,,,7020-6-001,,,,,
Communications - Copper,checklist,,,,,,7020-6-002,,,,,
Communications - Copper,checklist,,,,,,7020-6-003,,,,,
Communications - Copper,checklist,,,,,,7020-6-004,,,,,
Communications - Copper,checklist,,,,,,7020-6-005,,,,,
Communications - Copper,checklist,,,,,,SPARE 1,,,,,
Communications - Copper,checklist,,,,,,SPARE 2,,,,,
Communications - Copper,checklist,,,,,,SPARE 3,,,,,
Communications - Copper,checklist,,,,,,SPARE 4,,,,,
Communications - Copper,checklist,,,,,,SPARE 5,,,,,
Communications - Copper,checklist,,,,,,SPARE 6,,,,,
Communications - Copper,checklist,,,,,,SPARE 7,,,,,
Communications - Copper,checklist,,,,,,SPARE 8,,,,,
Communications - Copper,checklist,,,,,,SPARE 9,,,,,
Communications - Copper,checklist,,,,,,SPARE 10,,,,,
Communications - Copper,checklist,,,,,,SPARE 11,,,,,
Communications - Copper,checklist,,,,,,SPARE 12,,,,,
Communications - Copper,checklist,,,,,,SPARE 13,,,,,
Communications - Copper,checklist,,,,,,SPARE 14,,,,,
Communications - Copper,checklist,,,,,,SPARE 15,,,,,
Communications - Copper,checklist,,,,,,SPARE 16,,,,,
Communications - Copper,checklist,,,,,,SPARE 17,,,,,
Communications - Copper,checklist,,,,,,SPARE 18,,,,,
Communications - Copper,checklist,,,,,,SPARE 19,,,,,
,step,,,,Rack: 7020-7-PPC-00007,,,,,,,
Communications - Cabinet,checklist,,,,,Cabinet ITC,,,,,,
,step,,,,,Patch Panel: 7020-7-PPT-00001,,,,,,
Communications - Copper,checklist,,,,,,7020-7-001,,,,,
Communications - Copper,checklist,,,,,,7020-7-002,,,,,
Communications - Copper,checklist,,,,,,7020-7-003,,,,,
Communications - Copper,checklist,,,,,,7020-7-004,,,,,
Communications - Copper,checklist,,,,,,7020-7-005,,,,,
Communications - Copper,checklist,,,,,,7020-7-006,,,,,
Communications - Copper,checklist,,,,,,SPARE 1,,,,,
Communications - Copper,checklist,,,,,,SPARE 2,,,,,
Communications - Copper,checklist,,,,,,SPARE 3,,,,,
Communications - Copper,checklist,,,,,,SPARE 4,,,,,
Communications - Copper,checklist,,,,,,SPARE 5,,,,,
Communications - Copper,checklist,,,,,,SPARE 6,,,,,
Communications - Copper,checklist,,,,,,SPARE 7,,,,,
Communications - Copper,checklist,,,,,,SPARE 8,,,,,
Communications - Copper,checklist,,,,,,SPARE 9,,,,,
Communications - Copper,checklist,,,,,,SPARE 10,,,,,
Communications - Copper,checklist,,,,,,SPARE 11,,,,,
Communications - Copper,checklist,,,,,,SPARE 12,,,,,
Communications - Copper,checklist,,,,,,SPARE 13,,,,,
Communications - Copper,checklist,,,,,,SPARE 14,,,,,
Communications - Copper,checklist,,,,,,SPARE 15,,,,,
Communications - Copper,checklist,,,,,,SPARE 16,,,,,
Communications - Copper,checklist,,,,,,SPARE 17,,,,,
Communications - Copper,checklist,,,,,,SPARE 18,,,,,
,step,,,,Rack: 7020-8-PPC-00008,,,,,,,
Communications - Cabinet,checklist,,,,,Cabinet ITC,,,,,,
,step,,,,,Patch Panel: 7020-8-PPT-00001,,,,,,
Communications - Copper,checklist,,,,,,7020-8-001,,,,,
Communications - Copper,checklist,,,,,,7020-8-002,,,,,
Communications - Copper,checklist,,,,,,7020-8-003,,,,,
Communications - Copper,checklist,,,,,,7020-8-004,,,,,
Communications - Copper,checklist,,,,,,7020-8-005,,,,,
Communications - Copper,checklist,,,,,,7020-8-006,,,,,
Communications - Copper,checklist,,,,,,7020-8-007,,,,,
Communications - Copper,checklist,,,,,,7020-8-008,,,,,
Communications - Copper,checklist,,,,,,7020-8-009,,,,,
Communications - Copper,checklist,,,,,,SPARE 1,,,,,
Communications - Copper,checklist,,,,,,SPARE 2,,,,,
Communications - Copper,checklist,,,,,,SPARE 3,,,,,
Communications - Copper,checklist,,,,,,SPARE 4,,,,,
Communications - Copper,checklist,,,,,,SPARE 5,,,,,
Communications - Copper,checklist,,,,,,SPARE 6,,,,,
Communications - Copper,checklist,,,,,,SPARE 7,,,,,
Communications - Copper,checklist,,,,,,SPARE 8,,,,,
Communications - Copper,checklist,,,,,,SPARE 9,,,,,
Communications - Copper,checklist,,,,,,SPARE 10,,,,,
Communications - Copper,checklist,,,,,,SPARE 11,,,,,
Communications - Copper,checklist,,,,,,SPARE 12,,,,,
Communications - Copper,checklist,,,,,,SPARE 13,,,,,
Communications - Copper,checklist,,,,,,SPARE 14,,,,,
Communications - Copper,checklist,,,,,,SPARE 15,,,,,
,step,,,,Rack: 7020-9-PPC-00009,,,,,,,
Communications - Cabinet,checklist,,,,,Cabinet ITC,,,,,,
,step,,,,,Patch Panel: 7020-9-PPT-00001,,,,,,
Communications - Copper,checklist,,,,,,7020-9-001,,,,,
Communications - Copper,checklist,,,,,,7020-9-002,,,,,
Communications - Copper,checklist,,,,,,7020-9-003,,,,,
Communications - Copper,checklist,,,,,,7020-9-004,,,,,
Communications - Copper,checklist,,,,,,7020-9-005,,,,,
Communications - Copper,checklist,,,,,,7020-9-006,,,,,
Communications - Copper,checklist,,,,,,7020-9-007,,,,,
Communications - Copper,checklist,,,,,,7020-9-008,,,,,
Communications - Copper,checklist,,,,,,7020-9-009,,,,,
Communications - Copper,checklist,,,,,,7020-9-010,,,,,
Communications - Copper,checklist,,,,,,7020-9-011,,,,,
Communications - Copper,checklist,,,,,,7020-9-012,,,,,
Communications - Copper,checklist,,,,,,7020-9-013,,,,,
Communications - Copper,checklist,,,,,,7020-9-014,,,,,
Communications - Copper,checklist,,,,,,7020-9-015,,,,,
Communications - Copper,checklist,,,,,,7020-9-016,,,,,
Communications - Copper,checklist,,,,,,7020-9-017,,,,,
Communications - Copper,checklist,,,,,,7020-9-018,,,,,
Communications - Copper,checklist,,,,,,7020-9-019,,,,,
Communications - Copper,checklist,,,,,,7020-9-020,,,,,
Communications - Copper,checklist,,,,,,7020-9-021,,,,,
Communications - Copper,checklist,,,,,,7020-9-022,,,,,
Communications - Copper,checklist,,,,,,7020-9-023,,,,,
Communications - Copper,checklist,,,,,,7020-9-024,,,,,
,step,,,,,Patch Panel: 7020-9-PPT-00002,,,,,,
Communications - Copper,checklist,,,,,,7020-9-025,,,,,
Communications - Copper,checklist,,,,,,7020-9-026,,,,,
Communications - Copper,checklist,,,,,,7020-9-027,,,,,
Communications - Copper,checklist,,,,,,7020-9-028,,,,,
Communications - Copper,checklist,,,,,,7020-9-029,,,,,
Communications - Copper,checklist,,,,,,7020-9-030,,,,,
Communications - Copper,checklist,,,,,,7020-9-031,,,,,
Communications - Copper,checklist,,,,,,7020-9-032,,,,,
Communications - Copper,checklist,,,,,,7020-9-033,,,,,
Communications - Copper,checklist,,,,,,7020-9-034,,,,,
Communications - Copper,checklist,,,,,,7020-9-035,,,,,
Communications - Copper,checklist,,,,,,7020-9-036,,,,,
Communications - Copper,checklist,,,,,,7020-9-037,,,,,
Communications - Copper,checklist,,,,,,SPARE 1,,,,,
Communications - Copper,checklist,,,,,,SPARE 2,,,,,
Communications - Copper,checklist,,,,,,SPARE 3,,,,,
Communications - Copper,checklist,,,,,,SPARE 4,,,,,
Communications - Copper,checklist,,,,,,SPARE 5,,,,,
Communications - Copper,checklist,,,,,,SPARE 6,,,,,
Communications - Copper,checklist,,,,,,SPARE 7,,,,,
Communications - Copper,checklist,,,,,,SPARE 8,,,,,
Communications - Copper,checklist,,,,,,SPARE 9,,,,,
Communications - Copper,checklist,,,,,,SPARE 10,,,,,
Communications - Copper,checklist,,,,,,SPARE 11,,,,,
,step,,,,Rack: 7020-10-PPC-00010,,,,,,,
Communications - Cabinet,checklist,,,,,Cabinet ITC,,,,,,
,step,,,,,Patch Panel: 7020.10-PPT-00001,,,,,,
Communications - Copper,checklist,,,,,,7020-10-001,,,,,
Communications - Copper,checklist,,,,,,7020-10-002,,,,,
Communications - Copper,checklist,,,,,,7020-10-003,,,,,
Communications - Copper,checklist,,,,,,7020-10-004,,,,,
Communications - Copper,checklist,,,,,,7020-10-005,,,,,
Communications - Copper,checklist,,,,,,7020-10-006,,,,,
Communications - Copper,checklist,,,,,,7020-10-007,,,,,
Communications - Copper,checklist,,,,,,7020-10-008,,,,,
Communications - Copper,checklist,,,,,,7020-10-009,,,,,
Communications - Copper,checklist,,,,,,7020-10-010,,,,,
Communications - Copper,checklist,,,,,,7020-10-011,,,,,
Communications - Copper,checklist,,,,,,7020-10-012,,,,,
Communications - Copper,checklist,,,,,,7020-10-013,,,,,
Communications - Copper,checklist,,,,,,7020-10-014,,,,,
Communications - Copper,checklist,,,,,,7020-10-015,,,,,
Communications - Copper,checklist,,,,,,7020-10-016,,,,,
Communications - Copper,checklist,,,,,,7020-10-017,,,,,
Communications - Copper,checklist,,,,,,7020-10-018,,,,,
Communications - Copper,checklist,,,,,,7020-10-019,,,,,
Communications - Copper,checklist,,,,,,7020-10-020,,,,,
Communications - Copper,checklist,,,,,,7020-10-021,,,,,
Communications - Copper,checklist,,,,,,7020-10-022,,,,,
Communications - Copper,checklist,,,,,,7020-10-023,,,,,
Communications - Copper,checklist,,,,,,7020-10-024,,,,,
,step,,,,,Patch Panel: 7020.10-PPT-00002,,,,,,
Communications - Copper,checklist,,,,,,7020-10-025,,,,,
Communications - Copper,checklist,,,,,,7020-10-026,,,,,
Communications - Copper,checklist,,,,,,7020-10-027,,,,,
Communications - Copper,checklist,,,,,,7020-10-028,,,,,
Communications - Copper,checklist,,,,,,SPARE 1,,,,,
Communications - Copper,checklist,,,,,,SPARE 2,,,,,
Communications - Copper,checklist,,,,,,SPARE 3,,,,,
Communications - Copper,checklist,,,,,,SPARE 4,,,,,
Communications - Copper,checklist,,,,,,SPARE 5,,,,,
Communications - Copper,checklist,,,,,,SPARE 6,,,,,
Communications - Copper,checklist,,,,,,SPARE 7,,,,,
Communications - Copper,checklist,,,,,,SPARE 8,,,,,
Communications - Copper,checklist,,,,,,SPARE 9,,,,,
Communications - Copper,checklist,,,,,,SPARE 10,,,,,
Communications - Copper,checklist,,,,,,SPARE 11,,,,,
Communications - Copper,checklist,,,,,,SPARE 12,,,,,
Communications - Copper,checklist,,,,,,SPARE 13,,,,,
Communications - Copper,checklist,,,,,,SPARE 14,,,,,
Communications - Copper,checklist,,,,,,SPARE 15,,,,,
Communications - Copper,checklist,,,,,,SPARE 16,,,,,
Communications - Copper,checklist,,,,,,SPARE 17,,,,,
Communications - Copper,checklist,,,,,,SPARE 18,,,,,
Communications - Copper,checklist,,,,,,SPARE 19,,,,,
Communications - Copper,checklist,,,,,,SPARE 20,,,,,
,step,,,,Rack: 7020-11-PPC-00011,,,,,,,
Communications - Cabinet,checklist,,,,,Cabinet ITC,,,,,,
,step,,,,,Patch Panel: 7020-11-PPT-00001,,,,,,
Communications - Copper,checklist,,,,,,7020-11-001,,,,,
Communications - Copper,checklist,,,,,,7020-11-002,,,,,
Communications - Copper,checklist,,,,,,7020-11-003,,,,,
Communications - Copper,checklist,,,,,,7020-11-004,,,,,
Communications - Copper,checklist,,,,,,7020-11-005,,,,,
Communications - Copper,checklist,,,,,,SPARE 1,,,,,
Communications - Copper,checklist,,,,,,SPARE 2,,,,,
Communications - Copper,checklist,,,,,,SPARE 3,,,,,
Communications - Copper,checklist,,,,,,SPARE 4,,,,,
Communications - Copper,checklist,,,,,,SPARE 5,,,,,
Communications - Copper,checklist,,,,,,SPARE 6,,,,,
Communications - Copper,checklist,,,,,,SPARE 7,,,,,
Communications - Copper,checklist,,,,,,SPARE 8,,,,,
Communications - Copper,checklist,,,,,,SPARE 9,,,,,
Communications - Copper,checklist,,,,,,SPARE 10,,,,,
Communications - Copper,checklist,,,,,,SPARE 11,,,,,
Communications - Copper,checklist,,,,,,SPARE 12,,,,,
Communications - Copper,checklist,,,,,,SPARE 13,,,,,
Communications - Copper,checklist,,,,,,SPARE 14,,,,,
Communications - Copper,checklist,,,,,,SPARE 15,,,,,
Communications - Copper,checklist,,,,,,SPARE 16,,,,,
Communications - Copper,checklist,,,,,,SPARE 17,,,,,
Communications - Copper,checklist,,,,,,SPARE 18,,,,,
Communications - Copper,checklist,,,,,,SPARE 19,,,,,
,step,,,,Rack: 7020-12-PPC-00012,,,,,,,
Communications - Cabinet,checklist,,,,,Cabinet ITC,,,,,,
,step,,,,,Patch Panel: 7020-12-PPT-00001,,,,,,
Communications - Copper,checklist,,,,,,7020-12-001,,,,,
Communications - Copper,checklist,,,,,,7020-12-002,,,,,
Communications - Copper,checklist,,,,,,7020-12-003,,,,,
Communications - Copper,checklist,,,,,,SPARE 1,,,,,
Communications - Copper,checklist,,,,,,SPARE 2,,,,,
Communications - Copper,checklist,,,,,,SPARE 3,,,,,
Communications - Copper,checklist,,,,,,SPARE 4,,,,,
Communications - Copper,checklist,,,,,,SPARE 5,,,,,
Communications - Copper,checklist,,,,,,SPARE 6,,,,,
Communications - Copper,checklist,,,,,,SPARE 7,,,,,
Communications - Copper,checklist,,,,,,SPARE 8,,,,,
Communications - Copper,checklist,,,,,,SPARE 9,,,,,
Communications - Copper,checklist,,,,,,SPARE 10,,,,,
Communications - Copper,checklist,,,,,,SPARE 11,,,,,
Communications - Copper,checklist,,,,,,SPARE 12,,,,,
Communications - Copper,checklist,,,,,,SPARE 13,,,,,
Communications - Copper,checklist,,,,,,SPARE 14,,,,,
Communications - Copper,checklist,,,,,,SPARE 15,,,,,
Communications - Copper,checklist,,,,,,SPARE 16,,,,,
Communications - Copper,checklist,,,,,,SPARE 17,,,,,
Communications - Copper,checklist,,,,,,SPARE 18,,,,,
Communications - Copper,checklist,,,,,,SPARE 19,,,,,
Communications - Copper,checklist,,,,,,SPARE 20,,,,,
,step,,,CarPark 3-4 Departures,,,,,,,,
,step,,,,Rack: 7021-1-PPC-00001,,,,,,,
Communications - Cabinet,checklist,,,,,Cabinet ITC,,,,,,
,step,,,,,Patch Panel: 7021-1-PPT-00001,,,,,,
Communications - Copper,checklist,,,,,,7021-1-001,,,,,
Communications - Copper,checklist,,,,,,7021-1-002,,,,,
Communications - Copper,checklist,,,,,,7021-1-003,,,,,
Communications - Copper,checklist,,,,,,7021-1-004,,,,,
Communications - Copper,checklist,,,,,,7021-1-005,,,,,
Communications - Copper,checklist,,,,,,7021-1-006,,,,,
Communications - Copper,checklist,,,,,,7021-1-007,,,,,
Communications - Copper,checklist,,,,,,7021-1-008,,,,,
Communications - Copper,checklist,,,,,,7021-1-009,,,,,
Communications - Copper,checklist,,,,,,7021-1-010,,,,,
Communications - Copper,checklist,,,,,,7021-1-011,,,,,
Communications - Copper,checklist,,,,,,7021-1-012,,,,,
Communications - Copper,checklist,,,,,,7021-1-013,,,,,
Communications - Copper,checklist,,,,,,7021-1-014,,,,,
Communications - Copper,checklist,,,,,,7021-1-015,,,,,
Communications - Copper,checklist,,,,,,7021-1-016,,,,,
Communications - Copper,checklist,,,,,,7021-1-017,,,,,
Communications - Copper,checklist,,,,,,7021-1-018,,,,,
Communications - Copper,checklist,,,,,,7021-1-019,,,,,
Communications - Copper,checklist,,,,,,7021-1-020,,,,,
Communications - Copper,checklist,,,,,,7021-1-021,,,,,
Communications - Copper,checklist,,,,,,7021-1-022,,,,,
Communications - Copper,checklist,,,,,,7021-1-023,,,,,
Communications - Copper,checklist,,,,,,7021-1-024,,,,,
,step,,,,,Patch Panel: 7021-1-PPT-00002,,,,,,
Communications - Copper,checklist,,,,,,7021-1-025,,,,,
Communications - Copper,checklist,,,,,,7021-1-026,,,,,
Communications - Copper,checklist,,,,,,7021-1-027,,,,,
Communications - Copper,checklist,,,,,,7021-1-028,,,,,
Communications - Copper,checklist,,,,,,7021-1-029,,,,,
Communications - Copper,checklist,,,,,,7021-1-030,,,,,
Communications - Copper,checklist,,,,,,7021-1-031,,,,,
Communications - Copper,checklist,,,,,,7021-1-032,,,,,
Communications - Copper,checklist,,,,,,7021-1-033,,,,,
Communications - Copper,checklist,,,,,,SPARE 1,,,,,
Communications - Copper,checklist,,,,,,SPARE 2,,,,,
Communications - Copper,checklist,,,,,,SPARE 3,,,,,
Communications - Copper,checklist,,,,,,SPARE 4,,,,,
Communications - Copper,checklist,,,,,,SPARE 5,,,,,
Communications - Copper,checklist,,,,,,SPARE 6,,,,,
Communications - Copper,checklist,,,,,,SPARE 7,,,,,
Communications - Copper,checklist,,,,,,SPARE 8,,,,,
Communications - Copper,checklist,,,,,,SPARE 9,,,,,
Communications - Copper,checklist,,,,,,SPARE 10,,,,,
Communications - Copper,checklist,,,,,,SPARE 11,,,,,
Communications - Copper,checklist,,,,,,SPARE 12,,,,,
Communications - Copper,checklist,,,,,,SPARE 13,,,,,
Communications - Copper,checklist,,,,,,SPARE 14,,,,,
Communications - Copper,checklist,,,,,,SPARE 15,,,,,
,step,,,,Rack: 7021-2-PPC-00002,,,,,,,
Communications - Cabinet,checklist,,,,,Cabinet ITC,,,,,,
,step,,,,,Patch Panel: 7021-2-PPT-00001,,,,,,
Communications - Copper,checklist,,,,,,7021-2-001,,,,,
Communications - Copper,checklist,,,,,,7021-2-002,,,,,
Communications - Copper,checklist,,,,,,7021-2-003,,,,,
Communications - Copper,checklist,,,,,,7021-2-004,,,,,
Communications - Copper,checklist,,,,,,7021-2-005,,,,,
Communications - Copper,checklist,,,,,,7021-2-006,,,,,
Communications - Copper,checklist,,,,,,7021-2-007,,,,,
Communications - Copper,checklist,,,,,,7021-2-008,,,,,
Communications - Copper,checklist,,,,,,7021-2-009,,,,,
Communications - Copper,checklist,,,,,,7021-2-010,,,,,
Communications - Copper,checklist,,,,,,SPARE 1,,,,,
Communications - Copper,checklist,,,,,,SPARE 2,,,,,
Communications - Copper,checklist,,,,,,SPARE 3,,,,,
Communications - Copper,checklist,,,,,,SPARE 4,,,,,
Communications - Copper,checklist,,,,,,SPARE 5,,,,,
Communications - Copper,checklist,,,,,,SPARE 6,,,,,
Communications - Copper,checklist,,,,,,SPARE 7,,,,,
Communications - Copper,checklist,,,,,,SPARE 8,,,,,
Communications - Copper,checklist,,,,,,SPARE 9,,,,,
Communications - Copper,checklist,,,,,,SPARE 10,,,,,
Communications - Copper,checklist,,,,,,SPARE 11,,,,,
Communications - Copper,checklist,,,,,,SPARE 12,,,,,
Communications - Copper,checklist,,,,,,SPARE 13,,,,,
Communications - Copper,checklist,,,,,,SPARE 14,,,,,
,step,,,,Rack: 7021-3-PPC-00003,,,,,,,
Communications - Cabinet,checklist,,,,,Cabinet ITC,,,,,,
,step,,,,,Patch Panel: 7021-3-PPT-00001,,,,,,
Communications - Copper,checklist,,,,,,7021-3-001,,,,,
Communications - Copper,checklist,,,,,,7021-3-002,,,,,
Communications - Copper,checklist,,,,,,7021-3-003,,,,,
Communications - Copper,checklist,,,,,,7021-3-004,,,,,
Communications - Copper,checklist,,,,,,7021-3-005,,,,,
Communications - Copper,checklist,,,,,,7021-3-006,,,,,
Communications - Copper,checklist,,,,,,7021-3-007,,,,,
Communications - Copper,checklist,,,,,,7021-3-008,,,,,
Communications - Copper,checklist,,,,,,7021-3-009,,,,,
Communications - Copper,checklist,,,,,,7021-3-010,,,,,
Communications - Copper,checklist,,,,,,7021-3-011,,,,,
Communications - Copper,checklist,,,,,,7021-3-012,,,,,
Communications - Copper,checklist,,,,,,7021-3-013,,,,,
Communications - Copper,checklist,,,,,,7021-3-014,,,,,
Communications - Copper,checklist,,,,,,7021-3-015,,,,,
Communications - Copper,checklist,,,,,,SPARE 1,,,,,
Communications - Copper,checklist,,,,,,SPARE 2,,,,,
Communications - Copper,checklist,,,,,,SPARE 3,,,,,
Communications - Copper,checklist,,,,,,SPARE 4,,,,,
Communications - Copper,checklist,,,,,,SPARE 5,,,,,
Communications - Copper,checklist,,,,,,SPARE 6,,,,,
Communications - Copper,checklist,,,,,,SPARE 7,,,,,
Communications - Copper,checklist,,,,,,SPARE 8,,,,,
Communications - Copper,checklist,,,,,,SPARE 9,,,,,
,step,,,,Rack: 7021-4-PPC-00004,,,,,,,
Communications - Cabinet,checklist,,,,,Cabinet ITC,,,,,,
,step,,,,,Patch Panel: 7021-4-PPT-00001,,,,,,
Communications - Copper,checklist,,,,,,7021-4-001,,,,,
Communications - Copper,checklist,,,,,,7021-4-002,,,,,
Communications - Copper,checklist,,,,,,7021-4-003,,,,,
Communications - Copper,checklist,,,,,,7021-4-004,,,,,
Communications - Copper,checklist,,,,,,7021-4-005,,,,,
Communications - Copper,checklist,,,,,,7021-4-006,,,,,
Communications - Copper,checklist,,,,,,7021-4-007,,,,,
Communications - Copper,checklist,,,,,,7021-4-008,,,,,
Communications - Copper,checklist,,,,,,7021-4-009,,,,,
Communications - Copper,checklist,,,,,,7021-4-010,,,,,
Communications - Copper,checklist,,,,,,7021-4-011,,,,,
Communications - Copper,checklist,,,,,,7021-4-012,,,,,
Communications - Copper,checklist,,,,,,7021-4-013,,,,,
Communications - Copper,checklist,,,,,,SPARE 1,,,,,
Communications - Copper,checklist,,,,,,SPARE 2,,,,,
Communications - Copper,checklist,,,,,,SPARE 3,,,,,
Communications - Copper,checklist,,,,,,SPARE 4,,,,,
Communications - Copper,checklist,,,,,,SPARE 5,,,,,
Communications - Copper,checklist,,,,,,SPARE 6,,,,,
Communications - Copper,checklist,,,,,,SPARE 7,,,,,
Communications - Copper,checklist,,,,,,SPARE 8,,,,,
Communications - Copper,checklist,,,,,,SPARE 9,,,,,
Communications - Copper,checklist,,,,,,SPARE 10,,,,,
Communications - Copper,checklist,,,,,,SPARE 11,,,,,
,step,,,,Rack: 7021-5-PPC-00005,,,,,,,
Communications - Cabinet,checklist,,,,,Cabinet ITC,,,,,,
,step,,,,,Patch Panel: 7021-5-PPT-00001,,,,,,
Communications - Copper,checklist,,,,,,7021-5-001,,,,,
Communications - Copper,checklist,,,,,,7021-5-002,,,,,
Communications - Copper,checklist,,,,,,7021-5-003,,,,,
Communications - Copper,checklist,,,,,,7021-5-004,,,,,
Communications - Copper,checklist,,,,,,7021-5-005,,,,,
Communications - Copper,checklist,,,,,,7021-5-006,,,,,
Communications - Copper,checklist,,,,,,7021-5-007,,,,,
Communications - Copper,checklist,,,,,,SPARE 1,,,,,
Communications - Copper,checklist,,,,,,SPARE 2,,,,,
Communications - Copper,checklist,,,,,,SPARE 3,,,,,
Communications - Copper,checklist,,,,,,SPARE 4,,,,,
Communications - Copper,checklist,,,,,,SPARE 5,,,,,
Communications - Copper,checklist,,,,,,SPARE 6,,,,,
Communications - Copper,checklist,,,,,,SPARE 7,,,,,
Communications - Copper,checklist,,,,,,SPARE 8,,,,,
Communications - Copper,checklist,,,,,,SPARE 9,,,,,
Communications - Copper,checklist,,,,,,SPARE 10,,,,,
Communications - Copper,checklist,,,,,,SPARE 11,,,,,
Communications - Copper,checklist,,,,,,SPARE 12,,,,,
Communications - Copper,checklist,,,,,,SPARE 13,,,,,
Communications - Copper,checklist,,,,,,SPARE 14,,,,,
Communications - Copper,checklist,,,,,,SPARE 15,,,,,
Communications - Copper,checklist,,,,,,SPARE 16,,,,,
Communications - Copper,checklist,,,,,,SPARE 17,,,,,
,step,,,,Rack: 7021-6-PPC-00006,,,,,,,
Communications - Cabinet,checklist,,,,,Cabinet ITC,,,,,,
,step,,,,,Patch Panel: 7021-6-PPT-00001,,,,,,
Communications - Copper,checklist,,,,,,7021-6-001,,,,,
Communications - Copper,checklist,,,,,,7021-6-002,,,,,
Communications - Copper,checklist,,,,,,7021-6-003,,,,,
Communications - Copper,checklist,,,,,,7021-6-004,,,,,
Communications - Copper,checklist,,,,,,7021-6-005,,,,,
Communications - Copper,checklist,,,,,,7021-6-006,,,,,
Communications - Copper,checklist,,,,,,7021-6-007,,,,,
Communications - Copper,checklist,,,,,,SPARE 1,,,,,
Communications - Copper,checklist,,,,,,SPARE 2,,,,,
Communications - Copper,checklist,,,,,,SPARE 3,,,,,
Communications - Copper,checklist,,,,,,SPARE 4,,,,,
Communications - Copper,checklist,,,,,,SPARE 5,,,,,
Communications - Copper,checklist,,,,,,SPARE 6,,,,,
Communications - Copper,checklist,,,,,,SPARE 7,,,,,
Communications - Copper,checklist,,,,,,SPARE 8,,,,,
Communications - Copper,checklist,,,,,,SPARE 9,,,,,
Communications - Copper,checklist,,,,,,SPARE 10,,,,,
Communications - Copper,checklist,,,,,,SPARE 11,,,,,
Communications - Copper,checklist,,,,,,SPARE 12,,,,,
Communications - Copper,checklist,,,,,,SPARE 13,,,,,
Communications - Copper,checklist,,,,,,SPARE 14,,,,,
Communications - Copper,checklist,,,,,,SPARE 15,,,,,
Communications - Copper,checklist,,,,,,SPARE 16,,,,,
Communications - Copper,checklist,,,,,,SPARE 17,,,,,
,step,,,,Rack: 7021-7-PPC-00007,,,,,,,
Communications - Cabinet,checklist,,,,,Cabinet ITC,,,,,,
,step,,,,,Patch Panel: 7021-7-PPT-00001,,,,,,
Communications - Copper,checklist,,,,,,7021-7-001,,,,,
Communications - Copper,checklist,,,,,,7021-7-002,,,,,
Communications - Copper,checklist,,,,,,7021-7-003,,,,,
Communications - Copper,checklist,,,,,,7021-7-004,,,,,
Communications - Copper,checklist,,,,,,7021-7-005,,,,,
Communications - Copper,checklist,,,,,,7021-7-006,,,,,
Communications - Copper,checklist,,,,,,7021-7-007,,,,,
Communications - Copper,checklist,,,,,,7021-7-008,,,,,
Communications - Copper,checklist,,,,,,7021-7-009,,,,,
Communications - Copper,checklist,,,,,,7021-7-010,,,,,
Communications - Copper,checklist,,,,,,7021-7-011,,,,,
Communications - Copper,checklist,,,,,,7021-7-012,,,,,
Communications - Copper,checklist,,,,,,7021-7-013,,,,,
Communications - Copper,checklist,,,,,,7021-7-014,,,,,
Communications - Copper,checklist,,,,,,7021-7-015,,,,,
Communications - Copper,checklist,,,,,,7021-7-016,,,,,
Communications - Copper,checklist,,,,,,7021-7-017,,,,,
Communications - Copper,checklist,,,,,,7021-7-018,,,,,
Communications - Copper,checklist,,,,,,7021-7-019,,,,,
Communications - Copper,checklist,,,,,,7021-7-020,,,,,
Communications - Copper,checklist,,,,,,7021-7-021,,,,,
Communications - Copper,checklist,,,,,,7021-7-022,,,,,
Communications - Copper,checklist,,,,,,7021-7-023,,,,,
Communications - Copper,checklist,,,,,,7021-7-024,,,,,
,step,,,,,Patch Panel: 7021-7-PPT-00002,,,,,,
Communications - Copper,checklist,,,,,,7021-7-025,,,,,
Communications - Copper,checklist,,,,,,7021-7-026,,,,,
Communications - Copper,checklist,,,,,,7021-7-027,,,,,
Communications - Copper,checklist,,,,,,7021-7-028,,,,,
Communications - Copper,checklist,,,,,,7021-7-029,,,,,
Communications - Copper,checklist,,,,,,7021-7-030,,,,,
Communications - Copper,checklist,,,,,,7021-7-031,,,,,
Communications - Copper,checklist,,,,,,7021-7-032,,,,,
Communications - Copper,checklist,,,,,,7021-7-033,,,,,
Communications - Copper,checklist,,,,,,7021-7-034,,,,,
Communications - Copper,checklist,,,,,,7021-7-035,,,,,
Communications - Copper,checklist,,,,,,7021-7-036,,,,,
Communications - Copper,checklist,,,,,,7021-7-037,,,,,
Communications - Copper,checklist,,,,,,7021-7-038,,,,,
Communications - Copper,checklist,,,,,,7021-7-039,,,,,
Communications - Copper,checklist,,,,,,7021-7-040,,,,,
Communications - Copper,checklist,,,,,,7021-7-041,,,,,
Communications - Copper,checklist,,,,,,7021-7-042,,,,,
Communications - Copper,checklist,,,,,,7021-7-043,,,,,
Communications - Copper,checklist,,,,,,7021-7-044,,,,,
Communications - Copper,checklist,,,,,,7021-7-045,,,,,
Communications - Copper,checklist,,,,,,7021-7-046,,,,,
Communications - Copper,checklist,,,,,,7021-7-047,,,,,
Communications - Copper,checklist,,,,,,7021-7-048,,,,,
,step,,,,,Patch Panel: 7021-7-PPT-00003,,,,,,
Communications - Copper,checklist,,,,,,7021-7-049,,,,,
Communications - Copper,checklist,,,,,,7021-7-050,,,,,
Communications - Copper,checklist,,,,,,7021-7-051,,,,,
Communications - Copper,checklist,,,,,,7021-7-052,,,,,
Communications - Copper,checklist,,,,,,7021-7-053,,,,,
Communications - Copper,checklist,,,,,,7021-7-054,,,,,
Communications - Copper,checklist,,,,,,7021-7-055,,,,,
Communications - Copper,checklist,,,,,,7021-7-056,,,,,
Communications - Copper,checklist,,,,,,7021-7-057,,,,,
Communications - Copper,checklist,,,,,,7021-7-058,,,,,
Communications - Copper,checklist,,,,,,SPARE 1,,,,,
Communications - Copper,checklist,,,,,,SPARE 2,,,,,
Communications - Copper,checklist,,,,,,SPARE 3,,,,,
Communications - Copper,checklist,,,,,,SPARE 4,,,,,
Communications - Copper,checklist,,,,,,SPARE 5,,,,,
Communications - Copper,checklist,,,,,,SPARE 6,,,,,
Communications - Copper,checklist,,,,,,SPARE 7,,,,,
Communications - Copper,checklist,,,,,,SPARE 8,,,,,
Communications - Copper,checklist,,,,,,SPARE 9,,,,,
Communications - Copper,checklist,,,,,,SPARE 10,,,,,
Communications - Copper,checklist,,,,,,SPARE 11,,,,,
Communications - Copper,checklist,,,,,,SPARE 12,,,,,
Communications - Copper,checklist,,,,,,SPARE 13,,,,,
Communications - Copper,checklist,,,,,,SPARE 14,,,,,
,step,,,,Rack: 7021-8-PPC-00008,,,,,,,
Communications - Cabinet,checklist,,,,,Cabinet ITC,,,,,,
,step,,,,,Patch Panel: 7021-8-PPT-00001,,,,,,
Communications - Copper,checklist,,,,,,7021-8-001,,,,,
Communications - Copper,checklist,,,,,,7021-8-002,,,,,
Communications - Copper,checklist,,,,,,7021-8-003,,,,,
Communications - Copper,checklist,,,,,,7021-8-004,,,,,
Communications - Copper,checklist,,,,,,7021-8-005,,,,,
Communications - Copper,checklist,,,,,,7021-8-006,,,,,
Communications - Copper,checklist,,,,,,7021-8-007,,,,,
Communications - Copper,checklist,,,,,,7021-8-008,,,,,
Communications - Copper,checklist,,,,,,7021-8-009,,,,,
Communications - Copper,checklist,,,,,,7021-8-010,,,,,
Communications - Copper,checklist,,,,,,7021-8-011,,,,,
Communications - Copper,checklist,,,,,,7021-8-012,,,,,
Communications - Copper,checklist,,,,,,7021-8-013,,,,,
Communications - Copper,checklist,,,,,,7021-8-014,,,,,
Communications - Copper,checklist,,,,,,7021-8-015,,,,,
Communications - Copper,checklist,,,,,,7021-8-016,,,,,
Communications - Copper,checklist,,,,,,7021-8-017,,,,,
Communications - Copper,checklist,,,,,,7021-8-018,,,,,
Communications - Copper,checklist,,,,,,7021-8-019,,,,,
Communications - Copper,checklist,,,,,,7021-8-020,,,,,
Communications - Copper,checklist,,,,,,7021-8-021,,,,,
Communications - Copper,checklist,,,,,,7021-8-022,,,,,
Communications - Copper,checklist,,,,,,7021-8-023,,,,,
Communications - Copper,checklist,,,,,,7021-8-024,,,,,
,step,,,,,Patch Panel: 7021-8-PPT-00002,,,,,,
Communications - Copper,checklist,,,,,,7021-8-025,,,,,
Communications - Copper,checklist,,,,,,7021-8-026,,,,,
Communications - Copper,checklist,,,,,,7021-8-027,,,,,
Communications - Copper,checklist,,,,,,7021-8-028,,,,,
Communications - Copper,checklist,,,,,,7021-8-029,,,,,
Communications - Copper,checklist,,,,,,SPARE 1,,,,,
Communications - Copper,checklist,,,,,,SPARE 2,,,,,
Communications - Copper,checklist,,,,,,SPARE 3,,,,,
Communications - Copper,checklist,,,,,,SPARE 4,,,,,
Communications - Copper,checklist,,,,,,SPARE 5,,,,,
Communications - Copper,checklist,,,,,,SPARE 6,,,,,
Communications - Copper,checklist,,,,,,SPARE 7,,,,,
Communications - Copper,checklist,,,,,,SPARE 8,,,,,
Communications - Copper,checklist,,,,,,SPARE 9,,,,,
Communications - Copper,checklist,,,,,,SPARE 10,,,,,
Communications - Copper,checklist,,,,,,SPARE 11,,,,,
Communications - Copper,checklist,,,,,,SPARE 12,,,,,
Communications - Copper,checklist,,,,,,SPARE 13,,,,,
Communications - Copper,checklist,,,,,,SPARE 14,,,,,
Communications - Copper,checklist,,,,,,SPARE 15,,,,,
Communications - Copper,checklist,,,,,,SPARE 16,,,,,
Communications - Copper,checklist,,,,,,SPARE 17,,,,,
Communications - Copper,checklist,,,,,,SPARE 18,,,,,
Communications - Copper,checklist,,,,,,SPARE 19,,,,,
,step,,,NCS,,,,,,,,
,step,,,,Rack: 3140-1-PPC-00001,,,,,,,
Communications - Cabinet,checklist,,,,,Cabinet ITC,,,,,,
,step,,,,,Patch Panel: 3140-1-PPT-00001,,,,,,
Communications - Copper,checklist,,,,,,3140-1-001,,,,,
Communications - Copper,checklist,,,,,,3140-1-002,,,,,
Communications - Copper,checklist,,,,,,3140-1-003,,,,,
Communications - Copper,checklist,,,,,,3140-1-004,,,,,
Communications - Copper,checklist,,,,,,3140-1-005,,,,,
Communications - Copper,checklist,,,,,,3140-1-006,,,,,
Communications - Copper,checklist,,,,,,3140-1-007,,,,,
Communications - Copper,checklist,,,,,,3140-1-008,,,,,
Communications - Copper,checklist,,,,,,3140-1-009,,,,,
Communications - Copper,checklist,,,,,,3140-1-010,,,,,
Communications - Copper,checklist,,,,,,3140-1-011,,,,,
Communications - Copper,checklist,,,,,,3140-1-012,,,,,
Communications - Copper,checklist,,,,,,3140-1-013,,,,,
Communications - Copper,checklist,,,,,,3140-1-014,,,,,
Communications - Copper,checklist,,,,,,3140-1-015,,,,,
Communications - Copper,checklist,,,,,,3140-1-016,,,,,
Communications - Copper,checklist,,,,,,3140-1-017,,,,,
Communications - Copper,checklist,,,,,,3140-1-018,,,,,
Communications - Copper,checklist,,,,,,3140-1-019,,,,,
Communications - Copper,checklist,,,,,,3140-1-020,,,,,
Communications - Copper,checklist,,,,,,3140-1-021,,,,,
Communications - Copper,checklist,,,,,,3140-1-022,,,,,
Communications - Copper,checklist,,,,,,3140-1-023,,,,,
Communications - Copper,checklist,,,,,,3140-1-024,,,,,
,step,,,,,Patch Panel: 3140-1-PPT-00002,,,,,,
Communications - Copper,checklist,,,,,,3140-1-025,,,,,
Communications - Copper,checklist,,,,,,3140-1-026,,,,,
Communications - Copper,checklist,,,,,,3140-1-027,,,,,
Communications - Copper,checklist,,,,,,3140-1-028,,,,,
Communications - Copper,checklist,,,,,,3140-1-029,,,,,
Communications - Copper,checklist,,,,,,3140-1-030,,,,,
Communications - Copper,checklist,,,,,,3140-1-031,,,,,
Communications - Copper,checklist,,,,,,3140-1-032,,,,,
Communications - Copper,checklist,,,,,,3140-1-033,,,,,
Communications - Copper,checklist,,,,,,3140-1-034,,,,,
Communications - Copper,checklist,,,,,,3140-1-035,,,,,
Communications - Copper,checklist,,,,,,3140-1-036,,,,,
Communications - Copper,checklist,,,,,,3140-1-037,,,,,
Communications - Copper,checklist,,,,,,3140-1-038,,,,,
Communications - Copper,checklist,,,,,,3140-1-039,,,,,
Communications - Copper,checklist,,,,,,3140-1-040,,,,,
Communications - Copper,checklist,,,,,,3140-1-041,,,,,
Communications - Copper,checklist,,,,,,3140-1-042,,,,,
Communications - Copper,checklist,,,,,,3140-1-043,,,,,
Communications - Copper,checklist,,,,,,3140-1-044,,,,,
Communications - Copper,checklist,,,,,,3140-1-045,,,,,
Communications - Copper,checklist,,,,,,3140-1-046,,,,,
Communications - Copper,checklist,,,,,,3140-1-047,,,,,
Communications - Copper,checklist,,,,,,3140-1-048,,,,,
,step,,,,,Patch Panel: 3140-1-PPT-00003,,,,,,
Communications - Copper,checklist,,,,,,3140-1-049,,,,,
Communications - Copper,checklist,,,,,,3140-1-050,,,,,
Communications - Copper,checklist,,,,,,SPARE 1,,,,,
Communications - Copper,checklist,,,,,,SPARE 2,,,,,
Communications - Copper,checklist,,,,,,SPARE 3,,,,,
Communications - Copper,checklist,,,,,,SPARE 4,,,,,
Communications - Copper,checklist,,,,,,SPARE 5,,,,,
Communications - Copper,checklist,,,,,,SPARE 6,,,,,
Communications - Copper,checklist,,,,,,SPARE 7,,,,,
Communications - Copper,checklist,,,,,,SPARE 8,,,,,
Communications - Copper,checklist,,,,,,SPARE 9,,,,,
Communications - Copper,checklist,,,,,,SPARE 10,,,,,
Communications - Copper,checklist,,,,,,SPARE 11,,,,,
Communications - Copper,checklist,,,,,,SPARE 12,,,,,
Communications - Copper,checklist,,,,,,SPARE 13,,,,,
Communications - Copper,checklist,,,,,,SPARE 14,,,,,
Communications - Copper,checklist,,,,,,SPARE 15,,,,,
Communications - Copper,checklist,,,,,,SPARE 16,,,,,
Communications - Copper,checklist,,,,,,SPARE 17,,,,,
Communications - Copper,checklist,,,,,,SPARE 18,,,,,
Communications - Copper,checklist,,,,,,SPARE 19,,,,,
Communications - Copper,checklist,,,,,,SPARE 20,,,,,
Communications - Copper,checklist,,,,,,SPARE 21,,,,,
Communications - Copper,checklist,,,,,,SPARE 22,,,,,
,step,,,,Rack: 3140-2-PPC-00002,,,,,,,
Communications - Cabinet,checklist,,,,,Cabinet ITC,,,,,,
,step,,,,,Patch Panel: 3140-2-PPT-00001,,,,,,
Communications - Copper,checklist,,,,,,3140-2-001,,,,,
Communications - Copper,checklist,,,,,,3140-2-002,,,,,
Communications - Copper,checklist,,,,,,3140-2-003,,,,,
Communications - Copper,checklist,,,,,,3140-2-004,,,,,
Communications - Copper,checklist,,,,,,3140-2-005,,,,,
Communications - Copper,checklist,,,,,,3140-2-006,,,,,
Communications - Copper,checklist,,,,,,3140-2-007,,,,,
Communications - Copper,checklist,,,,,,3140-2-008,,,,,
Communications - Copper,checklist,,,,,,3140-2-009,,,,,
Communications - Copper,checklist,,,,,,3140-2-010,,,,,
Communications - Copper,checklist,,,,,,3140-2-011,,,,,
Communications - Copper,checklist,,,,,,3140-2-012,,,,,
Communications - Copper,checklist,,,,,,3140-2-013,,,,,
Communications - Copper,checklist,,,,,,3140-2-014,,,,,
Communications - Copper,checklist,,,,,,3140-2-015,,,,,
Communications - Copper,checklist,,,,,,3140-2-016,,,,,
Communications - Copper,checklist,,,,,,3140-2-017,,,,,
Communications - Copper,checklist,,,,,,3140-2-018,,,,,
Communications - Copper,checklist,,,,,,3140-2-019,,,,,
Communications - Copper,checklist,,,,,,3140-2-020,,,,,
Communications - Copper,checklist,,,,,,3140-2-021,,,,,
Communications - Copper,checklist,,,,,,3140-2-022,,,,,
Communications - Copper,checklist,,,,,,3140-2-023,,,,,
Communications - Copper,checklist,,,,,,3140-2-024,,,,,
,step,,,,,Patch Panel: 3140-2-PPT-00002,,,,,,
Communications - Copper,checklist,,,,,,3140-2-025,,,,,
Communications - Copper,checklist,,,,,,3140-2-026,,,,,
Communications - Copper,checklist,,,,,,3140-2-027,,,,,
Communications - Copper,checklist,,,,,,3140-2-028,,,,,
Communications - Copper,checklist,,,,,,3140-2-029,,,,,
Communications - Copper,checklist,,,,,,3140-2-030,,,,,
Communications - Copper,checklist,,,,,,3140-2-031,,,,,
Communications - Copper,checklist,,,,,,3140-2-032,,,,,
Communications - Copper,checklist,,,,,,3140-2-033,,,,,
Communications - Copper,checklist,,,,,,3140-2-034,,,,,
Communications - Copper,checklist,,,,,,3140-2-035,,,,,
Communications - Copper,checklist,,,,,,3140-2-036,,,,,
Communications - Copper,checklist,,,,,,3140-2-037,,,,,
Communications - Copper,checklist,,,,,,3140-2-038,,,,,
Communications - Copper,checklist,,,,,,3140-2-039,,,,,
Communications - Copper,checklist,,,,,,3140-2-040,,,,,
Communications - Copper,checklist,,,,,,3140-2-041,,,,,
Communications - Copper,checklist,,,,,,3140-2-042,,,,,
Communications - Copper,checklist,,,,,,3140-2-043,,,,,
Communications - Copper,checklist,,,,,,3140-2-044,,,,,
Communications - Copper,checklist,,,,,,3140-2-045,,,,,
Communications - Copper,checklist,,,,,,3140-2-046,,,,,
Communications - Copper,checklist,,,,,,3140-2-047,,,,,
Communications - Copper,checklist,,,,,,3140-2-048,,,,,
,step,,,,,Patch Panel: 3140-2-PPT-00003,,,,,,
Communications - Copper,checklist,,,,,,3140-2-049,,,,,
Communications - Copper,checklist,,,,,,3140-2-050,,,,,
Communications - Copper,checklist,,,,,,3140-2-051,,,,,
Communications - Copper,checklist,,,,,,3140-2-052,,,,,
Communications - Copper,checklist,,,,,,3140-2-053,,,,,
Communications - Copper,checklist,,,,,,SPARE 1,,,,,
Communications - Copper,checklist,,,,,,SPARE 2,,,,,
Communications - Copper,checklist,,,,,,SPARE 3,,,,,
Communications - Copper,checklist,,,,,,SPARE 4,,,,,
Communications - Copper,checklist,,,,,,SPARE 5,,,,,
Communications - Copper,checklist,,,,,,SPARE 6,,,,,
Communications - Copper,checklist,,,,,,SPARE 7,,,,,
Communications - Copper,checklist,,,,,,SPARE 8,,,,,
Communications - Copper,checklist,,,,,,SPARE 9,,,,,
Communications - Copper,checklist,,,,,,SPARE 10,,,,,
Communications - Copper,checklist,,,,,,SPARE 11,,,,,
Communications - Copper,checklist,,,,,,SPARE 12,,,,,
Communications - Copper,checklist,,,,,,SPARE 13,,,,,
Communications - Copper,checklist,,,,,,SPARE 14,,,,,
Communications - Copper,checklist,,,,,,SPARE 15,,,,,
Communications - Copper,checklist,,,,,,SPARE 16,,,,,
Communications - Copper,checklist,,,,,,SPARE 17,,,,,
Communications - Copper,checklist,,,,,,SPARE 18,,,,,
Communications - Copper,checklist,,,,,,SPARE 19,,,,,
,step,,,,Rack: 3140-3-PPC-00003,,,,,,,
Communications - Cabinet,checklist,,,,,Cabinet ITC,,,,,,
,step,,,,,Patch Panel: 3140-3-PPT-00001,,,,,,
Communications - Copper,checklist,,,,,,3140-3-001,,,,,
Communications - Copper,checklist,,,,,,3140-3-002,,,,,
Communications - Copper,checklist,,,,,,3140-3-003,,,,,
Communications - Copper,checklist,,,,,,3140-3-004,,,,,
Communications - Copper,checklist,,,,,,3140-3-005,,,,,
Communications - Copper,checklist,,,,,,3140-3-006,,,,,
Communications - Copper,checklist,,,,,,3140-3-007,,,,,
Communications - Copper,checklist,,,,,,3140-3-008,,,,,
Communications - Copper,checklist,,,,,,3140-3-009,,,,,
Communications - Copper,checklist,,,,,,3140-3-010,,,,,
Communications - Copper,checklist,,,,,,3140-3-011,,,,,
Communications - Copper,checklist,,,,,,3140-3-012,,,,,
Communications - Copper,checklist,,,,,,3140-3-013,,,,,
Communications - Copper,checklist,,,,,,3140-3-014,,,,,
Communications - Copper,checklist,,,,,,3140-3-015,,,,,
Communications - Copper,checklist,,,,,,3140-3-016,,,,,
Communications - Copper,checklist,,,,,,3140-3-017,,,,,
Communications - Copper,checklist,,,,,,3140-3-018,,,,,
Communications - Copper,checklist,,,,,,3140-3-019,,,,,
Communications - Copper,checklist,,,,,,3140-3-020,,,,,
Communications - Copper,checklist,,,,,,3140-3-021,,,,,
Communications - Copper,checklist,,,,,,3140-3-022,,,,,
Communications - Copper,checklist,,,,,,3140-3-023,,,,,
Communications - Copper,checklist,,,,,,3140-3-024,,,,,
,step,,,,,Patch Panel: 3140-3-PPT-00002,,,,,,
Communications - Copper,checklist,,,,,,3140-3-025,,,,,
Communications - Copper,checklist,,,,,,3140-3-026,,,,,
Communications - Copper,checklist,,,,,,3140-3-027,,,,,
Communications - Copper,checklist,,,,,,3140-3-028,,,,,
Communications - Copper,checklist,,,,,,3140-3-029,,,,,
Communications - Copper,checklist,,,,,,3140-3-030,,,,,
Communications - Copper,checklist,,,,,,3140-3-031,,,,,
Communications - Copper,checklist,,,,,,3140-3-032,,,,,
Communications - Copper,checklist,,,,,,3140-3-033,,,,,
Communications - Copper,checklist,,,,,,3140-3-034,,,,,
Communications - Copper,checklist,,,,,,3140-3-035,,,,,
Communications - Copper,checklist,,,,,,3140-3-036,,,,,
Communications - Copper,checklist,,,,,,3140-3-037,,,,,
Communications - Copper,checklist,,,,,,3140-3-038,,,,,
Communications - Copper,checklist,,,,,,3140-3-039,,,,,
Communications - Copper,checklist,,,,,,3140-3-040,,,,,
Communications - Copper,checklist,,,,,,3140-3-041,,,,,
Communications - Copper,checklist,,,,,,3140-3-042,,,,,
Communications - Copper,checklist,,,,,,3140-3-043,,,,,
Communications - Copper,checklist,,,,,,3140-3-044,,,,,
Communications - Copper,checklist,,,,,,3140-3-045,,,,,
Communications - Copper,checklist,,,,,,3140-3-046,,,,,
Communications - Copper,checklist,,,,,,3140-3-047,,,,,
Communications - Copper,checklist,,,,,,3140-3-048,,,,,
,step,,,,,Patch Panel: 3140-3-PPT-00003,,,,,,
Communications - Copper,checklist,,,,,,3140-3-049,,,,,
Communications - Copper,checklist,,,,,,3140-3-050,,,,,
Communications - Copper,checklist,,,,,,3140-3-051,,,,,
Communications - Copper,checklist,,,,,,3140-3-052,,,,,
Communications - Copper,checklist,,,,,,3140-3-053,,,,,
Communications - Copper,checklist,,,,,,3140-3-054,,,,,
Communications - Copper,checklist,,,,,,3140-3-055,,,,,
Communications - Copper,checklist,,,,,,3140-3-056,,,,,
Communications - Copper,checklist,,,,,,3140-3-057,,,,,
Communications - Copper,checklist,,,,,,3140-3-058,,,,,
Communications - Copper,checklist,,,,,,3140-3-059,,,,,
Communications - Copper,checklist,,,,,,SPARE 1,,,,,
Communications - Copper,checklist,,,,,,SPARE 2,,,,,
Communications - Copper,checklist,,,,,,SPARE 3,,,,,
Communications - Copper,checklist,,,,,,SPARE 4,,,,,
Communications - Copper,checklist,,,,,,SPARE 5,,,,,
Communications - Copper,checklist,,,,,,SPARE 6,,,,,
Communications - Copper,checklist,,,,,,SPARE 7,,,,,
Communications - Copper,checklist,,,,,,SPARE 8,,,,,
Communications - Copper,checklist,,,,,,SPARE 9,,,,,
Communications - Copper,checklist,,,,,,SPARE 10,,,,,
Communications - Copper,checklist,,,,,,SPARE 11,,,,,
Communications - Copper,checklist,,,,,,SPARE 12,,,,,
Communications - Copper,checklist,,,,,,SPARE 13,,,,,
,step,,,,Rack: 3140-4-PPC-00004,,,,,,,
Communications - Cabinet,checklist,,,,,Cabinet ITC,,,,,,
,step,,,,,Patch Panel: 3140-4-PPT-00001,,,,,,
Communications - Copper,checklist,,,,,,3140-4-001,,,,,
Communications - Copper,checklist,,,,,,3140-4-002,,,,,
Communications - Copper,checklist,,,,,,3140-4-003,,,,,
Communications - Copper,checklist,,,,,,3140-4-004,,,,,
Communications - Copper,checklist,,,,,,3140-4-005,,,,,
Communications - Copper,checklist,,,,,,3140-4-006,,,,,
Communications - Copper,checklist,,,,,,3140-4-007,,,,,
Communications - Copper,checklist,,,,,,3140-4-008,,,,,
Communications - Copper,checklist,,,,,,3140-4-009,,,,,
Communications - Copper,checklist,,,,,,3140-4-010,,,,,
Communications - Copper,checklist,,,,,,3140-4-011,,,,,
Communications - Copper,checklist,,,,,,3140-4-012,,,,,
Communications - Copper,checklist,,,,,,3140-4-013,,,,,
Communications - Copper,checklist,,,,,,3140-4-014,,,,,
Communications - Copper,checklist,,,,,,3140-4-015,,,,,
Communications - Copper,checklist,,,,,,3140-4-016,,,,,
Communications - Copper,checklist,,,,,,3140-4-017,,,,,
Communications - Copper,checklist,,,,,,3140-4-018,,,,,
Communications - Copper,checklist,,,,,,3140-4-019,,,,,
Communications - Copper,checklist,,,,,,3140-4-020,,,,,
Communications - Copper,checklist,,,,,,3140-4-021,,,,,
Communications - Copper,checklist,,,,,,3140-4-022,,,,,
Communications - Copper,checklist,,,,,,3140-4-023,,,,,
Communications - Copper,checklist,,,,,,3140-4-024,,,,,
,step,,,,,Patch Panel: 3140-4-PPT-00002,,,,,,
Communications - Copper,checklist,,,,,,3140-4-025,,,,,
Communications - Copper,checklist,,,,,,3140-4-026,,,,,
Communications - Copper,checklist,,,,,,3140-4-027,,,,,
Communications - Copper,checklist,,,,,,3140-4-028,,,,,
Communications - Copper,checklist,,,,,,3140-4-029,,,,,
Communications - Copper,checklist,,,,,,3140-4-030,,,,,
Communications - Copper,checklist,,,,,,3140-4-031,,,,,
Communications - Copper,checklist,,,,,,3140-4-032,,,,,
Communications - Copper,checklist,,,,,,3140-4-033,,,,,
Communications - Copper,checklist,,,,,,3140-4-034,,,,,
Communications - Copper,checklist,,,,,,3140-4-035,,,,,
Communications - Copper,checklist,,,,,,3140-4-036,,,,,
Communications - Copper,checklist,,,,,,3140-4-037,,,,,
Communications - Copper,checklist,,,,,,3140-4-038,,,,,
Communications - Copper,checklist,,,,,,3140-4-039,,,,,
Communications - Copper,checklist,,,,,,3140-4-040,,,,,
Communications - Copper,checklist,,,,,,3140-4-041,,,,,
Communications - Copper,checklist,,,,,,3140-4-042,,,,,
Communications - Copper,checklist,,,,,,3140-4-043,,,,,
Communications - Copper,checklist,,,,,,3140-4-044,,,,,
Communications - Copper,checklist,,,,,,3140-4-045,,,,,
Communications - Copper,checklist,,,,,,3140-4-046,,,,,
Communications - Copper,checklist,,,,,,SPARE 1,,,,,
Communications - Copper,checklist,,,,,,SPARE 2,,,,,
,step,,,,,Patch Panel: 3140-4-PPT-00003,,,,,,
Communications - Copper,checklist,,,,,,SPARE 1,,,,,
Communications - Copper,checklist,,,,,,SPARE 2,,,,,
Communications - Copper,checklist,,,,,,SPARE 3,,,,,
Communications - Copper,checklist,,,,,,SPARE 4,,,,,
Communications - Copper,checklist,,,,,,SPARE 5,,,,,
Communications - Copper,checklist,,,,,,SPARE 6,,,,,
Communications - Copper,checklist,,,,,,SPARE 7,,,,,
Communications - Copper,checklist,,,,,,SPARE 8,,,,,
Communications - Copper,checklist,,,,,,SPARE 9,,,,,
Communications - Copper,checklist,,,,,,SPARE 10,,,,,
Communications - Copper,checklist,,,,,,SPARE 11,,,,,
Communications - Copper,checklist,,,,,,SPARE 12,,,,,
Communications - Copper,checklist,,,,,,SPARE 13,,,,,
Communications - Copper,checklist,,,,,,SPARE 14,,,,,
Communications - Copper,checklist,,,,,,SPARE 15,,,,,
Communications - Copper,checklist,,,,,,SPARE 16,,,,,
Communications - Copper,checklist,,,,,,SPARE 17,,,,,
Communications - Copper,checklist,,,,,,SPARE 18,,,,,
Communications - Copper,checklist,,,,,,SPARE 19,,,,,
Communications - Copper,checklist,,,,,,SPARE 20,,,,,
Communications - Copper,checklist,,,,,,SPARE 21,,,,,
Communications - Copper,checklist,,,,,,SPARE 22,,,,,
Communications - Copper,checklist,,,,,,SPARE 23,,,,,
Communications - Copper,checklist,,,,,,SPARE 24,,,,,
,step,,,,Rack: 3140-5-PPC-00005,,,,,,,
Communications - Cabinet,checklist,,,,,Cabinet ITC,,,,,,
,step,,,,,Patch Panel: 3140-5-PPT-00001,,,,,,
Communications - Copper,checklist,,,,,,3140-5-001,,,,,
Communications - Copper,checklist,,,,,,3140-5-002,,,,,
Communications - Copper,checklist,,,,,,3140-5-003,,,,,
Communications - Copper,checklist,,,,,,3140-5-004,,,,,
Communications - Copper,checklist,,,,,,3140-5-005,,,,,
Communications - Copper,checklist,,,,,,3140-5-006,,,,,
Communications - Copper,checklist,,,,,,3140-5-007,,,,,
Communications - Copper,checklist,,,,,,3140-5-008,,,,,
Communications - Copper,checklist,,,,,,3140-5-009,,,,,
Communications - Copper,checklist,,,,,,3140-5-010,,,,,
Communications - Copper,checklist,,,,,,3140-5-011,,,,,
Communications - Copper,checklist,,,,,,3140-5-012,,,,,
Communications - Copper,checklist,,,,,,3140-5-013,,,,,
Communications - Copper,checklist,,,,,,3140-5-014,,,,,
Communications - Copper,checklist,,,,,,3140-5-015,,,,,
Communications - Copper,checklist,,,,,,3140-5-016,,,,,
Communications - Copper,checklist,,,,,,3140-5-017,,,,,
Communications - Copper,checklist,,,,,,3140-5-018,,,,,
Communications - Copper,checklist,,,,,,3140-5-019,,,,,
Communications - Copper,checklist,,,,,,3140-5-020,,,,,
Communications - Copper,checklist,,,,,,3140-5-021,,,,,
Communications - Copper,checklist,,,,,,3140-5-022,,,,,
Communications - Copper,checklist,,,,,,3140-5-023,,,,,
Communications - Copper,checklist,,,,,,3140-5-024,,,,,
,step,,,,,Patch Panel: 3140-5-PPT-00002,,,,,,
Communications - Copper,checklist,,,,,,3140-5-025,,,,,
Communications - Copper,checklist,,,,,,3140-5-026,,,,,
Communications - Copper,checklist,,,,,,3140-5-027,,,,,
Communications - Copper,checklist,,,,,,3140-5-028,,,,,
Communications - Copper,checklist,,,,,,3140-5-029,,,,,
Communications - Copper,checklist,,,,,,3140-5-030,,,,,
Communications - Copper,checklist,,,,,,3140-5-031,,,,,
Communications - Copper,checklist,,,,,,3140-5-032,,,,,
Communications - Copper,checklist,,,,,,3140-5-033,,,,,
Communications - Copper,checklist,,,,,,3140-5-034,,,,,
Communications - Copper,checklist,,,,,,3140-5-035,,,,,
Communications - Copper,checklist,,,,,,3140-5-036,,,,,
Communications - Copper,checklist,,,,,,3140-5-037,,,,,
Communications - Copper,checklist,,,,,,3140-5-038,,,,,
Communications - Copper,checklist,,,,,,3140-5-039,,,,,
Communications - Copper,checklist,,,,,,3140-5-040,,,,,
Communications - Copper,checklist,,,,,,3140-5-041,,,,,
Communications - Copper,checklist,,,,,,3140-5-042,,,,,
Communications - Copper,checklist,,,,,,3140-5-043,,,,,
Communications - Copper,checklist,,,,,,3140-5-044,,,,,
Communications - Copper,checklist,,,,,,3140-5-045,,,,,
Communications - Copper,checklist,,,,,,3140-5-046,,,,,
Communications - Copper,checklist,,,,,,3140-5-047,,,,,
Communications - Copper,checklist,,,,,,3140-5-048,,,,,
,step,,,,,Patch Panel: 3140-5-PPT-00003,,,,,,
Communications - Copper,checklist,,,,,,3140-5-049,,,,,
Communications - Copper,checklist,,,,,,3140-5-050,,,,,
Communications - Copper,checklist,,,,,,3140-5-051,,,,,
Communications - Copper,checklist,,,,,,3140-5-052,,,,,
Communications - Copper,checklist,,,,,,SPARE 1,,,,,
Communications - Copper,checklist,,,,,,SPARE 2,,,,,
Communications - Copper,checklist,,,,,,SPARE 3,,,,,
Communications - Copper,checklist,,,,,,SPARE 4,,,,,
Communications - Copper,checklist,,,,,,SPARE 5,,,,,
Communications - Copper,checklist,,,,,,SPARE 6,,,,,
Communications - Copper,checklist,,,,,,SPARE 7,,,,,
Communications - Copper,checklist,,,,,,SPARE 8,,,,,
Communications - Copper,checklist,,,,,,SPARE 9,,,,,
Communications - Copper,checklist,,,,,,SPARE 10,,,,,
Communications - Copper,checklist,,,,,,SPARE 11,,,,,
Communications - Copper,checklist,,,,,,SPARE 12,,,,,
Communications - Copper,checklist,,,,,,SPARE 13,,,,,
Communications - Copper,checklist,,,,,,SPARE 14,,,,,
Communications - Copper,checklist,,,,,,SPARE 15,,,,,
Communications - Copper,checklist,,,,,,SPARE 16,,,,,
Communications - Copper,checklist,,,,,,SPARE 17,,,,,
Communications - Copper,checklist,,,,,,SPARE 18,,,,,
Communications - Copper,checklist,,,,,,SPARE 19,,,,,
Communications - Copper,checklist,,,,,,SPARE 20,,,,,
,step,,,,Rack: 3140-6-PPC-00006,,,,,,,
Communications - Cabinet,checklist,,,,,Cabinet ITC,,,,,,
,step,,,,,Patch Panel: 3140-6-PPT-00001,,,,,,
Communications - Copper,checklist,,,,,,3140-6-001,,,,,
Communications - Copper,checklist,,,,,,3140-6-002,,,,,
Communications - Copper,checklist,,,,,,3140-6-003,,,,,
Communications - Copper,checklist,,,,,,3140-6-004,,,,,
Communications - Copper,checklist,,,,,,3140-6-005,,,,,
Communications - Copper,checklist,,,,,,3140-6-006,,,,,
Communications - Copper,checklist,,,,,,3140-6-007,,,,,
Communications - Copper,checklist,,,,,,3140-6-008,,,,,
Communications - Copper,checklist,,,,,,3140-6-009,,,,,
Communications - Copper,checklist,,,,,,3140-6-010,,,,,
Communications - Copper,checklist,,,,,,3140-6-011,,,,,
Communications - Copper,checklist,,,,,,3140-6-012,,,,,
Communications - Copper,checklist,,,,,,3140-6-013,,,,,
Communications - Copper,checklist,,,,,,3140-6-014,,,,,
Communications - Copper,checklist,,,,,,3140-6-015,,,,,
Communications - Copper,checklist,,,,,,3140-6-016,,,,,
Communications - Copper,checklist,,,,,,3140-6-017,,,,,
Communications - Copper,checklist,,,,,,3140-6-018,,,,,
Communications - Copper,checklist,,,,,,3140-6-019,,,,,
Communications - Copper,checklist,,,,,,3140-6-020,,,,,
Communications - Copper,checklist,,,,,,3140-6-021,,,,,
Communications - Copper,checklist,,,,,,3140-6-022,,,,,
Communications - Copper,checklist,,,,,,3140-6-023,,,,,
Communications - Copper,checklist,,,,,,3140-6-024,,,,,
,step,,,,,Patch Panel: 3140-6-PPT-00002,,,,,,
Communications - Copper,checklist,,,,,,3140-6-025,,,,,
Communications - Copper,checklist,,,,,,3140-6-026,,,,,
Communications - Copper,checklist,,,,,,3140-6-027,,,,,
Communications - Copper,checklist,,,,,,3140-6-028,,,,,
Communications - Copper,checklist,,,,,,3140-6-029,,,,,
Communications - Copper,checklist,,,,,,3140-6-030,,,,,
Communications - Copper,checklist,,,,,,3140-6-031,,,,,
Communications - Copper,checklist,,,,,,3140-6-032,,,,,
Communications - Copper,checklist,,,,,,3140-6-033,,,,,
Communications - Copper,checklist,,,,,,3140-6-034,,,,,
Communications - Copper,checklist,,,,,,3140-6-035,,,,,
Communications - Copper,checklist,,,,,,3140-6-036,,,,,
Communications - Copper,checklist,,,,,,3140-6-037,,,,,
Communications - Copper,checklist,,,,,,3140-6-038,,,,,
Communications - Copper,checklist,,,,,,3140-6-039,,,,,
Communications - Copper,checklist,,,,,,3140-6-040,,,,,
Communications - Copper,checklist,,,,,,3140-6-041,,,,,
Communications - Copper,checklist,,,,,,3140-6-042,,,,,
Communications - Copper,checklist,,,,,,3140-6-043,,,,,
Communications - Copper,checklist,,,,,,3140-6-044,,,,,
Communications - Copper,checklist,,,,,,3140-6-045,,,,,
Communications - Copper,checklist,,,,,,3140-6-046,,,,,
Communications - Copper,checklist,,,,,,3140-6-047,,,,,
Communications - Copper,checklist,,,,,,3140-6-048,,,,,
,step,,,,,Patch Panel: 3140-6-PPT-00003,,,,,,
Communications - Copper,checklist,,,,,,3140-6-049,,,,,
Communications - Copper,checklist,,,,,,3140-6-050,,,,,
Communications - Copper,checklist,,,,,,3140-6-051,,,,,
Communications - Copper,checklist,,,,,,3140-6-052,,,,,
Communications - Copper,checklist,,,,,,3140-6-053,,,,,
Communications - Copper,checklist,,,,,,3140-6-054,,,,,
Communications - Copper,checklist,,,,,,3140-6-055,,,,,
Communications - Copper,checklist,,,,,,3140-6-056,,,,,
Communications - Copper,checklist,,,,,,3140-6-057,,,,,
Communications - Copper,checklist,,,,,,3140-6-058,,,,,
Communications - Copper,checklist,,,,,,SPARE 1,,,,,
Communications - Copper,checklist,,,,,,SPARE 2,,,,,
Communications - Copper,checklist,,,,,,SPARE 3,,,,,
Communications - Copper,checklist,,,,,,SPARE 4,,,,,
Communications - Copper,checklist,,,,,,SPARE 5,,,,,
Communications - Copper,checklist,,,,,,SPARE 6,,,,,
Communications - Copper,checklist,,,,,,SPARE 7,,,,,
Communications - Copper,checklist,,,,,,SPARE 8,,,,,
Communications - Copper,checklist,,,,,,SPARE 9,,,,,
Communications - Copper,checklist,,,,,,SPARE 10,,,,,
Communications - Copper,checklist,,,,,,SPARE 11,,,,,
Communications - Copper,checklist,,,,,,SPARE 12,,,,,
Communications - Copper,checklist,,,,,,SPARE 13,,,,,
Communications - Copper,checklist,,,,,,SPARE 14,,,,,
,step,,,,Rack: 3140-7-PPC-00007,,,,,,,
Communications - Cabinet,checklist,,,,,Cabinet ITC,,,,,,
,step,,,,,Patch Panel: 3140-7-PPT-00001,,,,,,
Communications - Copper,checklist,,,,,,3140-7-001,,,,,
Communications - Copper,checklist,,,,,,3140-7-002,,,,,
Communications - Copper,checklist,,,,,,3140-7-003,,,,,
Communications - Copper,checklist,,,,,,3140-7-004,,,,,
Communications - Copper,checklist,,,,,,3140-7-005,,,,,
Communications - Copper,checklist,,,,,,3140-7-006,,,,,
Communications - Copper,checklist,,,,,,SPARE 1,,,,,
Communications - Copper,checklist,,,,,,SPARE 2,,,,,
Communications - Copper,checklist,,,,,,SPARE 3,,,,,
Communications - Copper,checklist,,,,,,SPARE 4,,,,,
Communications - Copper,checklist,,,,,,SPARE 5,,,,,
Communications - Copper,checklist,,,,,,SPARE 6,,,,,
Communications - Copper,checklist,,,,,,SPARE 7,,,,,
Communications - Copper,checklist,,,,,,SPARE 8,,,,,
Communications - Copper,checklist,,,,,,SPARE 9,,,,,
Communications - Copper,checklist,,,,,,SPARE 10,,,,,
Communications - Copper,checklist,,,,,,SPARE 11,,,,,
Communications - Copper,checklist,,,,,,SPARE 12,,,,,
Communications - Copper,checklist,,,,,,SPARE 13,,,,,
Communications - Copper,checklist,,,,,,SPARE 14,,,,,
Communications - Copper,checklist,,,,,,SPARE 15,,,,,
Communications - Copper,checklist,,,,,,SPARE 16,,,,,
Communications - Copper,checklist,,,,,,SPARE 17,,,,,
Communications - Copper,checklist,,,,,,SPARE 18,,,,,
